%# Temperature = 251.000 K, FWHM = 1.00000 nm  (~ Spaltbreite)
%# Wavelength (nm), unconv. spectr., convolv. spectr.
1515.00    1.9646E+00    1.0050E-01
1515.05    0.0000E+00    9.9317E-02
1515.10    0.0000E+00    9.6945E-02
1515.15    0.0000E+00    9.3456E-02
1515.20    0.0000E+00    8.8959E-02
1515.25    0.0000E+00    8.3600E-02
1515.30    0.0000E+00    7.7552E-02
1515.35    0.0000E+00    7.1008E-02
1515.40    0.0000E+00    6.4164E-02
1515.45    0.0000E+00    5.7216E-02
1515.50    0.0000E+00    5.0344E-02
1515.55    0.0000E+00    4.3707E-02
1515.60    0.0000E+00    3.7437E-02
1515.65    0.0000E+00    3.1636E-02
1515.70    0.0000E+00    2.6373E-02
1515.75    0.0000E+00    2.1689E-02
1515.80    0.0000E+00    1.7595E-02
1515.85    0.0000E+00    1.4080E-02
1515.90    0.0000E+00    1.1115E-02
1515.95    0.0000E+00    8.6553E-03
1516.00    0.0000E+00    6.6487E-03
1516.05    0.0000E+00    5.0385E-03
1516.10    0.0000E+00    3.7671E-03
1516.15    0.0000E+00    2.7793E-03
1516.20    0.0000E+00    2.0240E-03
1516.25    0.0000E+00    1.4554E-03
1516.30    0.0000E+00    1.0340E-03
1516.35    0.0000E+00    7.2658E-04
1516.40    0.0000E+00    5.0574E-04
1516.45    0.0000E+00    3.4953E-04
1516.50    0.0000E+00    2.4073E-04
1516.55    0.0000E+00    1.6614E-04
1516.60    4.1053E-04    1.1587E-04
1516.65    0.0000E+00    8.2662E-05
1516.70    0.0000E+00    6.1359E-05
1516.75    0.0000E+00    4.8431E-05
1516.80    0.0000E+00    4.1599E-05
1516.85    0.0000E+00    3.9566E-05
1516.90    0.0000E+00    4.1820E-05
1516.95    0.0000E+00    4.8515E-05
1517.00    0.0000E+00    6.0414E-05
1517.05    0.0000E+00    7.8892E-05
1517.10    0.0000E+00    1.0599E-04
1517.15    0.0000E+00    1.4453E-04
1517.20    0.0000E+00    1.9830E-04
1517.25    0.0000E+00    2.7229E-04
1517.30    0.0000E+00    3.7310E-04
1517.35    0.0000E+00    5.0946E-04
1517.40    0.0000E+00    6.9298E-04
1517.45    0.0000E+00    9.3925E-04
1517.50    0.0000E+00    1.2693E-03
1517.55    0.0000E+00    1.7119E-03
1517.60    0.0000E+00    2.3062E-03
1517.65    0.0000E+00    3.1057E-03
1517.70    0.0000E+00    4.1833E-03
1517.75    0.0000E+00    5.6376E-03
1517.80    0.0000E+00    7.6010E-03
1517.85    0.0000E+00    1.0249E-02
1517.90    0.0000E+00    1.3809E-02
1517.95    0.0000E+00    1.8577E-02
1518.00    0.0000E+00    2.4921E-02
1518.05    0.0000E+00    3.3301E-02
1518.10    0.0000E+00    4.4267E-02
1518.15    0.0000E+00    5.8472E-02
1518.20    0.0000E+00    7.6662E-02
1518.25    0.0000E+00    9.9667E-02
1518.30    1.1695E-01    1.2838E-01
1518.35    0.0000E+00    1.6371E-01
1518.40    0.0000E+00    2.0655E-01
1518.45    0.0000E+00    2.5771E-01
1518.50    0.0000E+00    3.1781E-01
1518.55    0.0000E+00    3.8726E-01
1518.60    0.0000E+00    4.6610E-01
1518.65    0.0000E+00    5.5399E-01
1518.70    0.0000E+00    6.5010E-01
1518.75    0.0000E+00    7.5306E-01
1518.80    5.0928E-01    8.6098E-01
1518.85    0.0000E+00    9.7144E-01
1518.90    0.0000E+00    1.0816E+00
1518.95    0.0000E+00    1.1882E+00
1519.00    0.0000E+00    1.2879E+00
1519.05    0.0000E+00    1.3772E+00
1519.10    0.0000E+00    1.4528E+00
1519.15    0.0000E+00    1.5119E+00
1519.20    0.0000E+00    1.5520E+00
1519.25    3.3196E+01    1.5716E+00
1519.30    0.0000E+00    1.5698E+00
1519.35    0.0000E+00    1.5466E+00
1519.40    0.0000E+00    1.5030E+00
1519.45    0.0000E+00    1.4406E+00
1519.50    0.0000E+00    1.3620E+00
1519.55    0.0000E+00    1.2700E+00
1519.60    0.0000E+00    1.1680E+00
1519.65    0.0000E+00    1.0595E+00
1519.70    0.0000E+00    9.4790E-01
1519.75    0.0000E+00    8.3641E-01
1519.80    0.0000E+00    7.2791E-01
1519.85    0.0000E+00    6.2478E-01
1519.90    0.0000E+00    5.2890E-01
1519.95    0.0000E+00    4.4158E-01
1520.00    0.0000E+00    3.6361E-01
1520.05    0.0000E+00    2.9529E-01
1520.10    0.0000E+00    2.3652E-01
1520.15    0.0000E+00    1.8683E-01
1520.20    0.0000E+00    1.4556E-01
1520.25    0.0000E+00    1.1184E-01
1520.30    0.0000E+00    8.4751E-02
1520.35    0.0000E+00    6.3340E-02
1520.40    0.0000E+00    4.6687E-02
1520.45    0.0000E+00    3.3939E-02
1520.50    0.0000E+00    2.4332E-02
1520.55    0.0000E+00    1.7204E-02
1520.60    0.0000E+00    1.1997E-02
1520.65    0.0000E+00    8.2511E-03
1520.70    0.0000E+00    5.5966E-03
1520.75    0.0000E+00    3.7438E-03
1520.80    0.0000E+00    2.4699E-03
1520.85    0.0000E+00    1.6071E-03
1520.90    0.0000E+00    1.0313E-03
1520.95    0.0000E+00    6.5273E-04
1521.00    0.0000E+00    4.0749E-04
1521.05    0.0000E+00    2.5098E-04
1521.10    0.0000E+00    1.5260E-04
1521.15    0.0000E+00    9.1742E-05
1521.20    0.0000E+00    5.4766E-05
1521.25    0.0000E+00    3.2822E-05
1521.30    0.0000E+00    2.0284E-05
1521.35    0.0000E+00    1.3670E-05
1521.40    0.0000E+00    1.0912E-05
1521.45    0.0000E+00    1.0867E-05
1521.50    0.0000E+00    1.3010E-05
1521.55    0.0000E+00    1.7235E-05
1521.60    0.0000E+00    2.3745E-05
1521.65    0.0000E+00    3.2985E-05
1521.70    0.0000E+00    4.5611E-05
1521.75    0.0000E+00    6.2476E-05
1521.80    0.0000E+00    8.4626E-05
1521.85    0.0000E+00    1.1329E-04
1521.90    0.0000E+00    1.4990E-04
1521.95    0.0000E+00    1.9604E-04
1522.00    0.0000E+00    2.5346E-04
1522.05    0.0000E+00    3.2406E-04
1522.10    0.0000E+00    4.0983E-04
1522.15    0.0000E+00    5.1284E-04
1522.20    0.0000E+00    6.3518E-04
1522.25    0.0000E+00    7.7899E-04
1522.30    0.0000E+00    9.4637E-04
1522.35    0.0000E+00    1.1395E-03
1522.40    0.0000E+00    1.3607E-03
1522.45    0.0000E+00    1.6126E-03
1522.50    0.0000E+00    1.8987E-03
1522.55    0.0000E+00    2.2241E-03
1522.60    0.0000E+00    2.5963E-03
1522.65    0.0000E+00    3.0275E-03
1522.70    0.0000E+00    3.5369E-03
1522.75    0.0000E+00    4.1551E-03
1522.80    2.9853E-02    4.9291E-03
1522.85    0.0000E+00    5.9310E-03
1522.90    0.0000E+00    7.2676E-03
1522.95    0.0000E+00    9.0949E-03
1523.00    0.0000E+00    1.1635E-02
1523.05    0.0000E+00    1.5200E-02
1523.10    0.0000E+00    2.0212E-02
1523.15    0.0000E+00    2.7239E-02
1523.20    0.0000E+00    3.7022E-02
1523.25    0.0000E+00    5.0508E-02
1523.30    1.1325E-01    6.8882E-02
1523.35    0.0000E+00    9.3583E-02
1523.40    0.0000E+00    1.2632E-01
1523.45    0.0000E+00    1.6907E-01
1523.50    0.0000E+00    2.2404E-01
1523.55    0.0000E+00    2.9360E-01
1523.60    0.0000E+00    3.8021E-01
1523.65    0.0000E+00    4.8628E-01
1523.70    0.0000E+00    6.1399E-01
1523.75    0.0000E+00    7.6511E-01
1523.80    0.0000E+00    9.4078E-01
1523.85    0.0000E+00    1.1413E+00
1523.90    0.0000E+00    1.3658E+00
1523.95    0.0000E+00    1.6122E+00
1524.00    0.0000E+00    1.8772E+00
1524.05    0.0000E+00    2.1558E+00
1524.10    0.0000E+00    2.4419E+00
1524.15    0.0000E+00    2.7280E+00
1524.20    0.0000E+00    3.0057E+00
1524.25    0.0000E+00    3.2662E+00
1524.30    0.0000E+00    3.5005E+00
1524.35    0.0000E+00    3.7000E+00
1524.40    0.0000E+00    3.8570E+00
1524.45    0.0000E+00    3.9654E+00
1524.50    8.5744E+01    4.0207E+00
1524.55    0.0000E+00    4.0207E+00
1524.60    0.0000E+00    3.9653E+00
1524.65    0.0000E+00    3.8568E+00
1524.70    0.0000E+00    3.6997E+00
1524.75    0.0000E+00    3.5001E+00
1524.80    0.0000E+00    3.2657E+00
1524.85    0.0000E+00    3.0051E+00
1524.90    0.0000E+00    2.7272E+00
1524.95    0.0000E+00    2.4409E+00
1525.00    0.0000E+00    2.1546E+00
1525.05    0.0000E+00    1.8757E+00
1525.10    0.0000E+00    1.6104E+00
1525.15    0.0000E+00    1.3636E+00
1525.20    0.0000E+00    1.1387E+00
1525.25    0.0000E+00    9.3783E-01
1525.30    0.0000E+00    7.6176E-01
1525.35    0.0000E+00    6.1022E-01
1525.40    0.0000E+00    4.8210E-01
1525.45    0.0000E+00    3.7563E-01
1525.50    0.0000E+00    2.8865E-01
1525.55    0.0000E+00    2.1876E-01
1525.60    0.0000E+00    1.6350E-01
1525.65    0.0000E+00    1.2052E-01
1525.70    0.0000E+00    8.7620E-02
1525.75    0.0000E+00    6.2822E-02
1525.80    0.0000E+00    4.4422E-02
1525.85    0.0000E+00    3.0978E-02
1525.90    0.0000E+00    2.1306E-02
1525.95    0.0000E+00    1.4452E-02
1526.00    0.0000E+00    9.6678E-03
1526.05    0.0000E+00    6.3784E-03
1526.10    0.0000E+00    4.1502E-03
1526.15    0.0000E+00    2.6633E-03
1526.20    0.0000E+00    1.6855E-03
1526.25    0.0000E+00    1.0521E-03
1526.30    0.0000E+00    6.4768E-04
1526.35    0.0000E+00    3.9329E-04
1526.40    0.0000E+00    2.3560E-04
1526.45    0.0000E+00    1.3932E-04
1526.50    0.0000E+00    8.1436E-05
1526.55    0.0000E+00    4.7232E-05
1526.60    0.0000E+00    2.7445E-05
1526.65    0.0000E+00    1.6356E-05
1526.70    0.0000E+00    1.0511E-05
1526.75    0.0000E+00    7.8813E-06
1526.80    0.0000E+00    7.3245E-06
1526.85    0.0000E+00    8.2521E-06
1526.90    0.0000E+00    1.0424E-05
1526.95    0.0000E+00    1.3828E-05
1527.00    0.0000E+00    1.8623E-05
1527.05    0.0000E+00    2.5113E-05
1527.10    0.0000E+00    3.3762E-05
1527.15    0.0000E+00    4.5241E-05
1527.20    0.0000E+00    6.0527E-05
1527.25    0.0000E+00    8.1061E-05
1527.30    0.0000E+00    1.0902E-04
1527.35    0.0000E+00    1.4771E-04
1527.40    0.0000E+00    2.0227E-04
1527.45    0.0000E+00    2.8054E-04
1527.50    0.0000E+00    3.9458E-04
1527.55    0.0000E+00    5.6264E-04
1527.60    0.0000E+00    8.1206E-04
1527.65    0.0000E+00    1.1832E-03
1527.70    0.0000E+00    1.7349E-03
1527.75    0.0000E+00    2.5509E-03
1527.80    0.0000E+00    3.7493E-03
1527.85    0.0000E+00    5.4929E-03
1527.90    0.0000E+00    8.0019E-03
1527.95    0.0000E+00    1.1569E-02
1528.00    6.3564E-03    1.6575E-02
1528.05    0.0000E+00    2.3504E-02
1528.10    0.0000E+00    3.2961E-02
1528.15    0.0000E+00    4.5679E-02
1528.20    0.0000E+00    6.2529E-02
1528.25    0.0000E+00    8.4515E-02
1528.30    0.0000E+00    1.1276E-01
1528.35    0.0000E+00    1.4847E-01
1528.40    0.0000E+00    1.9290E-01
1528.45    0.0000E+00    2.4727E-01
1528.50    2.1498E-02    3.1270E-01
1528.55    0.0000E+00    3.9010E-01
1528.60    0.0000E+00    4.8005E-01
1528.65    0.0000E+00    5.8269E-01
1528.70    0.0000E+00    6.9764E-01
1528.75    0.0000E+00    8.2384E-01
1528.80    0.0000E+00    9.5958E-01
1528.85    0.0000E+00    1.1024E+00
1528.90    0.0000E+00    1.2491E+00
1528.95    0.0000E+00    1.3959E+00
1529.00    0.0000E+00    1.5386E+00
1529.05    0.0000E+00    1.6727E+00
1529.10    0.0000E+00    1.7935E+00
1529.15    0.0000E+00    1.8967E+00
1529.20    0.0000E+00    1.9784E+00
1529.25    2.0602E-01    2.0353E+00
1529.30    4.3406E+01    2.0651E+00
1529.35    0.0000E+00    2.0667E+00
1529.40    0.0000E+00    2.0400E+00
1529.45    0.0000E+00    1.9861E+00
1529.50    0.0000E+00    1.9072E+00
1529.55    0.0000E+00    1.8064E+00
1529.60    5.6191E-01    1.6876E+00
1529.65    0.0000E+00    1.5552E+00
1529.70    0.0000E+00    1.4136E+00
1529.75    0.0000E+00    1.2675E+00
1529.80    0.0000E+00    1.1210E+00
1529.85    0.0000E+00    9.7809E-01
1529.90    0.0000E+00    8.4188E-01
1529.95    0.0000E+00    7.1490E-01
1530.00    0.0000E+00    5.9896E-01
1530.05    0.0000E+00    4.9517E-01
1530.10    0.0000E+00    4.0398E-01
1530.15    0.0000E+00    3.2531E-01
1530.20    0.0000E+00    2.5863E-01
1530.25    6.1079E-02    2.0309E-01
1530.30    0.0000E+00    1.5760E-01
1530.35    0.0000E+00    1.2099E-01
1530.40    0.0000E+00    9.2029E-02
1530.45    0.0000E+00    6.9548E-02
1530.50    0.0000E+00    5.2452E-02
1530.55    0.0000E+00    3.9764E-02
1530.60    0.0000E+00    3.0641E-02
1530.65    0.0000E+00    2.4376E-02
1530.70    0.0000E+00    2.0390E-02
1530.75    0.0000E+00    1.8219E-02
1530.80    0.0000E+00    1.7500E-02
1530.85    0.0000E+00    1.7946E-02
1530.90    0.0000E+00    1.9335E-02
1530.95    0.0000E+00    2.1485E-02
1531.00    0.0000E+00    2.4242E-02
1531.05    0.0000E+00    2.7471E-02
1531.10    0.0000E+00    3.1037E-02
1531.15    0.0000E+00    3.4811E-02
1531.20    0.0000E+00    3.8657E-02
1531.25    0.0000E+00    4.2436E-02
1531.30    0.0000E+00    4.6009E-02
1531.35    0.0000E+00    4.9240E-02
1531.40    0.0000E+00    5.2004E-02
1531.45    0.0000E+00    5.4187E-02
1531.50    0.0000E+00    5.5702E-02
1531.55    1.2021E+00    5.6485E-02
1531.60    0.0000E+00    5.6506E-02
1531.65    0.0000E+00    5.5767E-02
1531.70    0.0000E+00    5.4308E-02
1531.75    0.0000E+00    5.2198E-02
1531.80    0.0000E+00    4.9543E-02
1531.85    0.0000E+00    4.6474E-02
1531.90    0.0000E+00    4.3153E-02
1531.95    0.0000E+00    3.9764E-02
1532.00    0.0000E+00    3.6521E-02
1532.05    0.0000E+00    3.3673E-02
1532.10    0.0000E+00    3.1510E-02
1532.15    0.0000E+00    3.0383E-02
1532.20    0.0000E+00    3.0723E-02
1532.25    0.0000E+00    3.3073E-02
1532.30    0.0000E+00    3.8115E-02
1532.35    0.0000E+00    4.6716E-02
1532.40    0.0000E+00    5.9957E-02
1532.45    1.4947E-02    7.9175E-02
1532.50    0.0000E+00    1.0599E-01
1532.55    0.0000E+00    1.4233E-01
1532.60    0.0000E+00    1.9039E-01
1532.65    0.0000E+00    2.5266E-01
1532.70    0.0000E+00    3.3182E-01
1532.75    0.0000E+00    4.3061E-01
1532.80    0.0000E+00    5.5176E-01
1532.85    0.0000E+00    6.9771E-01
1532.90    0.0000E+00    8.7046E-01
1532.95    0.0000E+00    1.0713E+00
1533.00    0.0000E+00    1.3004E+00
1533.05    0.0000E+00    1.5570E+00
1533.10    0.0000E+00    1.8387E+00
1533.15    0.0000E+00    2.1415E+00
1533.20    0.0000E+00    2.4598E+00
1533.25    0.0000E+00    2.7866E+00
1533.30    0.0000E+00    3.1134E+00
1533.35    0.0000E+00    3.4306E+00
1533.40    0.0000E+00    3.7281E+00
1533.45    0.0000E+00    3.9957E+00
1533.50    0.0000E+00    4.2235E+00
1533.55    0.0000E+00    4.4028E+00
1533.60    0.0000E+00    4.5266E+00
1533.65    9.7883E+01    4.5898E+00
1533.70    0.0000E+00    4.5898E+00
1533.75    0.0000E+00    4.5266E+00
1533.80    0.0000E+00    4.4028E+00
1533.85    0.0000E+00    4.2235E+00
1533.90    0.0000E+00    3.9956E+00
1533.95    0.0000E+00    3.7281E+00
1534.00    0.0000E+00    3.4305E+00
1534.05    0.0000E+00    3.1133E+00
1534.10    0.0000E+00    2.7864E+00
1534.15    0.0000E+00    2.4596E+00
1534.20    0.0000E+00    2.1412E+00
1534.25    0.0000E+00    1.8384E+00
1534.30    0.0000E+00    1.5566E+00
1534.35    0.0000E+00    1.2999E+00
1534.40    0.0000E+00    1.0706E+00
1534.45    0.0000E+00    8.6960E-01
1534.50    0.0000E+00    6.9661E-01
1534.55    0.0000E+00    5.5035E-01
1534.60    0.0000E+00    4.2882E-01
1534.65    0.0000E+00    3.2952E-01
1534.70    0.0000E+00    2.4973E-01
1534.75    0.0000E+00    1.8666E-01
1534.80    0.0000E+00    1.3760E-01
1534.85    0.0000E+00    1.0004E-01
1534.90    0.0000E+00    7.1732E-02
1534.95    0.0000E+00    5.0732E-02
1535.00    0.0000E+00    3.5391E-02
1535.05    0.0000E+00    2.4356E-02
1535.10    0.0000E+00    1.6538E-02
1535.15    0.0000E+00    1.1085E-02
1535.20    0.0000E+00    7.3388E-03
1535.25    0.0000E+00    4.8046E-03
1535.30    0.0000E+00    3.1171E-03
1535.35    0.0000E+00    2.0111E-03
1535.40    0.0000E+00    1.2982E-03
1535.45    0.0000E+00    8.4641E-04
1535.50    0.0000E+00    5.6524E-04
1535.55    0.0000E+00    3.9350E-04
1535.60    0.0000E+00    2.9057E-04
1535.65    0.0000E+00    2.2990E-04
1535.70    0.0000E+00    1.9443E-04
1535.75    3.0566E-03    1.7339E-04
1535.80    0.0000E+00    1.6012E-04
1535.85    0.0000E+00    1.5061E-04
1535.90    0.0000E+00    1.4252E-04
1535.95    0.0000E+00    1.3458E-04
1536.00    0.0000E+00    1.2620E-04
1536.05    0.0000E+00    1.1716E-04
1536.10    0.0000E+00    1.0751E-04
1536.15    0.0000E+00    9.7412E-05
1536.20    0.0000E+00    8.7110E-05
1536.25    0.0000E+00    7.6854E-05
1536.30    0.0000E+00    6.6887E-05
1536.35    0.0000E+00    5.7418E-05
1536.40    0.0000E+00    4.8614E-05
1536.45    0.0000E+00    4.0595E-05
1536.50    0.0000E+00    3.3433E-05
1536.55    0.0000E+00    2.7156E-05
1536.60    0.0000E+00    2.1753E-05
1536.65    0.0000E+00    1.7186E-05
1536.70    0.0000E+00    1.3391E-05
1536.75    0.0000E+00    1.0290E-05
1536.80    0.0000E+00    7.7983E-06
1536.85    0.0000E+00    5.8286E-06
1536.90    0.0000E+00    4.2965E-06
1536.95    0.0000E+00    3.1235E-06
1537.00    0.0000E+00    2.2395E-06
1537.05    0.0000E+00    1.5836E-06
1537.10    0.0000E+00    1.1043E-06
1537.15    0.0000E+00    7.5956E-07
1537.20    0.0000E+00    5.1527E-07
1537.25    0.0000E+00    3.4483E-07
1537.30    0.0000E+00    2.2780E-07
1537.35    0.0000E+00    1.4886E-07
1537.40    0.0000E+00    9.6907E-08
1537.45    0.0000E+00    6.4244E-08
1537.50    0.0000E+00    4.6173E-08
1537.55    0.0000E+00    4.0913E-08
1537.60    0.0000E+00    5.0167E-08
1537.65    0.0000E+00    8.0695E-08
1537.70    0.0000E+00    1.4757E-07
1537.75    0.0000E+00    2.8032E-07
1537.80    0.0000E+00    5.3392E-07
1537.85    0.0000E+00    1.0080E-06
1537.90    0.0000E+00    1.8798E-06
1537.95    0.0000E+00    3.4589E-06
1538.00    0.0000E+00    6.2778E-06
1538.05    0.0000E+00    1.1237E-05
1538.10    0.0000E+00    1.9838E-05
1538.15    0.0000E+00    3.4540E-05
1538.20    0.0000E+00    5.9310E-05
1538.25    0.0000E+00    1.0044E-04
1538.30    0.0000E+00    1.6776E-04
1538.35    0.0000E+00    2.7632E-04
1538.40    0.0000E+00    4.4889E-04
1538.45    0.0000E+00    7.1918E-04
1538.50    0.0000E+00    1.1364E-03
1538.55    0.0000E+00    1.7708E-03
1538.60    0.0000E+00    2.7216E-03
1538.65    0.0000E+00    4.1251E-03
1538.70    0.0000E+00    6.1664E-03
1538.75    0.0000E+00    9.0909E-03
1538.80    0.0000E+00    1.3218E-02
1538.85    0.0000E+00    1.8954E-02
1538.90    0.0000E+00    2.6805E-02
1538.95    0.0000E+00    3.7386E-02
1539.00    0.0000E+00    5.1426E-02
1539.05    0.0000E+00    6.9765E-02
1539.10    0.0000E+00    9.3340E-02
1539.15    0.0000E+00    1.2316E-01
1539.20    0.0000E+00    1.6028E-01
1539.25    0.0000E+00    2.0570E-01
1539.30    0.0000E+00    2.6037E-01
1539.35    0.0000E+00    3.2503E-01
1539.40    0.0000E+00    4.0016E-01
1539.45    0.0000E+00    4.8587E-01
1539.50    0.0000E+00    5.8182E-01
1539.55    0.0000E+00    6.8713E-01
1539.60    0.0000E+00    8.0032E-01
1539.65    0.0000E+00    9.1933E-01
1539.70    0.0000E+00    1.0415E+00
1539.75    0.0000E+00    1.1636E+00
1539.80    0.0000E+00    1.2822E+00
1539.85    0.0000E+00    1.3934E+00
1539.90    0.0000E+00    1.4934E+00
1539.95    0.0000E+00    1.5786E+00
1540.00    0.0000E+00    1.6456E+00
1540.05    0.0000E+00    1.6919E+00
1540.10    3.6586E+01    1.7155E+00
1540.15    0.0000E+00    1.7155E+00
1540.20    0.0000E+00    1.6919E+00
1540.25    0.0000E+00    1.6456E+00
1540.30    0.0000E+00    1.5786E+00
1540.35    0.0000E+00    1.4934E+00
1540.40    0.0000E+00    1.3934E+00
1540.45    0.0000E+00    1.2822E+00
1540.50    0.0000E+00    1.1636E+00
1540.55    0.0000E+00    1.0415E+00
1540.60    0.0000E+00    9.1933E-01
1540.65    0.0000E+00    8.0032E-01
1540.70    0.0000E+00    6.8713E-01
1540.75    0.0000E+00    5.8182E-01
1540.80    0.0000E+00    4.8587E-01
1540.85    0.0000E+00    4.0016E-01
1540.90    0.0000E+00    3.2503E-01
1540.95    0.0000E+00    2.6037E-01
1541.00    0.0000E+00    2.0570E-01
1541.05    0.0000E+00    1.6028E-01
1541.10    0.0000E+00    1.2316E-01
1541.15    0.0000E+00    9.3341E-02
1541.20    0.0000E+00    6.9765E-02
1541.25    0.0000E+00    5.1426E-02
1541.30    0.0000E+00    3.7387E-02
1541.35    0.0000E+00    2.6806E-02
1541.40    0.0000E+00    1.8956E-02
1541.45    0.0000E+00    1.3222E-02
1541.50    0.0000E+00    9.0979E-03
1541.55    0.0000E+00    6.1790E-03
1541.60    0.0000E+00    4.1476E-03
1541.65    0.0000E+00    2.7613E-03
1541.70    0.0000E+00    1.8401E-03
1541.75    0.0000E+00    1.2553E-03
1541.80    0.0000E+00    9.2058E-04
1541.85    0.0000E+00    7.8526E-04
1541.90    0.0000E+00    8.3038E-04
1541.95    0.0000E+00    1.0678E-03
1542.00    0.0000E+00    1.5425E-03
1542.05    0.0000E+00    2.3378E-03
1542.10    0.0000E+00    3.5853E-03
1542.15    0.0000E+00    5.4768E-03
1542.20    0.0000E+00    8.2825E-03
1542.25    0.0000E+00    1.2371E-02
1542.30    0.0000E+00    1.8232E-02
1542.35    0.0000E+00    2.6505E-02
1542.40    0.0000E+00    3.8006E-02
1542.45    0.0000E+00    5.3747E-02
1542.50    0.0000E+00    7.4963E-02
1542.55    0.0000E+00    1.0312E-01
1542.60    0.0000E+00    1.3989E-01
1542.65    0.0000E+00    1.8716E-01
1542.70    0.0000E+00    2.4696E-01
1542.75    0.0000E+00    3.2137E-01
1542.80    0.0000E+00    4.1246E-01
1542.85    0.0000E+00    5.2207E-01
1542.90    0.0000E+00    6.5172E-01
1542.95    0.0000E+00    8.0236E-01
1543.00    0.0000E+00    9.7422E-01
1543.05    0.0000E+00    1.1666E+00
1543.10    0.0000E+00    1.3778E+00
1543.15    0.0000E+00    1.6047E+00
1543.20    0.0000E+00    1.8433E+00
1543.25    0.0000E+00    2.0883E+00
1543.30    0.0000E+00    2.3332E+00
1543.35    0.0000E+00    2.5710E+00
1543.40    0.0000E+00    2.7940E+00
1543.45    0.0000E+00    2.9945E+00
1543.50    0.0000E+00    3.1653E+00
1543.55    0.0000E+00    3.2997E+00
1543.60    0.0000E+00    3.3924E+00
1543.65    7.3358E+01    3.4398E+00
1543.70    0.0000E+00    3.4398E+00
1543.75    0.0000E+00    3.3924E+00
1543.80    0.0000E+00    3.2997E+00
1543.85    0.0000E+00    3.1653E+00
1543.90    0.0000E+00    2.9945E+00
1543.95    0.0000E+00    2.7940E+00
1544.00    0.0000E+00    2.5710E+00
1544.05    0.0000E+00    2.3332E+00
1544.10    0.0000E+00    2.0883E+00
1544.15    0.0000E+00    1.8433E+00
1544.20    0.0000E+00    1.6047E+00
1544.25    0.0000E+00    1.3778E+00
1544.30    0.0000E+00    1.1666E+00
1544.35    0.0000E+00    9.7422E-01
1544.40    0.0000E+00    8.0236E-01
1544.45    0.0000E+00    6.5172E-01
1544.50    0.0000E+00    5.2207E-01
1544.55    0.0000E+00    4.1246E-01
1544.60    0.0000E+00    3.2137E-01
1544.65    0.0000E+00    2.4696E-01
1544.70    0.0000E+00    1.8716E-01
1544.75    0.0000E+00    1.3989E-01
1544.80    0.0000E+00    1.0311E-01
1544.85    0.0000E+00    7.4963E-02
1544.90    0.0000E+00    5.3747E-02
1544.95    0.0000E+00    3.8005E-02
1545.00    0.0000E+00    2.6503E-02
1545.05    0.0000E+00    1.8228E-02
1545.10    0.0000E+00    1.2364E-02
1545.15    0.0000E+00    8.2713E-03
1545.20    0.0000E+00    5.4570E-03
1545.25    0.0000E+00    3.5507E-03
1545.30    0.0000E+00    2.2785E-03
1545.35    0.0000E+00    1.4420E-03
1545.40    0.0000E+00    9.0007E-04
1545.45    0.0000E+00    5.5406E-04
1545.50    0.0000E+00    3.3637E-04
1545.55    0.0000E+00    2.0140E-04
1545.60    0.0000E+00    1.1892E-04
1545.65    0.0000E+00    6.9257E-05
1545.70    0.0000E+00    3.9778E-05
1545.75    0.0000E+00    2.2532E-05
1545.80    0.0000E+00    1.2587E-05
1545.85    0.0000E+00    6.9350E-06
1545.90    0.0000E+00    3.7682E-06
1545.95    0.0000E+00    2.0194E-06
1546.00    0.0000E+00    1.0672E-06
1546.05    0.0000E+00    5.5628E-07
1546.10    0.0000E+00    2.8596E-07
1546.15    0.0000E+00    1.4498E-07
1546.20    0.0000E+00    7.2488E-08
1546.25    0.0000E+00    3.5745E-08
1546.30    0.0000E+00    1.7384E-08
1546.35    0.0000E+00    8.3385E-09
1546.40    0.0000E+00    3.9456E-09
1546.45    0.0000E+00    1.8434E-09
1546.50    0.0000E+00    8.5432E-10
1546.55    0.0000E+00    4.0125E-10
1546.60    0.0000E+00    2.0911E-10
1546.65    0.0000E+00    1.5563E-10
1546.70    0.0000E+00    2.0163E-10
1546.75    0.0000E+00    3.6571E-10
1546.80    0.0000E+00    7.2883E-10
1546.85    0.0000E+00    1.4683E-09
1546.90    0.0000E+00    2.9327E-09
1546.95    0.0000E+00    5.7831E-09
1547.00    0.0000E+00    1.1249E-08
1547.05    0.0000E+00    2.1582E-08
1547.10    0.0000E+00    4.0835E-08
1547.15    0.0000E+00    7.6201E-08
1547.20    0.0000E+00    1.4024E-07
1547.25    0.0000E+00    2.5454E-07
1547.30    0.0000E+00    4.5563E-07
1547.35    0.0000E+00    8.0438E-07
1547.40    0.0000E+00    1.4005E-06
1547.45    0.0000E+00    2.4048E-06
1547.50    0.0000E+00    4.0726E-06
1547.55    0.0000E+00    6.8019E-06
1547.60    0.0000E+00    1.1204E-05
1547.65    0.0000E+00    1.8201E-05
1547.70    0.0000E+00    2.9161E-05
1547.75    0.0000E+00    4.6076E-05
1547.80    0.0000E+00    7.1802E-05
1547.85    0.0000E+00    1.1035E-04
1547.90    0.0000E+00    1.6726E-04
1547.95    0.0000E+00    2.5003E-04
1548.00    0.0000E+00    3.6861E-04
