#Datum: 21.01.2016 16:19:44
#Quelle: dibutyl_phtalat

#Daten:
cm-1;%T
605;61,2433700561524
610;63,0888137817383
615;64,9342575073242
620;66,4106140136719
625;68,2560577392578
630;69,7324142456055
635;71,2087631225586
640;71,9469451904297
645;71,9469451904297
650;73,7923889160156
655;78,2214508056641
660;80,06689453125
665;80,8050765991211
670;81,5432586669922
675;81,1741638183594
680;80,4359817504883
685;77,8523635864258
690;75,6378326416016
695;73,7923889160156
700;71,5778579711914
705;73,7923889160156
710;81,1741638183594
715;82,650520324707
720;80,06689453125
725;73,4233016967774
730;63,0888137817383
735;54,9688568115234
740;53,1234130859375
745;56,0761260986328
750;65,3033447265625
755;74,8996505737305
760;81,1741638183594
765;82,2814331054688
770;83,0196075439453
775;83,0196075439453
780;83,3886947631836
785;83,7577819824219
790;84,495964050293
795;86,7105026245117
800;90,4013824462891
805;94,830451965332
810;97,0449829101562
815;97,4140701293945
820;97,0449829101562
825;96,675895690918
830;95,5686264038086
835;93,7231826782226
840;93,3540954589844
845;95,9377136230469
850;99,2595138549805
855;101,104957580566
860;102,581314086914
865;103,319496154785
870;103,319496154785
875;104,4267578125
880;105,164939880371
885;105,534027099609
890;105,534027099609
895;105,534027099609
900;105,534027099609
905;105,534027099609
910;106,272201538086
915;104,4267578125
920;101,104957580566
925;96,675895690918
930;91,1395645141602
935;86,3414077758789
940;84,495964050293
945;85,9723205566406
950;88,5559387207031
955;87,0795822143555
960;85,6032257080078
965;89,2941207885742
970;95,9377136230469
975;100,36678314209
980;100,735870361328
985;99,6286010742188
990;97,7831573486328
995;99,2595138549805
1000;100,735870361328
1005;99,9976959228516
1010;97,0449829101562
1015;95,1995391845703
1020;95,5686264038086
1025;95,5686264038086
1030;91,5086517333984
1035;83,0196075439453
1040;79,3287200927734
1045;87,0795822143555
1050;83,3886947631836
1055;73,7923889160156
1060;63,4579010009766
1065;51,2779693603516
1070;40,5743942260742
1075;42,0507507324219
1080;59,3979225158691
1085;77,4832763671875
1090;85,2341384887695
1095;85,2341384887695
1100;79,3287200927734
1105;67,886962890625
1110;52,7543258666992
1115;39,0980377197266
1120;33,1926193237305
1125;34,2998847961426
1130;36,8835067749023
1135;39,4671287536621
1140;45,0034599304199
1145;56,0761260986328
1150;65,6724319458008
1155;73,4233016967774
1160;80,8050765991211
1165;85,2341384887695
1170;90,4013824462891
1175;95,9377136230469
1180;99,2595138549805
1185;99,9976959228516
1190;100,36678314209
1195;99,9976959228516
1200;99,6286010742188
1205;98,1522521972656
1210;96,675895690918
1215;94,4613647460938
1220;90,7704696655274
1225;85,6032257080078
1230;78,5905380249024
1235;71,2087631225586
1240;61,2433700561524
1245;50,1707038879394
1250;41,6816596984863
1255;33,5617065429688
1260;28,0253753662109
1265;24,3344879150391
1270;21,7508659362793
1275;20,2745094299316
1280;19,1672439575195
1285;19,1672439575195
1290;21,3817768096924
1295;26,5490188598633
1300;33,930793762207
1305;42,7889289855957
1310;54,9688568115234
1315;66,7797012329102
1320;74,5305709838867
1325;76,0069198608398
1330;81,5432586669922
1335;88,1868515014648
1340;88,9250259399414
1345;90,7704696655274
1350;92,246826171875
1355;90,0322952270508
1360;91,5086517333984
1365;93,3540954589844
1370;88,9250259399414
1375;84,1268768310547
1380;77,1141891479492
1385;74,5305709838867
1390;80,8050765991211
1395;89,2941207885742
1400;96,3068084716797
1405;99,6286010742188
1410;100,735870361328
1415;101,104957580566
1420;101,104957580566
1425;98,8904266357422
1430;95,5686264038086
1435;90,7704696655274
1440;88,5559387207031
1445;80,4359817504883
1450;72,6851196289062
1455;71,9469451904297
1460;69,7324142456055
1465;69,7324142456055
1470;74,1614761352539
1475;83,7577819824219
1480;89,2941207885742
1485;91,8777389526367
1490;92,9850082397461
1495;99,2595138549805
1500;103,319496154785
1505;104,4267578125
1510;105,164939880371
1515;104,795845031738
1520;105,164939880371
1525;105,534027099609
1530;105,534027099609
1535;105,164939880371
1540;104,795845031738
1545;104,795845031738
1550;104,795845031738
1555;104,4267578125
1560;103,319496154785
1565;101,474052429199
1570;97,7831573486328
1575;93,3540954589844
1580;87,4486694335938
1585;91,8777389526367
1590;96,3068084716797
1595;92,9850082397461
1600;87,8177642822266
1605;94,830451965332
1610;101,843139648438
1615;102,581314086914
1620;103,319496154785
1625;102,950401306152
1630;102,950401306152
1635;102,950401306152
1640;103,319496154785
1645;102,212219238281
1650;101,843139648438
1655;100,36678314209
1660;99,9976959228516
1665;98,1522521972656
1670;96,3068084716797
1675;94,4613647460938
1680;90,7704696655274
1685;85,9723205566406
1690;83,0196075439453
1695;77,1141891479492
1700;67,886962890625
1705;59,7670135498047
1710;46,8489074707031
1715;31,7162628173828
1720;21,7508659362793
1725;19,9054203033447
1730;22,1199531555176
1735;27,656286239624
1740;33,930793762207
1745;46,4798164367676
1750;63,0888137817383
1755;76,0069198608398
1760;84,8650512695312
1765;90,0322952270508
1770;93,3540954589844
1775;97,0449829101562
1780;98,5213394165039
1785;100,36678314209
1790;102,212219238281
1795;103,319496154785
1800;104,057670593262
1805;105,164939880371
1810;105,534027099609
1815;105,903114318848
1820;105,534027099609
1825;106,272201538086
1830;106,272201538086
1835;106,272201538086
1840;106,272201538086
1845;106,641296386719
1850;106,641296386719
1855;106,641296386719
1860;107,010383605957
1865;107,010383605957
1870;107,379463195801
1875;107,379463195801
1880;107,379463195801
1885;107,379463195801
1890;107,748558044434
1895;107,379463195801
1900;107,748558044434
1905;108,117645263672
1910;107,748558044434
1915;107,379463195801
1920;107,379463195801
1925;107,748558044434
1930;107,748558044434
1935;107,748558044434
1940;107,748558044434
1945;107,010383605957
1950;106,641296386719
1955;106,641296386719
1960;107,010383605957
1965;106,641296386719
1970;107,010383605957
1975;107,010383605957
1980;107,010383605957
1985;106,641296386719
1990;106,641296386719
1995;106,641296386719
2000;106,272201538086
2005;106,272201538086
2010;106,272201538086
2015;106,272201538086
2020;106,272201538086
2025;106,272201538086
2030;106,641296386719
2035;106,641296386719
2040;107,010383605957
2045;107,010383605957
2050;106,641296386719
2055;106,272201538086
2060;106,272201538086
2065;106,272201538086
2070;106,272201538086
2075;106,272201538086
2080;105,903114318848
2085;105,903114318848
2090;105,903114318848
2095;105,903114318848
2100;106,272201538086
2105;106,272201538086
2110;106,272201538086
2115;106,272201538086
2120;106,272201538086
2125;106,272201538086
2130;106,272201538086
2135;106,272201538086
2140;106,272201538086
2145;106,272201538086
2150;106,272201538086
2155;106,272201538086
2160;106,272201538086
2165;106,272201538086
2170;106,641296386719
2175;106,641296386719
2180;106,641296386719
2185;106,641296386719
2190;106,641296386719
2195;106,641296386719
2200;106,272201538086
2205;106,641296386719
2210;106,272201538086
2215;106,641296386719
2220;106,272201538086
2225;106,272201538086
2230;106,272201538086
2235;106,272201538086
2240;105,903114318848
2245;106,272201538086
2250;106,272201538086
2255;106,272201538086
2260;105,903114318848
2265;106,272201538086
2270;106,641296386719
2275;106,641296386719
2280;106,641296386719
2285;106,641296386719
2290;107,010383605957
2295;107,010383605957
2300;106,641296386719
2305;106,641296386719
2310;106,641296386719
2315;107,010383605957
2320;107,010383605957
2325;107,010383605957
2330;107,010383605957
2335;107,010383605957
2340;107,010383605957
2345;107,010383605957
2350;107,010383605957
2355;107,010383605957
2360;106,641296386719
2365;106,641296386719
2370;106,272201538086
2375;106,272201538086
2380;106,272201538086
2385;105,903114318848
2390;105,903114318848
2395;106,272201538086
2400;105,903114318848
2405;105,903114318848
2410;105,903114318848
2415;105,534027099609
2420;105,534027099609
2425;105,534027099609
2430;105,903114318848
2435;105,903114318848
2440;105,903114318848
2445;105,903114318848
2450;105,903114318848
2455;105,903114318848
2460;106,272201538086
2465;106,272201538086
2470;106,272201538086
2475;105,903114318848
2480;106,272201538086
2485;105,534027099609
2490;105,534027099609
2495;105,164939880371
2500;104,795845031738
2505;104,4267578125
2510;104,795845031738
2515;104,795845031738
2520;104,795845031738
2525;104,4267578125
2530;104,057670593262
2535;104,057670593262
2540;104,057670593262
2545;104,057670593262
2550;104,4267578125
2555;104,057670593262
2560;104,057670593262
2565;104,057670593262
2570;104,057670593262
2575;104,057670593262
2580;103,688583374023
2585;104,057670593262
2590;103,688583374023
2595;104,057670593262
2600;103,688583374023
2605;103,688583374023
2610;103,688583374023
2615;103,688583374023
2620;103,688583374023
2625;104,057670593262
2630;103,688583374023
2635;104,057670593262
2640;103,688583374023
2645;103,688583374023
2650;103,688583374023
2655;103,319496154785
2660;102,950401306152
2665;102,950401306152
2670;102,581314086914
2675;102,950401306152
2680;102,950401306152
2685;102,581314086914
2690;102,581314086914
2695;102,212219238281
2700;102,212219238281
2705;102,212219238281
2710;102,212219238281
2715;101,843139648438
2720;101,104957580566
2725;101,104957580566
2730;100,735870361328
2735;100,36678314209
2740;100,36678314209
2745;100,735870361328
2750;100,735870361328
2755;100,36678314209
2760;100,735870361328
2765;100,735870361328
2770;100,735870361328
2775;100,735870361328
2780;100,735870361328
2785;100,36678314209
2790;99,9976959228516
2795;99,6286010742188
2800;98,8904266357422
2805;98,1522521972656
2810;97,4140701293945
2815;96,3068084716797
2820;95,1995391845703
2825;93,7231826782226
2830;91,8777389526367
2835;89,2941207885742
2840;86,3414077758789
2845;82,650520324707
2850;79,3287200927734
2855;75,2687377929688
2860;69,7324142456055
2865;64,1960754394531
2870;60,8742790222168
2875;61,6124572753906
2880;66,0415191650391
2885;70,1015014648438
2890;69,3633193969726
2895;67,1487884521484
2900;64,9342575073242
2905;63,4579010009766
2910;60,8742790222168
2915;58,6597480773926
2920;56,0761260986328
2925;52,0161476135254
2930;49,0634384155273
2935;47,2179908752441
2940;47,2179908752441
2945;46,4798164367676
2950;43,8961944580078
2955;40,9434814453125
2960;41,312572479248
2965;47,2179908752441
2970;55,337947845459
2975;63,8269920349121
2980;71,9469451904297
2985;78,2214508056641
2990;83,0196075439453
2995;87,0795822143555
3000;90,0322952270508
3005;92,246826171875
3010;93,7231826782226
3015;94,830451965332
3020;94,830451965332
3025;95,1995391845703
3030;95,1995391845703
3035;95,5686264038086
3040;95,9377136230469
3045;95,9377136230469
3050;95,5686264038086
3055;95,1995391845703
3060;94,830451965332
3065;94,4613647460938
3070;94,0922698974609
3075;94,830451965332
3080;95,9377136230469
3085;97,0449829101562
3090;97,7831573486328
3095;98,5213394165039
3100;98,8904266357422
3105;98,5213394165039
3110;98,8904266357422
3115;99,6286010742188
3120;99,6286010742188
3125;99,6286010742188
3130;99,9976959228516
3135;99,9976959228516
3140;99,6286010742188
3145;99,9976959228516
3150;99,6286010742188
3155;99,9976959228516
3160;99,6286010742188
3165;99,9976959228516
3170;99,9976959228516
3175;99,9976959228516
3180;99,9976959228516
3185;99,9976959228516
3190;99,9976959228516
3195;99,9976959228516
3200;99,9976959228516
3205;99,9976959228516
3210;99,9976959228516
3215;99,6286010742188
3220;99,9976959228516
3225;99,9976959228516
3230;99,9976959228516
3235;99,9976959228516
3240;99,9976959228516
3245;100,36678314209
3250;100,36678314209
3255;99,9976959228516
3260;100,36678314209
3265;99,9976959228516
3270;99,9976959228516
3275;99,9976959228516
3280;99,9976959228516
3285;99,9976959228516
3290;99,9976959228516
3295;99,6286010742188
3300;99,6286010742188
3305;99,6286010742188
3310;99,6286010742188
3315;99,2595138549805
3320;99,6286010742188
3325;99,2595138549805
3330;99,2595138549805
3335;99,6286010742188
3340;99,6286010742188
3345;99,2595138549805
3350;98,8904266357422
3355;98,8904266357422
3360;98,8904266357422
3365;98,8904266357422
3370;98,8904266357422
3375;98,8904266357422
3380;99,2595138549805
3385;99,2595138549805
3390;98,8904266357422
3395;98,8904266357422
3400;98,8904266357422
3405;98,8904266357422
3410;98,5213394165039
3415;98,1522521972656
3420;97,7831573486328
3425;97,4140701293945
3430;97,4140701293945
3435;96,675895690918
3440;96,675895690918
3445;97,4140701293945
3450;97,4140701293945
3455;97,7831573486328
3460;98,5213394165039
3465;98,5213394165039
3470;98,8904266357422
3475;99,2595138549805
3480;99,6286010742188
3485;99,9976959228516
3490;99,9976959228516
3495;99,9976959228516
3500;99,9976959228516
3505;99,9976959228516
3510;99,9976959228516
3515;100,36678314209
3520;100,36678314209
3525;100,36678314209
3530;100,36678314209
3535;99,9976959228516
3540;100,36678314209
3545;99,9976959228516
3550;99,9976959228516
3555;99,9976959228516
3560;99,9976959228516
3565;99,9976959228516
3570;100,36678314209
3575;99,9976959228516
3580;99,9976959228516
3585;99,9976959228516
3590;99,9976959228516
3595;100,735870361328
3600;100,36678314209
3605;100,36678314209
3610;100,36678314209
3615;100,735870361328
3620;100,735870361328
3625;100,36678314209
3630;100,36678314209
3635;100,735870361328
3640;100,36678314209
3645;99,9976959228516
3650;99,9976959228516
3655;101,104957580566
3660;100,735870361328
3665;100,36678314209
3670;100,36678314209
3675;100,36678314209
3680;100,735870361328
3685;100,36678314209
3690;99,9976959228516
3695;100,735870361328
3700;100,735870361328
3705;100,36678314209
3710;100,735870361328
3715;101,104957580566
3720;101,104957580566
3725;100,36678314209
3730;100,36678314209
3735;100,36678314209
3740;100,36678314209
3745;100,735870361328
3750;100,735870361328
3755;101,104957580566
3760;100,735870361328
3765;100,735870361328
3770;100,735870361328
3775;100,735870361328
3780;100,735870361328
3785;100,735870361328
3790;100,735870361328
3795;100,735870361328
3800;100,36678314209
3805;100,735870361328
3810;101,104957580566
3815;100,735870361328
3820;100,36678314209
3825;100,735870361328
3830;101,104957580566
3835;100,36678314209
3840;100,735870361328
3845;100,735870361328
3850;100,735870361328
3855;100,36678314209
3860;100,735870361328
3865;100,735870361328
3870;99,9976959228516
3875;100,735870361328
3880;100,735870361328
3885;100,735870361328
3890;100,735870361328
3895;100,735870361328
3900;100,735870361328
3905;100,735870361328
3910;100,735870361328
3915;101,104957580566
3920;100,735870361328
3925;100,735870361328
3930;100,735870361328
3935;100,735870361328
3940;100,735870361328
3945;100,36678314209
3950;100,735870361328
3955;100,735870361328
3960;100,735870361328
3965;100,735870361328
3970;100,36678314209
3975;100,36678314209
3980;100,735870361328
3985;100,735870361328
3990;100,735870361328
3995;100,735870361328
4000;99,9976959228516
