#Datum: 21.01.2016 16:19:44
#Quelle: ehylen_terephtalat

#Daten:
cm-1;%T
630;77,6101455688476
635;85,5547866821289
640;88,5813140869141
645;88,202995300293
650;87,4463653564453
655;87,4463653564453
660;87,8246765136719
665;87,4463653564453
670;86,3114166259766
675;84,7981567382812
680;83,2848892211914
685;83,2848892211914
690;82,5282592773438
695;79,8800430297852
700;74,9619369506836
705;69,2871932983398
710;62,0991897583008
715;45,0749740600586
720;24,6459045410156
725;17,4579010009766
730;21,6193771362305
735;43,1833915710449
740;77,6101455688476
745;96,1476364135742
750;101,065742492676
755;100,687423706055
760;99,1741638183594
765;96,5259552001953
770;94,6343765258789
775;93,4994201660156
780;91,9861602783203
785;89,3379516601562
790;85,1764678955078
795;84,4198379516602
800;87,8246765136719
805;90,0945739746094
810;90,0945739746094
815;89,3379516601562
820;87,0680541992188
825;84,7981567382812
830;83,2848892211914
835;82,5282592773438
840;82,9065704345703
845;84,0415267944336
850;84,0415267944336
855;84,0415267944336
860;82,9065704345703
865;77,6101455688476
870;69,2871932983398
875;67,0173034667969
880;71,1787796020508
885;75,7185668945312
890;77,2318344116211
895;76,8535232543945
900;77,2318344116211
905;79,5017318725586
910;82,5282592773438
915;85,1764678955078
920;86,3114166259766
925;86,3114166259766
930;86,3114166259766
935;85,93310546875
940;85,5547866821289
945;85,5547866821289
950;85,1764678955078
955;84,7981567382812
960;83,2848892211914
965;81,7716293334961
970;80,2583618164062
975;79,5017318725586
980;79,8800430297852
985;80,2583618164062
990;80,6366806030274
995;80,6366806030274
1000;79,8800430297852
1005;77,2318344116211
1010;67,7739334106445
1015;52,6412925720215
1020;51,5063438415527
1025;61,3425598144531
1030;64,3690872192383
1035;62,8558235168457
1040;60,5859298706055
1045;60,5859298706055
1050;63,2341423034668
1055;67,0173034667969
1060;68,5305633544922
1065;67,0173034667969
1070;63,2341423034668
1075;56,0461349487305
1080;45,4532852172852
1085;35,2387542724609
1090;27,6724338531494
1095;23,889274597168
1100;24,6459045410156
1105;30,3206462860107
1110;35,6170692443848
1115;36,3737030029297
1120;36,7520179748535
1125;41,2918090820312
1130;47,3448677062988
1135;52,2629776000977
1140;57,1810836791992
1145;63,9907722473144
1150;70,043830871582
1155;73,0703582763672
1160;73,4486770629883
1165;71,9354095458984
1170;68,9088821411133
1175;67,3956146240234
1180;68,9088821411133
1185;70,8004608154297
1190;71,5570983886719
1195;71,1787796020508
1200;70,4221420288086
1205;69,6655120849609
1210;67,7739334106445
1215;65,1257247924805
1220;60,9642448425293
1225;54,5328712463379
1230;43,9400215148926
1235;31,077278137207
1240;23,132640838623
1245;20,8627452850342
1250;21,2410621643066
1255;21,6193771362305
1260;21,9976921081543
1265;24,6459045410156
1270;29,185697555542
1275;33,7254905700684
1280;36,3737030029297
1285;39,021915435791
1290;43,9400215148926
1295;51,8846588134766
1300;62,0991897583008
1305;70,8004608154297
1310;77,2318344116211
1315;82,5282592773438
1320;86,6897354125976
1325;89,3379516601562
1330;88,9596328735352
1335;84,7981567382812
1340;82,1499481201172
1345;83,6632080078125
1350;85,1764678955078
1355;84,7981567382812
1360;81,393310546875
1365;74,9619369506836
1370;70,4221420288086
1375;70,043830871582
1380;74,5836181640625
1385;80,2583618164062
1390;81,7716293334961
1395;79,1234130859375
1400;73,4486770629883
1405;64,3690872192383
1410;62,0991897583008
1415;73,4486770629883
1420;85,1764678955078
1425;87,4463653564453
1430;84,0415267944336
1435;78,7451019287109
1440;74,9619369506836
1445;71,5570983886719
1450;66,2606735229492
1455;57,9377174377441
1460;47,7231826782227
1465;45,0749740600586
1470;48,4798164367676
1475;62,0991897583008
1480;88,202995300293
1485;97,282585144043
1490;98,7958450317383
1495;98,0392150878906
1500;95,0126876831055
1505;93,1211013793945
1510;96,5259552001953
1515;99,5524826049805
1520;99,9308013916016
1525;99,9308013916016
1530;99,9308013916016
1535;100,309112548828
1540;100,309112548828
1545;100,309112548828
1550;99,5524826049805
1555;99,5524826049805
1560;98,7958450317383
1565;97,6609039306641
1570;96,1476364135742
1575;93,4994201660156
1580;92,742790222168
1585;94,6343765258789
1590;96,1476364135742
1595;96,5259552001953
1600;95,7693176269531
1605;95,0126876831055
1610;93,8777389526367
1615;92,742790222168
1620;92,3644790649414
1625;91,2295303344726
1630;90,0945739746094
1635;90,0945739746094
1640;90,4728927612305
1645;90,0945739746094
1650;89,3379516601562
1655;88,9596328735352
1660;88,202995300293
1665;86,6897354125976
1670;84,4198379516602
1675;81,393310546875
1680;77,9884643554688
1685;74,2053070068359
1690;68,9088821411133
1695;61,3425598144531
1700;51,1280288696289
1705;37,8869667053223
1710;25,0242214202881
1715;18,5928497314453
1720;18,2145328521728
1725;22,7543258666992
1730;30,6989612579346
1735;41,6701278686523
1740;57,1810836791992
1745;74,9619369506836
1750;88,5813140869141
1755;95,390998840332
1760;97,282585144043
1765;97,282585144043
1770;96,5259552001953
1775;95,7693176269531
1780;95,390998840332
1785;95,7693176269531
1790;97,282585144043
1795;98,4175262451172
1800;99,1741638183594
1805;99,5524826049805
1810;99,9308013916016
1815;99,9308013916016
1820;99,9308013916016
1825;99,9308013916016
1830;99,9308013916016
1835;99,9308013916016
1840;100,309112548828
1845;100,309112548828
1850;100,309112548828
1855;100,309112548828
1860;100,309112548828
1865;100,309112548828
1870;100,309112548828
1875;99,9308013916016
1880;99,5524826049805
1885;99,5524826049805
1890;99,1741638183594
1895;98,7958450317383
1900;98,7958450317383
1905;98,7958450317383
1910;98,4175262451172
1915;98,4175262451172
1920;98,4175262451172
1925;98,0392150878906
1930;97,6609039306641
1935;97,6609039306641
1940;97,6609039306641
1945;97,6609039306641
1950;97,282585144043
1955;97,6609039306641
1960;97,6609039306641
1965;97,6609039306641
1970;97,6609039306641
1975;98,0392150878906
1980;98,0392150878906
1985;98,0392150878906
1990;98,0392150878906
1995;98,0392150878906
2000;98,0392150878906
2005;98,0392150878906
2010;98,0392150878906
2015;97,6609039306641
2020;97,6609039306641
2025;97,6609039306641
2030;98,0392150878906
2035;98,0392150878906
2040;98,0392150878906
2045;98,0392150878906
2050;98,0392150878906
2055;98,0392150878906
2060;98,0392150878906
2065;97,6609039306641
2070;97,6609039306641
2075;97,6609039306641
2080;97,6609039306641
2085;97,6609039306641
2090;97,6609039306641
2095;97,6609039306641
2100;97,282585144043
2105;97,282585144043
2110;97,282585144043
2115;97,282585144043
2120;97,282585144043
2125;97,282585144043
2130;96,9042663574219
2135;96,9042663574219
2140;96,9042663574219
2145;96,9042663574219
2150;96,9042663574219
2155;96,9042663574219
2160;96,9042663574219
2165;96,9042663574219
2170;96,9042663574219
2175;96,9042663574219
2180;96,9042663574219
2185;96,9042663574219
2190;96,9042663574219
2195;96,9042663574219
2200;96,9042663574219
2205;96,5259552001953
2210;96,5259552001953
2215;96,5259552001953
2220;96,5259552001953
2225;96,5259552001953
2230;96,5259552001953
2235;96,5259552001953
2240;96,5259552001953
2245;96,5259552001953
2250;96,1476364135742
2255;96,1476364135742
2260;96,1476364135742
2265;96,1476364135742
2270;96,1476364135742
2275;95,7693176269531
2280;95,7693176269531
2285;96,1476364135742
2290;95,7693176269531
2295;96,1476364135742
2300;96,1476364135742
2305;96,1476364135742
2310;96,1476364135742
2315;96,1476364135742
2320;95,7693176269531
2325;95,7693176269531
2330;95,7693176269531
2335;95,7693176269531
2340;96,1476364135742
2345;96,1476364135742
2350;96,1476364135742
2355;96,1476364135742
2360;96,5259552001953
2365;96,1476364135742
2370;96,1476364135742
2375;96,1476364135742
2380;96,1476364135742
2385;96,1476364135742
2390;96,1476364135742
2395;96,1476364135742
2400;96,1476364135742
2405;96,1476364135742
2410;95,7693176269531
2415;95,7693176269531
2420;95,7693176269531
2425;95,7693176269531
2430;95,7693176269531
2435;95,7693176269531
2440;95,7693176269531
2445;95,7693176269531
2450;95,7693176269531
2455;95,7693176269531
2460;95,7693176269531
2465;95,7693176269531
2470;95,7693176269531
2475;95,7693176269531
2480;95,7693176269531
2485;95,390998840332
2490;95,390998840332
2495;95,390998840332
2500;95,390998840332
2505;95,0126876831055
2510;95,0126876831055
2515;94,6343765258789
2520;94,6343765258789
2525;94,2560577392578
2530;94,2560577392578
2535;94,2560577392578
2540;94,2560577392578
2545;93,8777389526367
2550;93,8777389526367
2555;93,4994201660156
2560;93,4994201660156
2565;93,4994201660156
2570;93,1211013793945
2575;93,1211013793945
2580;93,1211013793945
2585;92,742790222168
2590;92,742790222168
2595;92,742790222168
2600;92,3644790649414
2605;92,3644790649414
2610;91,9861602783203
2615;91,9861602783203
2620;91,6078414916992
2625;91,2295303344726
2630;90,8512115478516
2635;90,8512115478516
2640;90,8512115478516
2645;90,8512115478516
2650;90,8512115478516
2655;90,8512115478516
2660;90,8512115478516
2665;90,8512115478516
2670;90,8512115478516
2675;91,2295303344726
2680;91,2295303344726
2685;91,2295303344726
2690;91,2295303344726
2695;91,2295303344726
2700;91,2295303344726
2705;91,2295303344726
2710;91,2295303344726
2715;90,8512115478516
2720;90,8512115478516
2725;90,4728927612305
2730;90,4728927612305
2735;90,0945739746094
2740;90,0945739746094
2745;90,0945739746094
2750;90,0945739746094
2755;90,0945739746094
2760;89,7162628173828
2765;89,3379516601562
2770;88,9596328735352
2775;88,202995300293
2780;87,8246765136719
2785;86,6897354125976
2790;85,93310546875
2795;84,7981567382812
2800;84,0415267944336
2805;82,9065704345703
2810;81,393310546875
2815;79,8800430297852
2820;77,2318344116211
2825;73,8269882202148
2830;68,1522445678711
2835;58,316032409668
2840;40,1568603515625
2845;20,8627452850342
2850;15,5663204193115
2855;23,5109577178955
2860;39,7785491943359
2865;50,7497100830078
2870;54,5328712463379
2875;53,7762413024902
2880;50,371395111084
2885;45,0749740600586
2890;39,7785491943359
2895;34,4821243286133
2900;29,5640144348144
2905;23,889274597168
2910;16,7012691497803
2915;11,7831602096558
2920;11,0265283584595
2925;15,1880044937134
2930;23,889274597168
2935;34,8604393005371
2940;47,3448677062988
2945;57,9377174377441
2950;63,9907722473144
2955;67,0173034667969
2960;70,043830871582
2965;74,5836181640625
2970;79,5017318725586
2975;84,4198379516602
2980;88,9596328735352
2985;91,9861602783203
2990;94,2560577392578
2995;95,7693176269531
3000;96,9042663574219
3005;97,282585144043
3010;97,6609039306641
3015;98,4175262451172
3020;98,4175262451172
3025;98,4175262451172
3030;98,7958450317383
3035;98,7958450317383
3040;98,7958450317383
3045;98,7958450317383
3050;98,4175262451172
3055;98,4175262451172
3060;98,4175262451172
3065;98,7958450317383
3070;98,7958450317383
3075;98,7958450317383
3080;98,7958450317383
3085;99,1741638183594
3090;99,1741638183594
3095;99,1741638183594
3100;99,5524826049805
3105;99,5524826049805
3110;99,9308013916016
3115;99,9308013916016
3120;100,309112548828
3125;100,309112548828
3130;100,309112548828
3135;100,309112548828
3140;100,309112548828
3145;100,309112548828
3150;100,687423706055
3155;100,687423706055
3160;100,309112548828
3165;100,309112548828
3170;100,309112548828
3175;100,309112548828
3180;100,687423706055
3185;100,687423706055
3190;100,687423706055
3195;100,309112548828
3200;100,309112548828
3205;100,687423706055
3210;100,687423706055
3215;100,309112548828
3220;100,309112548828
3225;100,309112548828
3230;100,309112548828
3235;100,687423706055
3240;100,687423706055
3245;100,309112548828
3250;100,309112548828
3255;100,309112548828
3260;100,309112548828
3265;100,309112548828
3270;100,309112548828
3275;100,309112548828
3280;100,309112548828
3285;100,309112548828
3290;99,9308013916016
3295;99,9308013916016
3300;99,9308013916016
3305;99,9308013916016
3310;99,9308013916016
3315;99,5524826049805
3320;99,5524826049805
3325;99,5524826049805
3330;99,5524826049805
3335;99,5524826049805
3340;99,5524826049805
3345;99,5524826049805
3350;99,1741638183594
3355;99,5524826049805
3360;99,1741638183594
3365;99,1741638183594
3370;99,1741638183594
3375;99,1741638183594
3380;99,1741638183594
3385;99,1741638183594
3390;99,1741638183594
3395;99,1741638183594
3400;99,1741638183594
3405;99,1741638183594
3410;99,1741638183594
3415;99,5524826049805
3420;99,5524826049805
3425;99,5524826049805
3430;99,5524826049805
3435;99,9308013916016
3440;99,9308013916016
3445;99,9308013916016
3450;99,9308013916016
3455;99,5524826049805
3460;99,9308013916016
3465;99,9308013916016
3470;99,9308013916016
3475;99,9308013916016
3480;99,9308013916016
3485;99,9308013916016
3490;99,9308013916016
3495;99,9308013916016
3500;99,9308013916016
3505;100,309112548828
3510;100,309112548828
3515;100,309112548828
3520;100,687423706055
3525;100,687423706055
3530;100,687423706055
3535;100,687423706055
3540;101,065742492676
3545;101,444061279297
3550;101,444061279297
3555;101,822380065918
3560;102,200691223145
3565;102,200691223145
3570;102,579010009766
3575;102,957328796387
3580;102,957328796387
3585;103,335639953613
3590;103,335639953613
3595;103,335639953613
3600;102,957328796387
3605;102,957328796387
3610;103,335639953613
3615;103,335639953613
3620;103,71395111084
3625;103,71395111084
3630;103,71395111084
3635;103,71395111084
3640;103,71395111084
3645;104,092269897461
3650;104,092269897461
3655;104,092269897461
3660;104,092269897461
3665;104,092269897461
3670;104,092269897461
3675;103,71395111084
3680;103,335639953613
3685;103,71395111084
3690;103,71395111084
3695;103,335639953613
3700;102,957328796387
3705;102,579010009766
3710;102,579010009766
3715;102,200691223145
3720;102,200691223145
3725;101,822380065918
3730;101,822380065918
3735;101,822380065918
3740;101,444061279297
3745;101,444061279297
3750;101,444061279297
3755;101,065742492676
3760;100,687423706055
3765;100,687423706055
3770;100,687423706055
3775;101,065742492676
3780;101,065742492676
3785;100,687423706055
3790;100,687423706055
3795;100,687423706055
3800;100,687423706055
3805;100,687423706055
3810;100,687423706055
3815;100,687423706055
3820;100,687423706055
3825;100,309112548828
3830;100,309112548828
3835;100,687423706055
3840;100,687423706055
3845;100,687423706055
3850;100,687423706055
3855;100,687423706055
3860;100,309112548828
3865;100,309112548828
3870;100,309112548828
3875;100,309112548828
3880;100,309112548828
3885;100,309112548828
3890;100,309112548828
3895;100,687423706055
3900;100,687423706055
3905;100,309112548828
3910;100,309112548828
3915;100,309112548828
3920;100,309112548828
3925;100,687423706055
3930;100,687423706055
3935;100,687423706055
3940;100,309112548828
3945;100,309112548828
3950;100,309112548828
3955;100,309112548828
3960;100,309112548828
3965;100,309112548828
3970;100,687423706055
3975;100,687423706055
3980;100,687423706055
3985;100,309112548828
3990;100,687423706055
3995;101,065742492676
4000;101,065742492676
