#Datum: 21.01.2016 16:19:44
#Quelle: erdnussoel_ohnespacer

#Daten:
cm-1;%T
1100;39,2240125882103
1101;39,6101522864049
1102;40,0181491008044
1103;40,4431573725394
1104;40,8951891356445
1105;41,3522743676038
1106;41,771329141467
1107;42,136499507048
1108;42,4526538807535
1109;42,7031223076475
1110;42,8604912608202
1111;42,9309216033499
1112;42,9447316674697
1113;42,911733585015
1114;42,8288185598223
1115;42,7236236567899
1116;42,6459338817347
1117;42,6212067662507
1118;42,6551242219426
1119;42,7744691385412
1120;43,0154252329071
1121;43,3766551041415
1122;43,8268954274827
1123;44,3482094813189
1124;44,9275185195602
1125;45,5169395406725
1126;46,0477000455795
1127;46,4774084847045
1128;46,7881650945399
1129;46,9509213171971
1130;46,9336265461755
1131;46,7395897188534
1132;46,3999837088008
1133;45,9325074620141
1134;45,3443805411054
1135;44,6702454230162
1136;43,9653938749318
1137;43,2627397117859
1138;42,5752614260372
1139;41,935169246417
1140;41,3859432466742
1141;40,9371371613107
1142;40,5689395466806
1143;40,2762712368477
1144;40,0643773907655
1145;39,9078660772831
1146;39,7617436082053
1147;39,6091797097711
1148;39,455872657455
1149;39,2867510364854
1150;39,0747987327592
1151;38,8252900593283
1152;38,5657305998428
1153;38,29852909438
1154;38,0076617047013
1155;37,7039381943031
1156;37,417615324537
1157;37,1532900875363
1158;36,8989927260876
1159;36,6724977672371
1160;36,5100823193185
1161;36,4162159233059
1162;36,3722274931631
1163;36,3854741628555
1164;36,48090411613
1165;36,653441695174
1166;36,8775401919625
1167;37,1545567850308
1168;37,503650064898
1169;37,9158859888428
1170;38,3641456238341
1171;38,8484699269358
1172;39,3858725412328
1173;39,9657669151216
1174;40,5606732532581
1175;41,1700198007877
1176;41,809470727422
1177;42,4686067237731
1178;43,1219786713778
1179;43,7704904843661
1180;44,4309117419679
1181;45,0954257384185
1182;45,74125574243
1183;46,3701843645013
1184;47,0000863195264
1185;47,6269377401517
1186;48,2327680294307
1187;48,8221223904705
1188;49,4141267806063
1189;50,0069805948624
1190;50,5854984307038
1191;51,1551235331061
1192;51,7342894750243
1193;52,3206357311049
1194;52,8969137640606
1195;53,4629847188118
1196;54,0310582368838
1197;54,5957578038702
1198;55,1386306427476
1199;55,6563906863572
1200;56,1565159047655
1201;56,6312907759588
1202;57,0641567963517
1203;57,4563443042919
1204;57,8212065022769
1205;58,157846835887
1206;58,455677290766
1207;58,7197439339698
1208;58,96671547545
1209;59,2001619611328
1210;59,4137991418354
1211;59,6144831137239
1212;59,816786376502
1213;60,017480792958
1214;60,1992943383434
1215;60,3567510882701
1216;60,495082371378
1217;60,6080742990159
1218;60,6816829383785
1219;60,7174244178394
1220;60,7293339782878
1221;60,719727404302
1222;60,6800692262814
1223;60,6135101037506
1224;60,533827005324
1225;60,4436452493388
1226;60,3368467355236
1227;60,2212208752616
1228;60,1150977182811
1229;60,0223309473018
1230;59,9334746723461
1231;59,8493374940285
1232;59,7797097784923
1233;59,7216811644364
1234;59,6640242058743
1235;59,611644910434
1236;59,5825711989087
1237;59,5832184547947
1238;59,610505152727
1239;59,6752202434705
1240;59,7975734130554
1241;59,981401413486
1242;60,2170990255161
1243;60,5064626689466
1244;60,860038033254
1245;61,2736935185868
1246;61,7310049769363
1247;62,223462646796
1248;62,7451827216656
1249;63,2724196770912
1250;63,7706507546453
1251;64,2199442284463
1252;64,6169354528969
1253;64,9579491368973
1254;65,2399831757323
1255;65,4755506093186
1256;65,687768757819
1257;65,8904147669379
1258;66,0866493095262
1259;66,2827611527841
1260;66,4856592153156
1261;66,6893729463972
1262;66,8817267252663
1263;67,0639188056366
1264;67,24911478621
1265;67,4441750018924
1266;67,6478472670973
1267;67,8631812223042
1268;68,0943475571255
1269;68,3318873292548
1270;68,5560658156357
1271;68,7539177773541
1272;68,9209969502861
1273;69,0509215874789
1274;69,1395887541961
1275;69,1994350337159
1276;69,2555031145998
1277;69,3266201765988
1278;69,4223308782212
1279;69,5565386618664
1280;69,7484315253902
1281;70,0077695901384
1282;70,3310692341988
1283;70,7106318588664
1284;71,1340206958098
1285;71,5758733281783
1286;72,0035140257451
1287;72,391764505939
1288;72,7260394427238
1289;72,9960524159321
1290;73,197951134058
1291;73,3425962308236
1292;73,4519956357181
1293;73,5446179745364
1294;73,6292322312081
1295;73,7109644481964
1296;73,7932104232865
1297;73,8728094026854
1298;73,9436244215922
1299;74,0081626700241
1300;74,0788276659185
1301;74,166368137107
1302;74,2739597616789
1303;74,4020619255866
1304;74,5496959630338
1305;74,7087957447076
1306;74,8651324263754
1307;75,0077668812002
1308;75,132791030266
1309;75,2381165847963
1310;75,3215401351435
1311;75,385993692255
1312;75,439493086005
1313;75,4877095985803
1314;75,5311600268777
1315;75,5709689061482
1316;75,611990827551
1317;75,6592595864017
1318;75,717372733167
1319;75,7948689935948
1320;75,902955570258
1321;76,0473102701929
1322;76,2259290162629
1323;76,4353249330999
1324;76,6731144003611
1325;76,9333193244501
1326;77,2034910111807
1327;77,4677681572189
1328;77,7105826369588
1329;77,9180077715684
1330;78,0793536687825
1331;78,1905709741119
1332;78,2539982721544
1333;78,2733983639724
1334;78,2502846170443
1335;78,1862340294225
1336;78,0852905430546
1337;77,9514345535846
1338;77,7876933340408
1339;77,6032747736836
1340;77,4183788714756
1341;77,2539097539851
1342;77,1166510522836
1343;76,9990749038827
1344;76,8893042056355
1345;76,7776942001562
1346;76,659906892394
1347;76,5396023955928
1348;76,4267662379838
1349;76,3309607231329
1350;76,2571538433335
1351;76,2079313617012
1352;76,1844278349975
1353;76,1831847688491
1354;76,1949241825009
1355;76,2108984513293
1356;76,2248172962029
1357;76,2311216367735
1358;76,2248779647892
1359;76,2048677035943
1360;76,1744064183628
1361;76,1379755377826
1362;76,0991065361621
1363;76,0617957313053
1364;76,0287246033934
1365;75,9980176355384
1366;75,9660070949733
1367;75,9323741204768
1368;75,9001958046346
1369;75,8706843929117
1370;75,8357604014873
1371;75,7724028375685
1372;75,6406600331882
1373;75,390031254447
1374;74,9870077071141
1375;74,4625077490706
1376;73,9313664469537
1377;73,5609657839277
1378;73,5150163397112
1379;73,8833619414209
1380;74,6211247248078
1381;75,5759535500583
1382;76,5874694013568
1383;77,547185769592
1384;78,403652449289
1385;79,159243726028
1386;79,8504958961195
1387;80,500403465015
1388;81,0929728841622
1389;81,6030654475535
1390;82,0264295390546
1391;82,366477012465
1392;82,6204984518708
1393;82,7921903765506
1394;82,8965864404934
1395;82,9456683398443
1396;82,9449548754243
1397;82,9060261765252
1398;82,8407566418065
1399;82,753425107191
1400;82,6553478923505
1401;82,5793159549099
1402;82,5638453998234
1403;82,6327509423915
1404;82,7935933322163
1405;83,034016516276
1406;83,3081128207415
1407;83,5375122242924
1408;83,6478337853018
1409;83,6037184551958
1410;83,3990035004946
1411;83,0330735442618
1412;82,5207317553257
1413;81,9192003878772
1414;81,3122265393111
1415;80,7724822565802
1416;80,3537966765081
1417;80,1027062218315
1418;80,0612309074179
1419;80,2386868638358
1420;80,5624798514892
1421;80,9182984708221
1422;81,246858477797
1423;81,5245267009294
1424;81,7096587257403
1425;81,7631764925003
1426;81,6815304432997
1427;81,4637203885309
1428;81,0927025477993
1429;80,5782584179988
1430;79,9709381788075
1431;79,3219915141815
1432;78,6690332263598
1433;78,0536734902745
1434;77,4957613581864
1435;76,9619673590494
1436;76,4053829023862
1437;75,8454918905556
1438;75,3531346797356
1439;74,9436945104894
1440;74,5800630000589
1441;74,2355050586894
1442;73,9075249099389
1443;73,596500714869
1444;73,2997329480438
1445;73,0126475709725
1446;72,7156107750039
1447;72,3663944780315
1448;71,9241590852451
1449;71,3685734853466
1450;70,6669035663726
1451;69,7629831614122
1452;68,6457318032528
1453;67,4068421394903
1454;66,1694870102667
1455;64,9986377019591
1456;63,9523491650405
1457;63,1625805196133
1458;62,6988133802647
1459;62,4291366089368
1460;62,2022962613574
1461;61,9594895479163
1462;61,6714379872666
1463;61,3124163697627
1464;60,9094398732639
1465;60,6094902398267
1466;60,7011939167486
1467;61,5234054957792
1468;63,2971255124682
1469;65,9916657223894
1470;69,3611708363667
1471;73,1186681693519
1472;76,9463520221964
1473;80,33757530192
1474;82,8411145132557
1475;84,5165715590117
1476;85,7361144330129
1477;86,7257524931397
1478;87,5013094125719
1479;88,0832835182094
1480;88,5644076975379
1481;88,9956583217945
1482;89,3512437277903
1483;89,6258877691999
1484;89,8668461151675
1485;90,0936944188294
1486;90,2797297882715
1487;90,4231484628865
1488;90,5684945596178
1489;90,7268998112336
1490;90,8610321438199
1491;90,9657957807158
1492;91,0713463808992
1493;91,1774543943381
1494;91,2590091109514
1495;91,3209171585646
1496;91,3975797376704
1497;91,4912738354951
1498;91,5641656837974
1499;91,6128193628608
1500;91,6683003024376
1501;91,733222755601
1502;91,7833586117042
1503;91,8186699137944
1504;91,8661424260418
1505;91,9296162154287
1506;91,9737295563156
1507;91,9956283115123
1508;92,0395183165211
1509;92,0956689872944
1510;92,1342396442021
1511;92,1628976791809
1512;92,2037127511574
1513;92,2516730508258
1514;92,2814135174492
1515;92,2929691197194
1516;92,3115056584579
1517;92,3477062693286
1518;92,3822809054843
1519;92,4058072012368
1520;92,435134350229
1521;92,4764144871701
1522;92,5102595571021
1523;92,5295530625562
1524;92,551467768394
1525;92,5810411772025
1526;92,6022295357878
1527;92,6122647047735
1528;92,6296928063186
1529;92,6578761923503
1530;92,677854990068
1531;92,6839266141302
1532;92,6926615955532
1533;92,710899395107
1534;92,7262642719872
1535;92,7339076496402
1536;92,7452526258353
1537;92,767612815648
1538;92,7858038662244
1539;92,7837744052221
1540;92,7803595419836
1541;92,7973085078423
1542;92,8085712927146
1543;92,8027462223789
1544;92,8040714111867
1545;92,8204897731224
1546;92,8333162467192
1547;92,8303824405499
1548;92,8238184662881
1549;92,8241445155003
1550;92,8259008335499
1551;92,824792255909
1552;92,8282359613733
1553;92,8350407241974
1554;92,833131839238
1555;92,8228152455941
1556;92,8229858268803
1557;92,8426386500679
1558;92,8573242147516
1559;92,8507567812192
1560;92,8540195297638
1561;92,8611737554384
1562;92,8506429988568
1563;92,8274433005706
1564;92,8112361782846
1565;92,8124821573144
1566;92,8209407400744
1567;92,8225538375392
1568;92,8206882608444
1569;92,8227933048484
1570;92,8251356632321
1571;92,8210246836386
1572;92,8186855895032
1573;92,8263500528882
1574;92,8361898841622
1575;92,8366898918868
1576;92,833450107107
1577;92,8412097016573
1578;92,8491880543488
1579;92,8461218835001
1580;92,8441468353003
1581;92,8531517907399
1582;92,8637985476094
1583;92,8658887406597
1584;92,8681717307955
1585;92,8792456982396
1586;92,8889156675444
1587;92,8869588343736
1588;92,883764529803
1589;92,8897006633368
1590;92,8970667780367
1591;92,8982203765712
1592;92,901390476163
1593;92,9126377277411
1594;92,9211354767716
1595;92,9193678714588
1596;92,9185517998788
1597;92,9277662603501
1598;92,9366448189796
1599;92,935482735423
1600;92,9328681486185
1601;92,9386912634311
1602;92,9452670872691
1603;92,9426426259039
1604;92,93772349269
1605;92,939132959148
1606;92,9395583129532
1607;92,930694937088
1608;92,9223509816147
1609;92,9254819525085
1610;92,929140474575
1611;92,9211514325695
1612;92,9113007001857
1613;92,9125923881138
1614;92,9176362058058
1615;92,9142335820878
1616;92,9068109227075
1617;92,9068367007039
1618;92,9060332172672
1619;92,8920963059606
1620;92,8771346404171
1621;92,8725430860384
1622;92,868919035051
1623;92,855423662315
1624;92,8439592391178
1625;92,8453273652568
1626;92,8463127271434
1627;92,8361993413506
1628;92,8239930592238
1629;92,8194602530095
1630;92,8125778818459
1631;92,7950425742828
1632;92,7783598459541
1633;92,7715800846467
1634;92,7590804107918
1635;92,7198997038902
1636;92,6667811580747
1637;92,6233549458563
1638;92,5786415978882
1639;92,5146909271368
1640;92,4359076959068
1641;92,3485420294552
1642;92,2496666682551
1643;92,138495288061
1644;92,024208415705
1645;91,9057409563767
1646;91,7608621162784
1647;91,5905133697973
1648;91,4392063432494
1649;91,3321065741164
1650;91,2532441900216
1651;91,177740576807
1652;91,0904698900846
1653;90,9996835633305
1654;90,9495547383542
1655;90,9452993463846
1656;90,9729910818965
1657;91,041718946612
1658;91,1445444132442
1659;91,2602818714496
1660;91,382769594262
1661;91,5168516973201
1662;91,649427056453
1663;91,7572630135191
1664;91,8400850377403
1665;91,9087244646891
1666;91,9575900839225
1667;91,9798538523519
1668;91,9842616262471
1669;91,9843520821661
1670;91,9754143026704
1671;91,9481321596213
1672;91,9181377041323
1673;91,9017720012866
1674;91,8832095049652
1675;91,8387714749162
1676;91,7787063095437
1677;91,7280425177675
1678;91,6770547275427
1679;91,60758656739
1680;91,5314649497118
1681;91,4725487997685
1682;91,421616699845
1683;91,3425688071275
1684;91,2328024270446
1685;91,1383654119445
1686;91,0571778581372
1687;90,9562327143412
1688;90,8407926401304
1689;90,723768680689
1690;90,5964017898502
1691;90,448028350377
1692;90,2973177634878
1693;90,1593401010142
1694;90,0024461549559
1695;89,7795649945658
1696;89,5171283652785
1697;89,2952696761313
1698;89,1121448022435
1699;88,8981078497929
1700;88,6202577438414
1701;88,334651995125
1702;88,0956192312324
1703;87,8864363901458
1704;87,6927144730117
1705;87,516309125217
1706;87,3465227520741
1707;87,1707275517164
1708;86,9969996560586
1709;86,8291056159318
1710;86,6391885624376
1711;86,3999065856282
1712;86,1223473914009
1713;85,823062532093
1714;85,4807866315413
1715;85,0649400051746
1716;84,5724197468766
1717;83,993999057845
1718;83,3050255114872
1719;82,5364886859432
1720;81,7553706998007
1721;80,9574257513745
1722;80,0531419482752
1723;78,9587174727927
1724;77,6804617129648
1725;76,2676383733694
1726;74,7067511272993
1727;72,921366213974
1728;70,8472715647064
1729;68,4843509682024
1730;65,9059133977248
1731;63,1886382562904
1732;60,2344779568128
1733;56,6704307106626
1734;52,2429547075956
1735;47,5398423624252
1736;43,4280582122956
1737;39,9307182573904
1738;36,5398126278296
1739;32,963886926307
1740;29,4447334275042
1741;26,4201589129524
1742;24,0014773695695
1743;22,075903462911
1744;20,6169909815706
1745;19,6606734668176
1746;19,189702279036
1747;19,1937517696864
1748;19,7269329177743
1749;20,8433781134117
1750;22,5881270596696
1751;25,029385949717
1752;28,1056360291497
1753;31,5461109585748
1754;35,1875714490944
1755;39,1853819681654
1756;43,7325184404633
1757;48,6325458537249
1758;53,38702138886
1759;57,740284462009
1760;61,8049920277764
1761;65,7169719855001
1762;69,3940033299809
1763;72,6169127678105
1764;75,256515998672
1765;77,376415258034
1766;79,1552141894798
1767;80,7420500267728
1768;82,147235091672
1769;83,3013431562669
1770;84,2232114130802
1771;85,0314179755772
1772;85,79701785935
1773;86,4764934083484
1774;87,0257137697113
1775;87,4796933673532
1776;87,8820747849983
1777;88,2386514326373
1778;88,5539689031602
1779;88,8500834381329
1780;89,1333370462956
1781;89,3849369489649
1782;89,6025635523402
1783;89,8094872975535
1784;90,0122113175889
1785;90,1950066423076
1786;90,3543331301436
1787;90,5071840209932
1788;90,6545563970345
1789;90,7795062526328
1790;90,8855026665854
1791;90,9995218018604
1792;91,1284526477642
1793;91,2457320731373
1794;91,3393585451726
1795;91,4286076034604
1796;91,5214862737229
1797;91,6051354485028
1798;91,6765925407534
1799;91,7516598149393
1800;91,8345489315839
1801;91,9097800332754
1802;91,9742426445833
1803;92,0429690535692
1804;92,1160790610569
1805;92,1781613440728
1806;92,227245260998
1807;92,2793133452395
1808;92,337718070487
1809;92,388046735066
1810;92,4288409228501
1811;92,4773396593448
1812;92,536260746566
1813;92,5868544558898
1814;92,6242881097975
1815;92,664062801132
1816;92,7106183363927
1817;92,7518106178574
1818;92,7840536622829
1819;92,819527144
1820;92,8613620346445
1821;92,8978478233867
1822;92,9266023604566
1823;92,9577421090282
1824;92,993003151685
1825;93,023207820406
1826;93,0478972291001
1827;93,0760788848737
1828;93,1071765622875
1829;93,1331749388871
1830;93,1582951967269
1831;93,1947128864604
1832;93,2367346759388
1833;93,2684406051343
1834;93,2895189524752
1835;93,3120736954269
1836;93,3403014229344
1837;93,3660170058133
1838;93,3863513889802
1839;93,4092076334053
1840;93,435972640164
1841;93,4576292276557
1842;93,4730192883948
1843;93,4913824532401
1844;93,5165813128215
1845;93,5401736924819
1846;93,5566242684838
1847;93,5722879882783
1848;93,5906624766181
1849;93,6057240944447
1850;93,6153769154424
1851;93,627037778058
1852;93,6437758786232
1853;93,6592655361636
1854;93,6710742484267
1855;93,6845949318844
1856;93,7014576887443
1857;93,7136079197232
1858;93,7188883585044
1859;93,7264380420579
1860;93,7403203506557
1861;93,7526920039829
1862;93,7592704200384
1863;93,7660926013444
1864;93,7753741522291
1865;93,7798362793442
1866;93,7772223685639
1867;93,7764192388994
1868;93,7834810002861
1869;93,7937908110654
1870;93,8035361815759
1871;93,8156409203832
1872;93,8288262694311
1873;93,835665521301
1874;93,8356413043526
1875;93,8376478862062
1876;93,8448997410083
1877;93,8499895423058
1878;93,8502142867764
1879;93,8530268317786
1880;93,8614093097004
1881;93,868431726509
1882;93,8702196972748
1883;93,8720457190794
1884;93,877769476367
1885;93,8828386522166
1886;93,8841483828727
1887;93,8862566820301
1888;93,8910201631882
1889;93,8935046755502
1890;93,8931693073624
1891;93,8968229696124
1892;93,9051606234327
1893;93,910010882364
1894;93,9084874272852
1895;93,9080083960306
1896;93,9129208123857
1897;93,9172421216185
1898;93,9170030658148
1899;93,9173383905443
1900;93,9208361568524
1901;93,9214696508106
1902;93,916508128989
1903;93,9117420497763
1904;93,9114145239924
1905;93,9110333863412
1906;93,906892583769
1907;93,9034161678191
1908;93,9036588496892
1909;93,9034233354405
1910;93,9013854381766
1911;93,9016631337876
1912;93,9053136797315
1913;93,9070240328368
1914;93,9048495878862
1915;93,9038216779283
1916;93,9053132245551
1917;93,9038038528149
1918;93,8978097431362
1919;93,8936203955454
1920;93,8929855817155
1921;93,889533212333
1922;93,8818454768357
1923;93,877009967211
1924;93,8786615729787
1925;93,880640530796
1926;93,878589760898
1927;93,8769052601499
1928;93,8787473105681
1929;93,879562281691
1930;93,8767229447308
1931;93,8735577868991
1932;93,8725066926248
1933;93,8703300073332
1934;93,8657132915854
1935;93,8629978264871
1936;93,8633293496534
1937;93,86261978169
1938;93,8594578044802
1939;93,8572433688275
1940;93,8564206028847
1941;93,8528135668143
1942;93,8464579612667
1943;93,8438850620272
1944;93,8475143590877
1945;93,8517467603538
1946;93,8530185423156
1947;93,8543456411436
1948;93,8572231262372
1949;93,8580334452819
1950;93,8557287646708
1951;93,8550479073499
1952;93,8583031844868
1953;93,861403182164
1954;93,8619755535597
1955;93,8634319536747
1956;93,8673303299023
1957;93,8705397982656
1958;93,8715627267801
1959;93,8731380078341
1960;93,8759310502348
1961;93,8766547422977
1962;93,8748715860196
1963;93,874488004348
1964;93,876201672583
1965;93,8754719747626
1966;93,8706501239617
1967;93,8664828792965
1968;93,8662538201098
1969;93,8671587861607
1970;93,8666047099494
1971;93,8662984698456
1972;93,8672023757329
1973;93,8669439238931
1974;93,8648227049976
1975;93,86351986124
1976;93,8634154152013
1977;93,8611645374966
1978;93,8562009834659
1979;93,8524514300741
1980;93,851256916964
1981;93,848864162834
1982;93,8436446861815
1983;93,8390587823122
1984;93,8370652564022
1985;93,8340617191142
1986;93,8279762283805
1987;93,8222910886124
1988;93,8194495490504
1989;93,8163438307449
1990;93,810185895363
1991;93,803358402478
1992;93,7988332186452
1993;93,7958028921447
1994;93,7929774984451
1995;93,791343514125
1996;93,7906241919762
1997;93,7878767804156
1998;93,7821989688544
1999;93,7762579057159
2000;93,7714169155566
2001;93,7661082988422
2002;93,7605116598632
2003;93,7572450131724
2004;93,7559304216907
2005;93,751938699325
2006;93,7440630011572
2007;93,7364718342359
2008;93,7311398490769
2009;93,7250023697628
2010;93,7164088661875
2011;93,708164327511
2012;93,7010475582074
2013;93,6911902939417
2014;93,6767183143333
2015;93,6610515490808
2016;93,6469922301616
2017;93,6333934321727
2018;93,619931060418
2019;93,6091114702241
2020;93,6011057344783
2021;93,5925617743144
2022;93,5826777678107
2023;93,5747124913317
2024;93,569653857968
2025;93,5644035619177
2026;93,5581626869402
2027;93,5543325913461
2028;93,553997809289
2029;93,553814930388
2030;93,5522175819723
2031;93,5522841730876
2032;93,5555168886956
2033;93,5590293974744
2034;93,5610980003535
2035;93,5638669599162
2036;93,568094935832
2037;93,5710157260894
2038;93,5720206180292
2039;93,5746335713609
2040;93,5803139333328
2041;93,5859548671806
2042;93,5897924432519
2043;93,5940387536251
2044;93,5994137885149
2045;93,6031628631753
2046;93,6049317617867
2047;93,6084996396231
2048;93,6150083996696
2049;93,6203973599793
2050;93,6223046977732
2051;93,6237063284685
2052;93,6269591996881
2053;93,6300656461685
2054;93,6315688254551
2055;93,6336436211024
2056;93,6373575921212
2057;93,6401929166358
2058;93,6413012565602
2059;93,6442206655662
2060;93,6510109210458
2061;93,6585653734885
2062;93,663798290446
2063;93,6678075378254
2064;93,6721687732522
2065;93,6759902753256
2066;93,6794079610111
2067;93,6850352771049
2068;93,6930867602778
2069;93,6997641767201
2070;93,7030684841741
2071;93,7055746384382
2072;93,7091447227988
2073;93,7118546229803
2074;93,7127026005625
2075;93,7143198998963
2076;93,7181982984964
2077;93,7220442312205
2078;93,7242889544229
2079;93,7268746797542
2080;93,7308645968482
2081;93,7340615353238
2082;93,7356138528929
2083;93,7381296585309
2084;93,7428550154003
2085;93,7473746881366
2086;93,7504239846195
2087;93,7541211210102
2088;93,759183382681
2089;93,763009499006
2090;93,7649832551432
2091;93,7685765329228
2092;93,7754796913631
2093;93,7825804319606
2094;93,7873779569602
2095;93,7914602496532
2096;93,7960548724047
2097;93,799265689238
2098;93,800669253294
2099;93,8037107069073
2100;93,8103044109666
2101;93,8174762016959
2102;93,8223017198718
2103;93,8258049710038
2104;93,8295517914803
2105;93,8327602193555
2106;93,835359934857
2107;93,8394764810712
2108;93,8452547674441
2109;93,8495981976577
2110;93,8514321738466
2111;93,8538118717309
2112;93,8585278574098
2113;93,8632326421053
2114;93,8662225874736
2115;93,8692391897472
2116;93,8729896718949
2117;93,8748150505507
2118;93,8737016125864
2119;93,8729689488423
2120;93,8750394373808
2121;93,8779044403386
2122;93,8794837992868
2123;93,8810403033594
2124;93,8835175903462
2125;93,8849806894794
2126;93,8846118110336
2127;93,8849780486248
2128;93,8874264082199
2129;93,889369099235
2130;93,8888946977051
2131;93,8879498505139
2132;93,888247443989
2133;93,8881688959323
2134;93,886431595226
2135;93,8847342788803
2136;93,8840614677618
2137;93,8823980629952
2138;93,8787691960059
2139;93,8755724370838
2140;93,8742488970245
2141;93,872553409649
2142;93,8686649859776
2143;93,8640926868217
2144;93,8600183232492
2145;93,8547258442424
2146;93,8472735194208
2147;93,839958261087
2148;93,8346594719445
2149;93,8303266758196
2150;93,8262407466255
2151;93,8238465697127
2152;93,8232005376784
2153;93,8216841258974
2154;93,8185846575834
2155;93,816986201344
2156;93,8187721962054
2157;93,8215691428244
2158;93,822823280309
2159;93,8230564389854
2160;93,82304154375
2161;93,8218293575747
2162;93,8197867401946
2163;93,8195519085352
2164;93,8217181192723
2165;93,8234656352872
2166;93,8234627335091
2167;93,8240042176654
2168;93,826276056984
2169;93,8278752996944
2170;93,8272975968931
2171;93,8265632404421
2172;93,8270326141895
2173;93,826963154948
2174;93,8256740743714
2175;93,825748632033
2176;93,8284019965697
2177;93,8308381397345
2178;93,8309595721281
2179;93,830698044338
2180;93,8319885631605
2181;93,8334640630959
2182;93,8338727185256
2183;93,8347715478159
2184;93,8369601041596
2185;93,8381090950506
2186;93,836868244453
2187;93,8356684530535
2188;93,8365502768639
2189;93,8377508057596
2190;93,8372708656122
2191;93,8364086416773
2192;93,8369599792372
2193;93,838191520958
2194;93,8392468006789
2195;93,8413124790356
2196;93,8447910708483
2197;93,847477365964
2198;93,8480682249674
2199;93,8484958562154
2200;93,8504876896836
2201;93,8528375651482
2202;93,8541607301199
2203;93,8552152379575
2204;93,8565145058964
2205;93,8568912743062
2206;93,8563339139572
2207;93,8568862013114
2208;93,858914113103
2209;93,8600241166823
2210;93,8594952754209
2211;93,8599995726854
2212;93,8629244835349
2213;93,8658410737335
2214;93,8667732160267
2215;93,8671300957559
2216;93,8681003418328
2217;93,8680111608165
2218;93,8658075807334
2219;93,8635324521675
2220;93,8627703960361
2221;93,8620559258442
2222;93,860218961441
2223;93,858853299244
2224;93,8590170206231
2225;93,8588456506936
2226;93,8568845876038
2227;93,8545743128248
2228;93,8532019477616
2229;93,8516300366191
2230;93,8492040408328
2231;93,8475124004313
2232;93,8471322820829
2233;93,8460386136633
2234;93,8433658812686
2235;93,8411912497481
2236;93,8404291607995
2237;93,8386546902445
2238;93,8343662335126
2239;93,8297436542735
2240;93,8266211213486
2241;93,8233228131826
2242;93,8181866996814
2243;93,812894825962
2244;93,8095465060608
2245;93,8075210238634
2246;93,8056983033336
2247;93,8046513109371
2248;93,8041436941095
2249;93,801639212217
2250;93,7959563199907
2251;93,7895658838549
2252;93,7848667527294
2253;93,7810230666262
2254;93,7765746523774
2255;93,7721211067865
2256;93,7682527734368
2257;93,7637479376168
2258;93,7581759549064
2259;93,7532519394494
2260;93,7496846484276
2261;93,745670402974
2262;93,7404116685522
2263;93,7358427013075
2264;93,7327585149784
2265;93,728889913876
2266;93,7229266439636
2267;93,7171610551012
2268;93,7136243297441
2269;93,7108567824579
2270;93,706913844837
2271;93,7023307698086
2272;93,6978867241429
2273;93,6926535465725
2274;93,6865161528601
2275;93,6814727821532
2276;93,6781437710479
2277;93,6742249607268
2278;93,6686280156046
2279;93,6635863533185
2280;93,660636057072
2281;93,6576515790471
2282;93,6526408275349
2283;93,6468684941657
2284;93,6419116646671
2285;93,6368379411112
2286;93,6307983229031
2287;93,6255417172046
2288;93,622206079064
2289;93,6189338273002
2290;93,6139851691125
2291;93,6089098339573
2292;93,6054306330536
2293;93,6023316325642
2294;93,5977251412609
2295;93,5919554146052
2296;93,585678767591
2297;93,5780124684897
2298;93,5693004079296
2299;93,5623549466624
2300;93,5588164204826
2301;93,5562837152775
2302;93,5526149528567
2303;93,5489789803156
2304;93,5470288485866
2305;93,5455294000037
2306;93,5434236212131
2307;93,5426092444104
2308;93,5443254149982
2309;93,5462144233917
2310;93,545410495303
2311;93,542303722179
2312;93,5379777829071
2313;93,5319549888
2314;93,5256113660265
2315;93,5226403902035
2316;93,523879869169
2317;93,5245208838098
2318;93,5211569977418
2319;93,5159356103678
2320;93,5121431631642
2321;93,5081949063096
2322;93,5037005612756
2323;93,5027810548321
2324;93,5075452180105
2325;93,5118439624486
2326;93,5103079908718
2327;93,5054299665311
2328;93,5009418950397
2329;93,4952051785532
2330;93,4876078668662
2331;93,4839282531577
2332;93,488088689103
2333;93,4943405113362
2334;93,4971097024655
2335;93,4982701158365
2336;93,501819795054
2337;93,506473209031
2338;93,5108918323907
2339;93,5179911266846
2340;93,5291508698333
2341;93,5387559505158
2342;93,540931910834
2343;93,5385457105541
2344;93,5383699031804
2345;93,5416238417976
2346;93,5465812365665
2347;93,5517728584129
2348;93,5549704626756
2349;93,5556496879148
2350;93,5555534815849
2351;93,5585671485246
2352;93,5675627092598
2353;93,5776064545342
2354;93,580091521694
2355;93,5776650204007
2356;93,5794758254498
2357;93,5839762900625
2358;93,5850846621521
2359;93,5861777427294
2360;93,5925928050027
2361;93,601200091749
2362;93,6043555852131
2363;93,6050195147741
2364;93,6071729303038
2365;93,6073484118983
2366;93,6063119005371
2367;93,6125344340966
2368;93,6271423283614
2369;93,6396682396842
2370;93,6433414616676
2371;93,6424772099464
2372;93,6419933932591
2373;93,6408304464294
2374;93,6381778570449
2375;93,6368456179491
2376;93,6376801738759
2377;93,6375655623454
2378;93,6351913631534
2379;93,633481094175
2380;93,6348994190667
2381;93,6386595948533
2382;93,6435149962009
2383;93,6493949436632
2384;93,6551116242631
2385;93,657893848688
2386;93,6568784290578
2387;93,6545840499054
2388;93,6535034643308
2389;93,6535515170178
2390;93,6541246131567
2391;93,6559583005044
2392;93,6591356554609
2393;93,6617594629821
2394;93,6626295817163
2395;93,6631064128489
2396;93,6645270331741
2397;93,6659405162134
2398;93,6661291348478
2399;93,6656492370536
2400;93,6652222127894
2401;93,6643713038016
2402;93,6633030415713
2403;93,6638128389104
2404;93,6665244550422
2405;93,669426239988
2406;93,6708723515234
2407;93,671858037273
2408;93,6736476630391
2409;93,6754183605726
2410;93,6760973256583
2411;93,6764613477713
2412;93,6776011054597
2413;93,6791601654682
2414;93,6806421359699
2415;93,6825768464405
2416;93,6850248081455
2417;93,6869321439264
2418;93,6882509575882
2419;93,6905858177092
2420;93,6944899185274
2421;93,6983142029202
2422;93,700925503378
2423;93,7032478568616
2424;93,7059376775542
2425;93,7080385561849
2426;93,7092383181952
2427;93,7108915024288
2428;93,7133880878004
2429;93,7150377181761
2430;93,7149719329897
2431;93,7145876166713
2432;93,7147367651829
2433;93,7142455585564
2434;93,7127606298974
2435;93,7122057855264
2436;93,7135615174554
2437;93,7148751678032
2438;93,7144195294965
2439;93,7133254783212
2440;93,7131652662884
2441;93,7133924718386
2442;93,7131235734165
2443;93,7130063094081
2444;93,7132676263923
2445;93,7122457457914
2446;93,7090113319022
2447;93,7053675683438
2448;93,7032441721954
2449;93,7021306733638
2450;93,7009490128741
2451;93,700296731677
2452;93,7007378022098
2453;93,7008334893405
2454;93,6990666179715
2455;93,6962188495294
2456;93,6940297085293
2457;93,6929201860575
2458;93,6924432711529
2459;93,6923303542661
2460;93,6917789423752
2461;93,6895113328046
2462;93,6858507833105
2463;93,6829230049732
2464;93,6816338520966
2465;93,6804193440282
2466;93,6780579179066
2467;93,6754628663384
2468;93,6734658056927
2469;93,6712366561144
2470;93,6683839827379
2471;93,6662652779159
2472;93,6655305545525
2473;93,6644873049577
2474;93,6615498378801
2475;93,6573582942173
2476;93,653020977393
2477;93,648317972247
2478;93,6431173817837
2479;93,6385083224921
2480;93,6350129150392
2481;93,6315870410523
2482;93,6276885939484
2483;93,6242824123108
2484;93,6215541285854
2485;93,6178753800031
2486;93,6124374182507
2487;93,6067108673669
2488;93,6019076347047
2489;93,5972714983668
2490;93,5923233490186
2491;93,5884053853635
2492;93,586277804837
2493;93,5843723758702
2494;93,5811919890397
2495;93,5774480887302
2496;93,5741873574984
2497;93,5708330299132
2498;93,566777982957
2499;93,5629654858991
2500;93,5601278202005
2501;93,5571755000325
2502;93,5529212043151
2503;93,5477539516312
2504;93,5422383952976
2505;93,535814720412
2506;93,5282704063518
2507;93,5207430937082
2508;93,5139089194783
2509;93,5068701097737
2510;93,4990549534071
2511;93,4914504061391
2512;93,4847324874288
2513;93,4779224672163
2514;93,4700785215186
2515;93,4616537783708
2516;93,4531828052974
2517;93,4443579565499
2518;93,4352686082188
2519;93,4266951233751
2520;93,4183844519355
2521;93,409026684593
2522;93,3987065365598
2523;93,3892869777905
2524;93,3816526884202
2525;93,3747945102946
2526;93,368244706732
2527;93,3628615168704
2528;93,3583747287146
2529;93,3528742363375
2530;93,3458713993872
2531;93,3392938221017
2532;93,3343116934795
2533;93,3298218088494
2534;93,3252606128109
2535;93,3221017277108
2536;93,3210382794438
2537;93,3203623520294
2538;93,3188384221204
2539;93,3176848195807
2540;93,317922790093
2541;93,3181041566957
2542;93,3165226427493
2543;93,3136173032774
2544;93,3105090526536
2545;93,3071902996056
2546;93,3037541595182
2547;93,3013565971342
2548;93,3003055114786
2549;93,2990881107262
2550;93,2967852299443
2551;93,294541143002
2552;93,2932121228864
2553;93,2915270093387
2554;93,288075504018
2555;93,2832992416421
2556;93,2781549640462
2557;93,2726246397959
2558;93,2667976390653
2559;93,2615336297556
2560;93,2567721974976
2561;93,2509505575061
2562;93,2431858546768
2563;93,2342902569382
2564;93,224887822806
2565;93,2146586172145
2566;93,2041837516168
2567;93,1950451139314
2568;93,1870543292377
2569;93,1778874356278
2570;93,1666583750998
2571;93,1553787090659
2572;93,1456218400953
2573;93,1362664887463
2574;93,1259543358812
2575;93,1153089715846
2576;93,105180838351
2577;93,0950235611673
2578;93,0845414963808
2579;93,0746884368468
2580;93,0655372988114
2581;93,0554057690581
2582;93,0436038589122
2583;93,0318488486026
2584;93,0214698438754
2585;93,0114055064043
2586;93,0004457508401
2587;92,9892443377605
2588;92,9785897905315
2589;92,9678564234658
2590;92,9567043888653
2591;92,9462166350682
2592;92,936898266623
2593;92,9276723821853
2594;92,9182241485648
2595;92,9100107232336
2596;92,9033586097168
2597;92,8958366277884
2598;92,8853065638439
2599;92,8726352235135
2600;92,8597783306274
2601;92,8471260668799
2602;92,8342863117669
2603;92,8215442848205
2604;92,8089941064986
2605;92,7960025408673
2606;92,7827841511155
2607;92,7705415927233
2608;92,7589218639991
2609;92,7456659317872
2610;92,7301851405831
2611;92,7151324679346
2612;92,7027938083654
2613;92,6921201465286
2614;92,6809843058983
2615;92,6691796975636
2616;92,6573518746329
2617;92,6449583959816
2618;92,6312193919782
2619;92,616498798597
2620;92,6011479932145
2621;92,5845063812298
2622;92,5663157672196
2623;92,5474543329425
2624;92,5282115932752
2625;92,507751541011
2626;92,4862477862994
2627;92,465293061983
2628;92,4450919834458
2629;92,4237813991231
2630;92,4009818382836
2631;92,379476077732
2632;92,361576518565
2633;92,3461134965277
2634;92,3308427237905
2635;92,3156721944554
2636;92,3016445372573
2637;92,2888075772178
2638;92,2770454344106
2639;92,2671205018278
2640;92,258964891134
2641;92,2506554119141
2642;92,2408434138594
2643;92,2305198835497
2644;92,2207960217438
2645;92,2108187296362
2646;92,1995898792318
2647;92,1879256879678
2648;92,1766577920231
2649;92,1644997724972
2650;92,1495468225116
2651;92,131504013903
2652;92,1109258512411
2653;92,0878628843191
2654;92,0628088045118
2655;92,0373182669811
2656;92,0120120374186
2657;91,9854090700486
2658;91,9561814597125
2659;91,9250836480285
2660;91,8933990208221
2661;91,8612363275363
2662;91,8287663964809
2663;91,7973290743356
2664;91,7677060326217
2665;91,7388786832643
2666;91,7099800821764
2667;91,6819584771003
2668;91,6560231394884
2669;91,6321508922254
2670;91,6104510863671
2671;91,5921454078652
2672;91,5776040400395
2673;91,5650492120152
2674;91,5527655308664
2675;91,5411685757302
2676;91,531440980918
2677;91,5237794320688
2678;91,5182480153081
2679;91,5155800832669
2680;91,5157976338336
2681;91,5178631934899
2682;91,5220469878777
2683;91,5306437202247
2684;91,5447489665869
2685;91,5622159091862
2686;91,5805100249079
2687;91,5997867699633
2688;91,6214185604386
2689;91,6453031994142
2690;91,6705923147048
2691;91,6974701190403
2692;91,7261619697189
2693;91,7554377936102
2694;91,7838611113044
2695;91,811251535862
2696;91,8372809746293
2697;91,8600594514455
2698;91,8779668194113
2699;91,8917396979166
2700;91,9030963574398
2701;91,9124098611591
2702;91,9192111020538
2703;91,9236853791354
2704;91,9260203411944
2705;91,9253759981679
2706;91,9210427762568
2707;91,9136690904675
2708;91,9040912642802
2709;91,8920209483408
2710;91,8770216342514
2711;91,859600813507
2712;91,8403734723613
2713;91,8196244300374
2714;91,7987554534086
2715;91,7804378698758
2716;91,7658577134616
2717;91,7531596222302
2718;91,7398491164866
2719;91,7252815937194
2720;91,7095963903736
2721;91,6919022563536
2722;91,6710737496543
2723;91,6470043046889
2724;91,6198012129592
2725;91,5893031803612
2726;91,5568438436634
2727;91,5260403118144
2728;91,5003573019968
2729;91,4811278150242
2730;91,4689916839964
2731;91,4653419588036
2732;91,4705414554194
2733;91,4821507688087
2734;91,4967727263499
2735;91,5127201755516
2736;91,5295573836137
2737;91,54634606499
2738;91,5619275321085
2739;91,5758716818296
2740;91,587723079018
2741;91,5963315752649
2742;91,6011517809447
2743;91,6030592724132
2744;91,6027393312002
2745;91,5996172710828
2746;91,5936023085059
2747;91,586358012459
2748;91,5792539763699
2749;91,5713420054026
2750;91,5610376796779
2751;91,5488371370789
2752;91,5368441599816
2753;91,5263781963208
2754;91,5172248631293
2755;91,5082978253278
2756;91,4979021995996
2757;91,4844088358793
2758;91,4679926450194
2759;91,4509544046206
2760;91,4353097486541
2761;91,420801807398
2762;91,4058857156587
2763;91,3894488862498
2764;91,370806877674
2765;91,3494439797588
2766;91,3258359295488
2767;91,3012845050752
2768;91,2759111247213
2769;91,247994311859
2770;91,2161504380863
2771;91,180774355552
2772;91,1423627669941
2773;91,0999659512595
2774;91,0526184742091
2775;91,0010023170152
2776;90,9462901533914
2777;90,8882984740295
2778;90,8259488275588
2779;90,758688294292
2780;90,6865319841243
2781;90,6096850874363
2782;90,5290228076077
2783;90,4459969659138
2784;90,3612770346439
2785;90,2743985855488
2786;90,1853157915671
2787;90,0951805201059
2788;90,0050091944943
2789;89,9147043017358
2790;89,8237920666506
2791;89,7317573261467
2792;89,6371979116769
2793;89,5382137750181
2794;89,4343391804036
2795;89,326725398189
2796;89,2159162305269
2797;89,1010187308562
2798;88,9816213510572
2799;88,858727645125
2800;88,7328493839275
2801;88,6026535415746
2802;88,4663531588054
2803;88,3231226247634
2804;88,172514414485
2805;88,0139296602293
2806;87,847267370792
2807;87,6725848183836
2808;87,4885257551074
2809;87,292594815283
2810;87,0834528032778
2811;86,8612842505624
2812;86,6254843344527
2813;86,3738974654486
2814;86,1049506722516
2815;85,8185731868025
2816;85,5142257074553
2817;85,1898704508471
2818;84,8435597942602
2819;84,473912668145
2820;84,0779321210314
2821;83,6501800388346
2822;83,1851813544522
2823;82,6790207876741
2824;82,127770827634
2825;81,5263040005793
2826;80,8699852262426
2827;80,156363643916
2828;79,3848667380457
2829;78,5568414226571
2830;77,6765122912836
2831;76,7491853856803
2832;75,7759238234436
2833;74,7494569767428
2834;73,6538289926407
2835;72,4646004367495
2836;71,1478867394303
2837;69,6612303886998
2838;67,9570842017906
2839;65,9850230000228
2840;63,6925178788833
2841;61,0309514315613
2842;57,9704335478914
2843;54,5168383520942
2844;50,7219547874344
2845;46,6835833558403
2846;42,5361487299556
2847;38,4331581311742
2848;34,5269150659573
2849;30,954292139458
2850;27,8326666251889
2851;25,261491745625
2852;23,3218081022749
2853;22,070153252202
2854;21,5302749407055
2855;21,6897384068507
2856;22,5047669944458
2857;23,9095869438251
2858;25,8240998440611
2859;28,1567639775338
2860;30,8033872880212
2861;33,6453518352552
2862;36,5521157748099
2863;39,3898565478941
2864;42,0325669318154
2865;44,3716764826156
2866;46,325569412089
2867;47,8528753864743
2868;48,9687020182847
2869;49,7556470483133
2870;50,3573052218656
2871;50,9460076343581
2872;51,670774528548
2873;52,6076525977296
2874;53,7383506574
2875;54,9680620256906
2876;56,1699165854992
2877;57,2301902853134
2878;58,0739942340362
2879;58,667629326872
2880;59,0073731897345
2881;59,1069421872304
2882;58,9889756092201
2883;58,6791436167936
2884;58,2015805825754
2885;57,5771411623829
2886;56,8247334406406
2887;55,9629050623075
2888;55,0098404548053
2889;53,9830243065284
2890;52,8994884525721
2891;51,7753664766424
2892;50,624388184833
2893;49,4572047144907
2894;48,2822238826305
2895;47,1058112905962
2896;45,9305826167697
2897;44,7539514812496
2898;43,569429572977
2899;42,3698518017231
2900;41,1497132822572
2901;39,9053938227797
2902;38,6342196497853
2903;37,3335921044713
2904;36,0003546508442
2905;34,630465358593
2906;33,2186795234374
2907;31,7583885014706
2908;30,2420007781613
2909;28,6623188881139
2910;27,0150253229714
2911;25,3018878765987
2912;23,5335915400153
2913;21,7305029345306
2914;19,920660257118
2915;18,1368411076315
2916;16,4151219464833
2917;14,7943402802124
2918;13,3134036090337
2919;12,005764178873
2920;10,8944060924285
2921;9,99071075957085
2922;9,29662972788949
2923;8,80723078130466
2924;8,5122260239857
2925;8,39762525293277
2926;8,44882015941848
2927;8,6542812103615
2928;9,00780052263221
2929;9,50826183875948
2930;10,1577587847377
2931;10,9593966950472
2932;11,9156165070472
2933;13,0274066252968
2934;14,2940145876608
2935;15,7118319487253
2936;17,2719671479542
2937;18,9582056670209
2938;20,7471534660512
2939;22,6097025087022
2940;24,5122840204308
2941;26,4183308729992
2942;28,2903478068442
2943;30,0903589993643
2944;31,7776142882561
2945;33,307499073252
2946;34,6355562863874
2947;35,7247075556381
2948;36,5518353639426
2949;37,1147888914257
2950;37,4410196570134
2951;37,5916058341275
2952;37,6523160828052
2953;37,7137042991865
2954;37,8525349695132
2955;38,1239850578258
2956;38,5633586979723
2957;39,1907294812142
2958;40,0150037698329
2959;41,0375463766227
2960;42,2555889780662
2961;43,6644744434336
2962;45,2576002352969
2963;47,0234190572129
2964;48,9409930243952
2965;50,9778491757091
2966;53,0925178705806
2967;55,2397256893301
2968;57,3749204561489
2969;59,4577648800532
2970;61,4556061813458
2971;63,3459328753139
2972;65,1163798006245
2973;66,7630790109196
2974;68,2885210028353
2975;69,698632716422
2976;70,9996894057068
2977;72,197433095541
2978;73,2986803018423
2979;74,3120100501784
2980;75,245647237032
2981;76,104999526183
2982;76,8921795822959
2983;77,606244129481
2984;78,2431901426878
2985;78,7976024197909
2986;79,2659070778177
2987;79,6469099900126
2988;79,9379832832261
2989;80,1321220255446
2990;80,2204617775863
2991;80,1966686709764
2992;80,0569238827198
2993;79,7958900894966
2994;79,4051497409658
2995;78,8782345326964
2996;78,2190233830366
2997;77,4466765910757
2998;76,5934700194982
2999;75,6980095941471
3000;74,7997166168668
3001;73,9378180345212
3002;73,1520945643678
3003;72,4809409182338
3004;71,9573027766142
3005;71,6065986575141
3006;71,4476554657462
3007;71,4930952564754
3008;71,7477979036696
3009;72,2085328533543
3010;72,8658130781096
3011;73,7039467215425
3012;74,69762666791
3013;75,8107961098251
3014;77,001786521129
3015;78,2297456400263
3016;79,4566238358887
3017;80,647524106485
3018;81,7743161597727
3019;82,8196120494654
3020;83,7755719330139
3021;84,6392649638013
3022;85,4107929500415
3023;86,0945344599027
3024;86,6990742405087
3025;87,2342714226808
3026;87,7082268038236
3027;88,1264038989516
3028;88,4928755796554
3029;88,8126724789723
3030;89,0927517833142
3031;89,3399827258751
3032;89,5587964298974
3033;89,7524945329364
3034;89,9264620922282
3035;90,0872882245038
3036;90,2379175899552
3037;90,375795901463
3038;90,4970723523652
3039;90,6013874660219
3040;90,6923768377384
3041;90,7754404788496
3042;90,8557218608161
3043;90,9362354956048
3044;91,0163803511937
3045;91,0931564577191
3046;91,1642419325006
3047;91,2286577787339
3048;91,2852144012711
3049;91,3331686850474
3050;91,374958421049
3051;91,4152613068798
3052;91,4559437502541
3053;91,4942496918379
3054;91,5271573237559
3055;91,5550907506728
3056;91,5799273988294
3057;91,601642838197
3058;91,6189438042598
3059;91,6314978148586
3060;91,6398889869116
3061;91,645234191304
3062;91,6499965066348
3063;91,6571801267359
3064;91,6673684390345
3065;91,6789459747047
3066;91,6928884388601
3067;91,7147226129292
3068;91,7492868868878
3069;91,7954025404434
3070;91,8480340510292
3071;91,9038060064446
3072;91,9618782990597
3073;92,0210207525519
3074;92,0786873591554
3075;92,1324136012417
3076;92,1806643822466
3077;92,223526914117
3078;92,264076308365
3079;92,3071117949351
3080;92,3540633735592
3081;92,4005905102499
3082;92,4413383965034
3083;92,4759787291872
3084;92,5086402166682
3085;92,5424551858272
3086;92,57655139414
3087;92,6076898471986
3088;92,6333922433968
3089;92,6541468831597
3090;92,6738466474591
3091;92,6969291383887
3092;92,7239576599037
3093;92,7511751735601
3094;92,7750859830342
3095;92,7955298710888
3096;92,8132247333941
3097;92,8272633047932
3098;92,8374861590678
3099;92,8471979534428
3100;92,8605203274422
3101;92,8780979971417
3102;92,8975722695241
3103;92,9168575479712
3104;92,9344070997902
3105;92,9476066381931
3106;92,9544563739294
3107;92,957175904637
3108;92,9617721775119
3109;92,9730736068101
3110;92,9910461370017
3111;93,0109108008889
3112;93,0256774601918
3113;93,0304112477032
3114;93,0265503185358
3115;93,0215450910914
3116;93,0222744406681
3117;93,0292797798404
3118;93,0386917062035
3119;93,0486054644702
3120;93,061223350005
3121;93,0790848307069
3122;93,1012919804138
3123;93,1238654201176
3124;93,1426364083201
3125;93,1554326432889
3126;93,1623818920837
3127;93,1651591953112
3128;93,1661209224629
3129;93,1678709440456
3130;93,1727535507696
3131;93,1812908795715
3132;93,1911988038088
3133;93,1994529890055
3134;93,2052240089538
3135;93,2091132920226
3136;93,2101040144743
3137;93,2063901468404
3138;93,1998179441446
3139;93,1964520386935
3140;93,2007557671531
3141;93,2110474086004
3142;93,2222191142261
3143;93,2311488269443
3144;93,2378362648299
3145;93,2431833099072
3146;93,2478001939339
3147;93,2518430899308
3148;93,2537552493525
3149;93,2502508397278
3150;93,2401273926415
3151;93,2278267918933
3152;93,2210269303112
3153;93,2242385607853
3154;93,2356406971642
3155;93,2496324548674
3156;93,2611682104276
3157;93,2682195809054
3158;93,2718160588006
3159;93,2742296566165
3160;93,2766393774164
3161;93,278598669196
3162;93,2796733017532
3163;93,2804278492938
3164;93,2812836339013
3165;93,281734106454
3166;93,2816829296576
3167;93,2824249834952
3168;93,2851104568737
3169;93,2890760242509
3170;93,2927043487254
3171;93,2950885779036
3172;93,2962709213294
3173;93,2967099993333
3174;93,2973022517498
3175;93,299042994468
3176;93,3018507180124
3177;93,3044305328966
3178;93,3058368204824
3179;93,3064604027036
3180;93,3070601950442
3181;93,3079178682559
3182;93,3094478196051
3183;93,3122973926864
3184;93,3160605660726
3185;93,3191091415796
3186;93,3205869996174
3187;93,3215473019056
3188;93,3234158998459
3189;93,3264996850164
3190;93,3306500426398
3191;93,3358543651174
3192;93,3416165578242
3193;93,3468754489013
3194;93,3513509411316
3195;93,3558636288124
3196;93,3607139180744
3197;93,3650876809265
3198;93,36876683031
3199;93,3729864550222
3200;93,378531877081
3201;93,3843912038071
3202;93,3894330271646
3203;93,3941591118622
3204;93,3996842204692
3205;93,406028089918
3206;93,4125761849643
3207;93,4191541820835
3208;93,4257144419446
3209;93,4317558055411
3210;93,4370698000852
3211;93,4422515564954
3212;93,4477300842584
3213;93,4531275805465
3214;93,458263768076
3215;93,4636253619056
3216;93,4691551214244
3217;93,4738776105672
3218;93,4776686593582
3219;93,4821131101645
3220;93,4884174281617
3221;93,4955773757462
3222;93,5017018146316
3223;93,5060829077165
3224;93,5091019417784
3225;93,5110878665235
3226;93,5125143998472
3227;93,514467693803
3228;93,5175005446642
3229;93,5199677448934
3230;93,5186791846833
3231;93,5120522668806
3232;93,5027373009805
3233;93,497007383529
3234;93,5006007520505
3235;93,5137218622486
3236;93,530235014998
3237;93,5428975252676
3238;93,549289124512
3239;93,5520310272595
3240;93,554147353996
3241;93,5563237711688
3242;93,5581409385881
3243;93,5589881823854
3244;93,5573433466217
3245;93,5520621168714
3246;93,5455949678222
3247;93,543360851995
3248;93,5483524968872
3249;93,5579418507678
3250;93,5670027532556
3251;93,5724028760326
3252;93,57340675739
3253;93,570242005258
3254;93,5647366733865
3255;93,5606968817453
3256;93,5610074739067
3257;93,56483436865
3258;93,5691102878036
3259;93,572142475969
3260;93,5742026369258
3261;93,5755973464116
3262;93,5760443859235
3263;93,5755877777176
3264;93,5747433340067
3265;93,5738174274071
3266;93,5723453100336
3267;93,5684539232535
3268;93,5594454014452
3269;93,5449413458858
3270;93,5298815102109
3271;93,5217941487374
3272;93,5232711050808
3273;93,5290592741678
3274;93,5325613373848
3275;93,5331415875934
3276;93,5345605060879
3277;93,5383633893915
3278;93,5422836362202
3279;93,5442348746553
3280;93,5443825031298
3281;93,5431327637322
3282;93,5399494037357
3283;93,5348943062488
3284;93,5293338106344
3285;93,5245239653383
3286;93,5205401713864
3287;93,5163859729949
3288;93,510122991272
3289;93,4996258830806
3290;93,4852986526882
3291;93,4716877235032
3292;93,4640311870098
3293;93,4630178364755
3294;93,4650252670537
3295;93,4674060749344
3296;93,4709329381004
3297;93,4766527130864
3298;93,4830588745302
3299;93,4877711587022
3300;93,4899706543947
3301;93,4892837869737
3302;93,483819692596
3303;93,4720199889378
3304;93,4563588021065
3305;93,4433737083104
3306;93,4390946415248
3307;93,4448597699846
3308;93,4573715815747
3309;93,4718575415682
3310;93,4848789891208
3311;93,4951028073229
3312;93,5026991449087
3313;93,5084011743587
3314;93,5126634439446
3315;93,515290648413
3316;93,5159562089569
3317;93,5151144081979
3318;93,5138890248558
3319;93,5127540185163
3320;93,510833555871
3321;93,5069060702531
3322;93,5006173780868
3323;93,4925499595329
3324;93,4840094879626
3325;93,4774132264911
3326;93,4755666065307
3327;93,4789503136132
3328;93,4842694900868
3329;93,4872276806008
3330;93,4864654645312
3331;93,4836861280329
3332;93,4804836222414
3333;93,4767048062143
3334;93,4714378535563
3335;93,4637041979097
3336;93,4526218665007
3337;93,4392484132736
3338;93,4280663479001
3339;93,4237889998089
3340;93,425967522151
3341;93,4291281340612
3342;93,4290856896262
3343;93,4269121276979
3344;93,4257964351007
3345;93,4262608162917
3346;93,4257500472075
3347;93,4210926291178
3348;93,4104799049176
3349;93,3953007238256
3350;93,3811833217202
3351;93,3748602284872
3352;93,3777640641241
3353;93,384242936033
3354;93,3877319686333
3355;93,3869056411696
3356;93,3842269606189
3357;93,3807945307494
3358;93,3755492613075
3359;93,368393428496
3360;93,3611377440717
3361;93,3552298315118
3362;93,3503944254886
3363;93,3453621431158
3364;93,3384049526758
3365;93,327523054951
3366;93,3118647555899
3367;93,2934025472776
3368;93,2765775193092
3369;93,266224009005
3370;93,2654188868278
3371;93,2734528819013
3372;93,2847932601276
3373;93,2917888907097
3374;93,2905009576724
3375;93,2835084409202
3376;93,2761831103624
3377;93,2711949773104
3378;93,2676448817198
3379;93,2639964180723
3380;93,2599050125156
3381;93,2556334724937
3382;93,2513654491519
3383;93,2470188627522
3384;93,2419859486224
3385;93,235571252208
3386;93,2280723796448
3387;93,2202086959434
3388;93,2106845105474
3389;93,1966476129928
3390;93,1785361603434
3391;93,1627655405978
3392;93,1564461676011
3393;93,1597260389887
3394;93,1657927119574
3395;93,1678952023854
3396;93,1635507325307
3397;93,1526452139709
3398;93,135774308605
3399;93,1161539566312
3400;93,1003294352627
3401;93,0941247332368
3402;93,0980364167685
3403;93,1072762866924
3404;93,1156702682098
3405;93,1191661372394
3406;93,1169040674032
3407;93,1105258340049
3408;93,1023133901494
3409;93,0935159436514
3410;93,0842886110828
3411;93,074870473084
3412;93,0659702586719
3413;93,0580739219281
3414;93,0515021385137
3415;93,0469165953092
3416;93,0444009515074
3417;93,042081664952
3418;93,0372497221141
3419;93,0292837511729
3420;93,0203531598483
3421;93,0127628379335
3422;93,00659849712
3423;93,0003474553694
3424;92,9927175974087
3425;92,9832609777512
3426;92,9719301806244
3427;92,9589098214438
3428;92,9448590813004
3429;92,9309753409831
3430;92,9184240014565
3431;92,9072011380203
3432;92,8956207604032
3433;92,8817746428037
3434;92,8661244065797
3435;92,8515780997684
3436;92,8403584605361
3437;92,8317147992135
3438;92,8233556527489
3439;92,814004893577
3440;92,8030107702717
3441;92,7894476091598
3442;92,7729865737805
3443;92,754595336859
3444;92,7351135146846
3445;92,7141826943088
3446;92,6915361329376
3447;92,6680910346948
3448;92,6444339733985
3449;92,61942183374
3450;92,591834241794
3451;92,5622811143406
3452;92,5319641335518
3453;92,5006209558328
3454;92,4673814898114
3455;92,4326757696798
3456;92,397649358264
3457;92,362482560882
3458;92,3266918750534
3459;92,2906218169261
3460;92,2547843057646
3461;92,2191797334165
3462;92,184260202387
3463;92,151530074307
3464;92,1220561952191
3465;92,0953174618733
3466;92,0705198108062
3467;92,0477982508368
3468;92,0268145120126
3469;92,0059592397791
3470;91,9848220397631
3471;91,9662975462783
3472;91,9542417387106
3473;91,9497898540716
3474;91,9517390266157
3475;91,959463163023
3476;91,9735736552129
3477;91,9938771362866
3478;92,0181393424447
3479;92,0432522581284
3480;92,067121491988
3481;92,0900117179548
3482;92,1150415926975
3483;92,1460129769656
3484;92,183321377495
3485;92,2228108405268
3486;92,2597453785347
3487;92,2931548073641
3488;92,3253305695237
3489;92,3583995938854
3490;92,3927101140708
3491;92,4277007331281
3492;92,4622797948191
3493;92,4946797924893
3494;92,5237497080872
3495;92,5501349766677
3496;92,5749794845032
3497;92,5983753094693
3498;92,6201206432372
3499;92,6411740044206
3500;92,6625069714634
3501;92,6825484766089
3502;92,6977621045582
3503;92,7067321793786
3504;92,7123738162686
3505;92,7189154094754
3506;92,7278978867035
3507;92,7382377334316
3508;92,7488118963021
3509;92,7596581941583
3510;92,7712627625684
3511;92,7837373862139
3512;92,7963464196453
3513;92,8077576310926
3514;92,8171499549733
3515;92,824962135597
3516;92,8318874942145
3517;92,8382277909764
3518;92,8445053709155
3519;92,851845714347
3520;92,8607919913029
3521;92,8706274547526
3522;92,879996979022
3523;92,8885613382707
3524;92,897054343911
3525;92,9057493882252
3526;92,9138414069855
3527;92,920737452615
3528;92,9271046592613
3529;92,9337600039149
3530;92,9405893602356
3531;92,9471359795629
3532;92,9530418656843
3533;92,9574509430354
3534;92,9593466866002
3535;92,95947105739
3536;92,960772734042
3537;92,9658117505879
3538;92,9734970172154
3539;92,9803212927838
3540;92,9839075551644
3541;92,9849537758055
3542;92,9848965252215
3543;92,9840470937052
3544;92,9830855498922
3545;92,9847233052254
3546;92,9923255429822
3547;93,0059653730715
3548;93,0213734960708
3549;93,0334366523738
3550;93,0404653729888
3551;93,0451170026019
3552;93,0513199931271
3553;93,0602800783547
3554;93,0702840283654
3555;93,0794812708803
3556;93,0872896757884
3557;93,093786621223
3558;93,0991553918622
3559;93,1038846592256
3560;93,1092894473896
3561;93,1165951900095
3562;93,1263076484308
3563;93,137979871952
3564;93,1505570035962
3565;93,1629596791572
3566;93,1748355411291
3567;93,1859953670522
3568;93,1963137035719
3569;93,2066278596232
3570;93,2174575352992
3571;93,2283887272503
3572;93,2390593659521
3573;93,249595904808
3574;93,2608652341676
3575;93,2735069040404
3576;93,2862498207884
3577;93,2967399742909
3578;93,3046947862571
3579;93,3112048725709
3580;93,3172235522765
3581;93,3232300102922
3582;93,328932369308
3583;93,3333309600823
3584;93,335606116503
3585;93,3379788949208
3586;93,3453844426607
3587;93,3605385327682
3588;93,3787268896829
3589;93,3926006248558
3590;93,4003951339762
3591;93,4045068186621
3592;93,4065741208273
3593;93,4067524020934
3594;93,4057829193354
3595;93,4051924681952
3596;93,4045064962197
3597;93,4016560564535
3598;93,3969150326923
3599;93,3924365625173
3600;93,3880909064771
3601;93,3835622378399
3602;93,3785886353553
3603;93,3732040842181
3604;93,3679685892114
3605;93,3637027189973
3606;93,3611740319664
3607;93,3616847098376
3608;93,3645604385266
3609;93,367259512854
3610;93,3683286051671
3611;93,367446343696
3612;93,3647533318222
3613;93,3609656108695
3614;93,3579997150292
3615;93,3572874559796
3616;93,357261525667
3617;93,355037461065
3618;93,3502202829119
3619;93,3458947336656
3620;93,345885106025
3621;93,3517573550429
3622;93,360745416853
3623;93,3691341896265
3624;93,3761001225855
3625;93,3819733850314
3626;93,3865185429908
3627;93,3897853795168
3628;93,3921112740814
3629;93,3937890443404
3630;93,3963277422856
3631;93,3997137977353
3632;93,4018483122791
3633;93,4009086670724
3634;93,3974825690997
3635;93,39393385437
3636;93,3919294352887
3637;93,3908098164937
3638;93,3891123295493
3639;93,3866015822839
3640;93,3839716499571
3641;93,3820236486693
3642;93,3801569649966
3643;93,3778347253399
3644;93,3756202338024
3645;93,3750153860787
3646;93,3769920756792
3647;93,3804921527993
3648;93,3848369766499
3649;93,3889500912078
3650;93,3911833595841
3651;93,3931416487421
3652;93,3984040170637
3653;93,4054191010342
3654;93,4095883346594
3655;93,4090807325898
3656;93,4059976116492
3657;93,4031439157037
3658;93,4003407232472
3659;93,3970528921495
3660;93,3961338171396
3661;93,4012690614375
3662;93,4112105558786
3663;93,4215124138982
3664;93,4282470323188
3665;93,4320306925398
3666;93,4358671793992
3667;93,4417528060077
3668;93,4502720776215
3669;93,4597316522766
3670;93,4678982953665
3671;93,474974163085
3672;93,481784747642
3673;93,4881326549386
3674;93,4954087854267
3675;93,5045344668249
3676;93,5112810569969
3677;93,5123343475334
3678;93,5082409131754
3679;93,5027870452552
3680;93,5011553143268
3681;93,5038604747294
3682;93,5066001950203
3683;93,5086341397236
3684;93,5103147256679
3685;93,51005227512
3686;93,5059551473889
3687;93,4998473436917
3688;93,4967552722719
3689;93,5011632377246
3690;93,514956417637
3691;93,5337364649914
3692;93,5487363925704
3693;93,5562106990721
3694;93,5600611910286
3695;93,5641712254976
3696;93,5693261932208
3697;93,575789479412
3698;93,5846514359159
3699;93,5950982030691
3700;93,6046229582292
3701;93,6119619791042
3702;93,6176722420754
3703;93,6233094692503
3704;93,6284214214106
3705;93,631232573184
3706;93,6331587851502
3707;93,6373228659347
3708;93,6436605578782
3709;93,6493420181519
3710;93,6538187840465
3711;93,6584389978413
3712;93,6603017412088
3713;93,6573416010336
3714;93,6540875045322
3715;93,6526282855314
3716;93,6512007742842
3717;93,6491352449439
3718;93,6478564476598
3719;93,6473768099633
3720;93,6452437116949
3721;93,6420102120751
3722;93,6408958926381
3723;93,6429536790214
3724;93,6469792005618
3725;93,6491233346572
3726;93,6486916742181
3727;93,6488930502144
3728;93,6503456972067
3729;93,651608360577
3730;93,6529639449788
3731;93,6551335617605
3732;93,6545698887494
3733;93,6492360484169
3734;93,6438983004024
3735;93,6416838484297
3736;93,6402059312046
3737;93,6371398139036
3738;93,6332149404236
3739;93,6302722646113
3740;93,6289243464468
3741;93,6301743298596
3742;93,6337976929861
3743;93,6383169078937
3744;93,6440888283817
3745;93,6490121731706
3746;93,6533963614066
3747;93,6571550863877
3748;93,6604809093754
3749;93,6633918999166
3750;93,6636726543098
3751;93,6603101721544
3752;93,6537570853201
3753;93,6443379227762
3754;93,6348640005104
3755;93,6281266264771
3756;93,6244456968255
3757;93,6216588285942
3758;93,6176678970231
3759;93,6134712082288
3760;93,61067959207
3761;93,6093376685724
3762;93,6085231710078
3763;93,6074434282352
3764;93,6074714076254
3765;93,6080642705412
3766;93,6070449072685
3767;93,6048380507702
3768;93,6034459974692
3769;93,6021484192799
3770;93,5988438159273
3771;93,596178414777
3772;93,5964846873498
3773;93,5960344020382
3774;93,5931802349891
3775;93,5910375030484
3776;93,5910085177981
3777;93,5897135857976
3778;93,5848592151622
3779;93,579843816058
3780;93,5793881787817
3781;93,582315413499
3782;93,5842924388314
3783;93,5830717482466
3784;93,5796364549332
3785;93,5753953237092
3786;93,5710541284767
3787;93,5676806989148
3788;93,5663553667516
3789;93,565701637686
3790;93,5635312185807
3791;93,560723080446
3792;93,5597411239148
3793;93,5609506181816
3794;93,5622572430582
3795;93,5621779393174
3796;93,5613556004054
3797;93,560601532383
3798;93,5601841189734
3799;93,5620151946033
3800;93,5666329380819
3801;93,5718716497822
3802;93,5753911321848
3803;93,5782430297025
3804;93,5793428484446
3805;93,5763555990705
3806;93,5692685005316
3807;93,5621089106463
3808;93,5594989229306
3809;93,5572281722709
3810;93,5503479230766
3811;93,542173955594
3812;93,538602092622
3813;93,5403754015732
3814;93,5425203295535
3815;93,5420824048523
3816;93,5423101982818
3817;93,5451590647774
3818;93,5469925937873
3819;93,5463330947165
3820;93,5442120665618
3821;93,5414706707146
3822;93,5385902501551
3823;93,5369782688101
3824;93,5348437979845
3825;93,5291908570105
3826;93,5214620895441
3827;93,5178552066978
3828;93,5202398799532
3829;93,5228017163893
3830;93,5220321775263
3831;93,5196460232201
3832;93,5183190878803
3833;93,5165713875336
3834;93,5110968696976
3835;93,5040597259675
3836;93,5014531525039
3837;93,503876826721
3838;93,5077854915272
3839;93,5130544605678
3840;93,5191889717516
3841;93,5214755539415
3842;93,5169384718624
3843;93,509195750952
3844;93,5031702195328
3845;93,4979158654419
3846;93,4942958146606
3847;93,4947531682924
3848;93,4970800199073
3849;93,4979323641753
3850;93,4981580496336
3851;93,5007603418692
3852;93,5060711466617
3853;93,5091110244882
3854;93,5066266526766
3855;93,5053672694114
3856;93,5060051403701
3857;93,5035573139988
3858;93,4966922788706
3859;93,4890504341806
3860;93,4833254725211
3861;93,4796189629042
3862;93,4773938246693
3863;93,4764399658311
3864;93,4764677366827
3865;93,4760887617549
3866;93,4768334597716
3867;93,4778901260423
3868;93,4756685883057
3869;93,4697797820048
3870;93,4638380617767
3871;93,4616761178551
3872;93,462140825729
3873;93,4606727583862
3874;93,4562494733621
3875;93,4523219386439
3876;93,4516622210792
3877;93,4525606569883
3878;93,4510870608458
3879;93,4455625723458
3880;93,4393025224259
3881;93,4365417979636
3882;93,4359707434198
3883;93,433667322643
3884;93,4294481352957
3885;93,4265397780017
3886;93,4276514950409
3887;93,4310466456501
3888;93,4325150118979
3889;93,4293376537044
3890;93,422036324766
3891;93,4148832471396
3892;93,412848216521
3893;93,4159170386674
3894;93,419240755945
3895;93,4189201659806
3896;93,4152313738528
3897;93,4103013329862
3898;93,4071256182321
3899;93,4073688971889
3900;93,4113920718432
3901;93,4168973971969
3902;93,4193950518949
3903;93,4171892361442
3904;93,4126849612571
3905;93,4094475696023
3906;93,4085179680053
3907;93,4078679359699
3908;93,4055900553736
3909;93,4015948464721
3910;93,3966962588885
3911;93,3924150067781
3912;93,3894742428069
3913;93,3870286175966
3914;93,3844802553172
3915;93,3817040277703
3916;93,380091015671
3917;93,3801717123964
3918;93,3803953616856
3919;93,3792246585182
3920;93,3770838947985
3921;93,37484580392
3922;93,3718072735587
3923;93,3670502778012
3924;93,3617466934821
3925;93,3576975910837
3926;93,3549533713167
3927;93,3523201254446
3928;93,3493461884571
3929;93,3463523700385
3930;93,3427256377166
3931;93,3376677143106
3932;93,3317385667594
3933;93,3256505152005
3934;93,3202478679286
3935;93,3167244055228
3936;93,315086956543
3937;93,3138040077956
3938;93,3111652610818
3939;93,3070284683408
3940;93,3017341921663
3941;93,2948715971949
3942;93,2870278716176
3943;93,2808914787332
3944;93,2788069612963
3945;93,2790315355752
3946;93,27761358192
3947;93,2733254577695
3948;93,2680907876447
3949;93,263821672338
3950;93,2611425410426
3951;93,2603382792295
3952;93,2609396980246
3953;93,2609925335445
3954;93,2589518913402
3955;93,2552823510554
3956;93,251018015396
3957;93,2464598420382
3958;93,2419913033505
3959;93,2390129173099
3960;93,2381953178008
3961;93,2378453432821
3962;93,2356865689232
3963;93,2311071564531
3964;93,2251319342084
3965;93,2187443668177
3966;93,2125503035104
3967;93,2074374132109
3968;93,2038611501832
3969;93,2008694871983
3970;93,1972853193938
3971;93,1933573502835
3972;93,1898279840671
3973;93,1862868193595
3974;93,1820897145676
3975;93,1778872107348
3976;93,1748818777731
3977;93,1731434142798
3978;93,1722810631556
3979;93,1729150806529
3980;93,1754669486001
3981;93,1781670333689
3982;93,1784365362876
3983;93,1762726130986
3984;93,1742256275432
3985;93,173946579164
3986;93,1746305329282
3987;93,1747777475484
3988;93,1736645210779
3989;93,1710811900357
3990;93,1671448015966
3991;93,1625445316243
3992;93,1579336875932
3993;93,1532477805844
3994;93,1484260558161
3995;93,1440691005274
3996;93,1403842032822
3997;93,1363752322439
3998;93,1312824024138
3999;93,1260520480767
4000;93,1220357468429
