#Datum: 21.01.2016 16:19:44
#Quelle: ethyl_palmitate

#Daten:
cm-1;%T
605;75,2214584350586
610;77,7081909179688
615;80,1949234008789
620;82,326416015625
625;84,8131484985352
630;86,9446334838867
635;89,0761260986328
640;91,562858581543
645;93,6943511962891
650;95,1153411865234
655;96,5363311767578
660;97,9573211669922
665;99,7335586547852
670;100,799308776855
675;101,865051269531
680;102,930793762207
685;103,996543884277
690;104,70703125
695;105,77278137207
700;105,77278137207
705;106,128028869629
710;105,77278137207
715;103,641288757324
720;100,088813781738
725;103,286041259766
730;106,838523864746
735;107,904266357422
740;108,970016479492
745;109,680503845215
750;110,391006469727
755;110,746253967285
760;110,746253967285
765;111,101501464844
770;111,101501464844
775;111,101501464844
780;111,456748962402
785;112,16724395752
790;112,16724395752
795;112,16724395752
800;112,16724395752
805;112,522491455078
810;112,522491455078
815;112,877738952637
820;113,588233947754
825;113,232986450195
830;112,877738952637
835;113,232986450195
840;112,522491455078
845;112,16724395752
850;110,746253967285
855;110,391006469727
860;110,035751342773
865;110,391006469727
870;111,811996459961
875;111,811996459961
880;112,522491455078
885;112,522491455078
890;112,522491455078
895;112,522491455078
900;112,877738952637
905;112,522491455078
910;112,522491455078
915;111,456748962402
920;111,811996459961
925;111,811996459961
930;111,101501464844
935;110,746253967285
940;110,391006469727
945;111,811996459961
950;111,811996459961
955;112,522491455078
960;112,522491455078
965;112,522491455078
970;112,522491455078
975;112,16724395752
980;111,456748962402
985;112,522491455078
990;111,456748962402
995;110,746253967285
1000;110,391006469727
1005;110,035751342773
1010;108,25951385498
1015;105,77278137207
1020;101,865051269531
1025;99,0230712890625
1030;95,470588684082
1035;92,9838562011719
1040;94,4048461914062
1045;97,246826171875
1050;100,088813781738
1055;101,865051269531
1060;103,286041259766
1065;103,286041259766
1070;103,996543884277
1075;103,641288757324
1080;104,351791381836
1085;102,930793762207
1090;101,154556274414
1095;97,6020812988281
1100;96,8915786743164
1105;97,9573211669922
1110;96,1810836791992
1115;93,6943511962891
1120;93,6943511962891
1125;97,9573211669922
1130;102,22029876709
1135;103,996543884277
1140;101,154556274414
1145;96,1810836791992
1150;91,9181060791016
1155;86,9446334838867
1160;81,9711608886719
1165;78,4186859130859
1170;76,997688293457
1175;74,8662033081055
1180;72,7347183227539
1185;74,5109558105469
1190;78,7739334106445
1195;82,6816635131836
1200;85,8788909912109
1205;87,6551361083984
1210;89,78662109375
1215;90,8523635864258
1220;91,9181060791016
1225;91,9181060791016
1230;91,562858581543
1235;90,8523635864258
1240;89,0761260986328
1245;89,4313735961914
1250;89,4313735961914
1255;90,1418685913086
1260;92,9838562011719
1265;95,1153411865234
1270;96,8915786743164
1275;97,6020812988281
1280;97,9573211669922
1285;99,0230712890625
1290;99,0230712890625
1295;97,9573211669922
1300;96,5363311767578
1305;95,8258361816406
1310;97,6020812988281
1315;98,3125686645508
1320;99,3783187866211
1325;100,444061279297
1330;102,22029876709
1335;102,22029876709
1340;101,154556274414
1345;100,088813781738
1350;97,9573211669922
1355;100,088813781738
1360;102,930793762207
1365;99,0230712890625
1370;90,8523635864258
1375;88,3656234741211
1380;90,8523635864258
1385;98,6678161621094
1390;101,509803771973
1395;102,575546264648
1400;105,417533874512
1405;106,483276367188
1410;106,838523864746
1415;104,351791381836
1420;101,154556274414
1425;101,509803771973
1430;102,22029876709
1435;101,154556274414
1440;97,9573211669922
1445;94,7600860595703
1450;92,9838562011719
1455;89,4313735961914
1460;85,1683959960938
1465;81,6159133911133
1470;80,5501708984375
1475;98,6678161621094
1480;101,865051269531
1485;105,062278747559
1490;108,25951385498
1495;108,970016479492
1500;110,035751342773
1505;110,391006469727
1510;110,746253967285
1515;110,391006469727
1520;110,746253967285
1525;110,746253967285
1530;110,746253967285
1535;110,035751342773
1540;110,391006469727
1545;110,746253967285
1550;110,391006469727
1555;110,391006469727
1560;111,101501464844
1565;111,101501464844
1570;110,746253967285
1575;110,746253967285
1580;110,746253967285
1585;110,391006469727
1590;110,746253967285
1595;110,391006469727
1600;110,391006469727
1605;110,746253967285
1610;110,746253967285
1615;110,391006469727
1620;110,746253967285
1625;110,035751342773
1630;110,035751342773
1635;110,391006469727
1640;110,746253967285
1645;110,035751342773
1650;109,680503845215
1655;110,391006469727
1660;109,680503845215
1665;109,325263977051
1670;108,970016479492
1675;109,325263977051
1680;108,614761352539
1685;108,25951385498
1690;107,904266357422
1695;106,838523864746
1700;105,062278747559
1705;104,70703125
1710;104,351791381836
1715;102,22029876709
1720;98,6678161621094
1725;94,4048461914062
1730;84,4579010009766
1735;62,077278137207
1740;45,0253753662109
1745;41,8281440734863
1750;62,7877731323242
1755;86,5893859863281
1760;95,8258361816406
1765;101,154556274414
1770;103,286041259766
1775;106,128028869629
1780;107,549018859863
1785;107,904266357422
1790;108,614761352539
1795;108,614761352539
1800;109,680503845215
1805;109,325263977051
1810;109,325263977051
1815;110,035751342773
1820;110,035751342773
1825;110,391006469727
1830;110,035751342773
1835;110,746253967285
1840;110,391006469727
1845;110,391006469727
1850;110,391006469727
1855;110,391006469727
1860;110,391006469727
1865;110,391006469727
1870;110,391006469727
1875;110,746253967285
1880;110,391006469727
1885;110,746253967285
1890;110,035751342773
1895;110,391006469727
1900;110,035751342773
1905;110,391006469727
1910;110,035751342773
1915;110,391006469727
1920;110,035751342773
1925;110,391006469727
1930;110,035751342773
1935;110,746253967285
1940;110,035751342773
1945;110,391006469727
1950;110,391006469727
1955;110,391006469727
1960;110,391006469727
1965;110,746253967285
1970;110,391006469727
1975;110,391006469727
1980;110,035751342773
1985;110,035751342773
1990;110,035751342773
1995;110,746253967285
2000;111,811996459961
2005;111,101501464844
2010;111,101501464844
2015;111,101501464844
2020;111,101501464844
2025;110,746253967285
2030;110,746253967285
2035;110,746253967285
2040;110,746253967285
2045;110,746253967285
2050;110,746253967285
2055;110,746253967285
2060;110,746253967285
2065;110,746253967285
2070;111,101501464844
2075;110,391006469727
2080;110,746253967285
2085;110,391006469727
2090;110,746253967285
2095;110,746253967285
2100;110,391006469727
2105;110,746253967285
2110;110,391006469727
2115;110,746253967285
2120;110,746253967285
2125;110,746253967285
2130;110,391006469727
2135;110,391006469727
2140;110,391006469727
2145;110,391006469727
2150;110,035751342773
2155;110,391006469727
2160;110,391006469727
2165;110,391006469727
2170;110,035751342773
2175;110,035751342773
2180;110,391006469727
2185;110,391006469727
2190;110,391006469727
2195;110,391006469727
2200;110,035751342773
2205;110,035751342773
2210;110,391006469727
2215;110,035751342773
2220;110,391006469727
2225;110,035751342773
2230;110,391006469727
2235;110,035751342773
2240;110,035751342773
2245;110,035751342773
2250;110,391006469727
2255;110,035751342773
2260;110,035751342773
2265;110,035751342773
2270;109,325263977051
2275;109,680503845215
2280;109,680503845215
2285;110,035751342773
2290;109,325263977051
2295;109,325263977051
2300;110,035751342773
2305;109,325263977051
2310;109,325263977051
2315;109,325263977051
2320;109,680503845215
2325;109,325263977051
2330;109,680503845215
2335;109,680503845215
2340;109,680503845215
2345;109,680503845215
2350;109,680503845215
2355;109,325263977051
2360;109,325263977051
2365;110,035751342773
2370;110,035751342773
2375;109,680503845215
2380;109,680503845215
2385;108,970016479492
2390;108,614761352539
2395;108,614761352539
2400;108,970016479492
2405;108,614761352539
2410;108,970016479492
2415;108,614761352539
2420;108,970016479492
2425;108,614761352539
2430;108,970016479492
2435;108,970016479492
2440;108,25951385498
2445;108,25951385498
2450;108,970016479492
2455;108,614761352539
2460;108,25951385498
2465;108,614761352539
2470;108,614761352539
2475;108,614761352539
2480;108,25951385498
2485;108,25951385498
2490;108,25951385498
2495;108,25951385498
2500;108,25951385498
2505;107,904266357422
2510;108,25951385498
2515;107,904266357422
2520;107,904266357422
2525;107,904266357422
2530;107,549018859863
2535;107,549018859863
2540;107,549018859863
2545;107,549018859863
2550;107,193771362305
2555;107,193771362305
2560;107,193771362305
2565;107,193771362305
2570;107,193771362305
2575;107,193771362305
2580;107,193771362305
2585;106,838523864746
2590;106,838523864746
2595;106,483276367188
2600;106,838523864746
2605;106,838523864746
2610;106,483276367188
2615;106,483276367188
2620;106,128028869629
2625;106,483276367188
2630;106,483276367188
2635;106,483276367188
2640;106,483276367188
2645;106,128028869629
2650;105,77278137207
2655;105,77278137207
2660;105,77278137207
2665;105,062278747559
2670;105,062278747559
2675;104,70703125
2680;104,70703125
2685;104,70703125
2690;105,417533874512
2695;105,062278747559
2700;105,417533874512
2705;105,062278747559
2710;105,062278747559
2715;104,70703125
2720;104,70703125
2725;104,70703125
2730;104,351791381836
2735;104,351791381836
2740;104,70703125
2745;104,351791381836
2750;104,70703125
2755;104,351791381836
2760;103,996543884277
2765;104,351791381836
2770;104,351791381836
2775;103,996543884277
2780;103,641288757324
2785;103,641288757324
2790;102,575546264648
2795;102,22029876709
2800;102,22029876709
2805;100,444061279297
2810;100,444061279297
2815;99,3783187866211
2820;98,3125686645508
2825;96,8915786743164
2830;95,1153411865234
2835;91,9181060791016
2840;86,5893859863281
2845;74,1557083129883
2850;56,393310546875
2855;45,3806228637695
2860;46,4463653564453
2865;58,5247993469238
2870;67,7612457275391
2875;70,9584808349609
2880;74,8662033081055
2885;76,642448425293
2890;73,8004608154297
2895;68,4717407226562
2900;62,4325256347656
2905;56,7485580444336
2910;52,4855804443359
2915;45,0253753662109
2920;37,2099189758301
2925;31,8811988830566
2930;32,2364463806152
2935;37,2099189758301
2940;43,9596290588379
2945;51,7750854492188
2950;58,8800430297852
2955;61,0115356445312
2960;61,0115356445312
2965;65,2745132446289
2970;72,3794708251953
2975;77,7081909179688
2980;80,1949234008789
2985;80,5501708984375
2990;84,4579010009766
2995;87,6551361083984
3000;90,8523635864258
3005;94,0495986938476
3010;96,1810836791992
3015;97,9573211669922
3020;99,7335586547852
3025;100,444061279297
3030;101,154556274414
3035;101,509803771973
3040;101,865051269531
3045;101,865051269531
3050;102,22029876709
3055;102,930793762207
3060;102,575546264648
3065;102,930793762207
3070;103,286041259766
3075;102,930793762207
3080;103,286041259766
3085;102,930793762207
3090;103,286041259766
3095;103,286041259766
3100;103,286041259766
3105;103,641288757324
3110;103,641288757324
3115;103,641288757324
3120;103,641288757324
3125;103,286041259766
3130;103,996543884277
3135;104,351791381836
3140;103,641288757324
3145;103,996543884277
3150;103,641288757324
3155;103,996543884277
3160;103,641288757324
3165;103,641288757324
3170;103,641288757324
3175;103,641288757324
3180;103,641288757324
3185;103,286041259766
3190;103,641288757324
3195;103,286041259766
3200;103,996543884277
3205;103,641288757324
3210;103,996543884277
3215;103,641288757324
3220;103,641288757324
3225;103,641288757324
3230;103,286041259766
3235;103,641288757324
3240;103,641288757324
3245;103,641288757324
3250;103,641288757324
3255;103,286041259766
3260;103,641288757324
3265;103,641288757324
3270;103,641288757324
3275;103,286041259766
3280;103,641288757324
3285;103,286041259766
3290;102,930793762207
3295;103,641288757324
3300;103,641288757324
3305;103,641288757324
3310;103,286041259766
3315;103,286041259766
3320;103,286041259766
3325;102,930793762207
3330;103,286041259766
3335;102,930793762207
3340;102,930793762207
3345;103,286041259766
3350;102,575546264648
3355;102,575546264648
3360;102,575546264648
3365;103,286041259766
3370;102,22029876709
3375;102,575546264648
3380;102,930793762207
3385;102,930793762207
3390;102,930793762207
3395;103,286041259766
3400;102,575546264648
3405;103,286041259766
3410;102,930793762207
3415;102,930793762207
3420;102,575546264648
3425;103,286041259766
3430;102,930793762207
3435;102,575546264648
3440;102,930793762207
3445;102,930793762207
3450;102,930793762207
3455;102,930793762207
3460;102,22029876709
3465;102,22029876709
3470;102,575546264648
3475;102,22029876709
3480;102,930793762207
3485;103,286041259766
3490;103,286041259766
3495;103,286041259766
3500;103,286041259766
3505;103,286041259766
3510;103,286041259766
3515;103,641288757324
3520;103,286041259766
3525;103,286041259766
3530;103,641288757324
3535;103,996543884277
3540;103,286041259766
3545;103,641288757324
3550;103,641288757324
3555;103,996543884277
3560;103,641288757324
3565;103,641288757324
3570;103,286041259766
3575;103,996543884277
3580;103,641288757324
3585;102,930793762207
3590;102,575546264648
3595;103,641288757324
3600;103,996543884277
3605;103,996543884277
3610;103,641288757324
3615;103,641288757324
3620;103,641288757324
3625;103,641288757324
3630;103,641288757324
3635;103,996543884277
3640;103,641288757324
3645;103,641288757324
3650;103,641288757324
3655;104,351791381836
3660;104,351791381836
3665;104,70703125
3670;103,996543884277
3675;103,641288757324
3680;103,996543884277
3685;104,351791381836
3690;104,351791381836
3695;103,996543884277
3700;104,70703125
3705;103,641288757324
3710;103,996543884277
3715;103,286041259766
3720;104,351791381836
3725;103,996543884277
3730;103,286041259766
3735;104,351791381836
3740;103,286041259766
3745;104,70703125
3750;103,641288757324
3755;103,641288757324
3760;103,996543884277
3765;103,641288757324
3770;103,641288757324
3775;103,286041259766
3780;103,996543884277
3785;103,641288757324
3790;103,286041259766
3795;103,996543884277
3800;102,930793762207
3805;103,641288757324
3810;103,641288757324
3815;103,641288757324
3820;103,641288757324
3825;103,286041259766
3830;103,641288757324
3835;103,996543884277
3840;103,286041259766
3845;103,996543884277
3850;103,996543884277
3855;103,286041259766
3860;102,930793762207
3865;104,351791381836
3870;103,286041259766
3875;103,286041259766
3880;103,996543884277
3885;103,286041259766
3890;103,641288757324
3895;103,641288757324
3900;103,641288757324
3905;103,286041259766
3910;103,286041259766
3915;103,641288757324
3920;103,286041259766
3925;103,286041259766
3930;103,286041259766
3935;103,641288757324
3940;103,286041259766
3945;103,286041259766
3950;103,641288757324
3955;103,641288757324
3960;103,641288757324
3965;103,286041259766
3970;103,286041259766
3975;103,286041259766
3980;103,286041259766
3985;102,930793762207
3990;103,286041259766
3995;103,286041259766
4000;102,930793762207
