#Datum: 21.01.2016 16:19:43
#Quelle: Methan_differenz

#Daten:
cm-1;%T
450;100,071040608618
451;100,120306026952
452;100,019669296482
453;99,9701997092136
454;100,067621773449
455;100,110617609487
456;99,9903625228242
457;99,8937030999155
458;99,958110735571
459;100,026624915111
460;99,9816007736599
461;99,9615060759261
462;100,040401953634
463;100,065081870089
464;99,9702189853559
465;99,9239234792354
466;100,001495181956
467;100,043902378628
468;99,9627245372381
469;99,8909645791696
470;99,9034503032524
471;99,8779075532522
472;99,7868238414722
473;99,8056332296554
474;99,9781273639704
475;100,101135522456
476;100,078105246625
477;100,047612423962
478;100,093799044579
479;100,113032340704
480;100,061861120715
481;100,056193129372
482;100,125239128265
483;100,133194085436
484;100,049920708571
485;100,023410476775
486;100,098378452825
487;100,134674891563
488;100,073407793876
489;100,029058976242
490;100,053117270592
491;100,047922714736
492;99,9843801259256
493;99,9705498152677
494;100,032879569782
495;100,048747276717
496;99,9844827708165
497;99,955718868921
498;99,9989617732556
499;100,005487414788
500;99,9393975659792
501;99,9125240812323
502;99,9677071677957
503;99,9941939917484
504;99,9410967513021
505;99,9047293087204
506;99,9318081679204
507;99,9430358726924
508;99,9161410738553
509;99,9416582304657
510;100,026044711339
511;100,053712571209
512;99,9994929084438
513;99,974305643916
514;100,015667826643
515;100,020857479529
516;99,9546257759136
517;99,9224939860342
518;99,9714310956714
519;100,004738939357
520;99,9787612085848
521;99,983498919197
522;100,047629908408
523;100,069794106221
524;100,012542971909
525;99,975190392977
526;100,007014622194
527;100,025647314161
528;99,9930675089396
529;99,9877044806569
530;100,032685854265
531;100,04431083963
532;100,003155234244
533;99,9972246219516
534;100,046045381542
535;100,056086583228
536;100,002560297651
537;99,9797048443394
538;100,021827706582
539;100,036517785427
540;99,9884416380429
541;99,9648461609309
542;100,001570566896
543;100,014808418824
544;99,9677082480346
545;99,9381602949627
546;99,9610048817094
547;99,9644594668875
548;99,9247228522258
549;99,9193149257519
550;99,9688157372009
551;99,9887401648951
552;99,9522449984194
553;99,9424602464348
554;99,9897177269278
555;100,016131697051
556;99,9902864858432
557;99,9823048698947
558;100,014171719147
559;100,011500452955
560;99,9546949233934
561;99,9269539414632
562;99,9579971741229
563;99,9723773899595
564;99,9427949518032
565;99,9387117293306
566;99,9773792196306
567;99,9838153086329
568;99,946772726664
569;99,9505598553736
570;100,012154373733
571;100,041235312549
572;100,006361465658
573;99,9848872052082
574;100,004146459833
575;99,99542310556
576;99,946136873135
577;99,9382193900135
578;99,9871696630526
579;100,005327464585
580;99,9645799114665
581;99,9439458845406
582;99,971042072475
583;99,9741065461018
584;99,9333446980665
585;99,9225049235948
586;99,9629095860294
587;99,9798112312282
588;99,947562547944
589;99,9303940921738
590;99,9470616396542
591;99,9371222422841
592;99,8954525638234
593;99,8948714325948
594;99,9423642155822
595;99,9583567365364
596;99,9259705754435
597;99,9193902935379
598;99,9572975339631
599;99,9704105508186
600;99,9419390109771
601;99,9399131655408
602;99,9777635574161
603;99,9845936823625
604;99,9457668914566
605;99,930738310917
606;99,957613218162
607;99,9627988140232
608;99,9327330379988
609;99,9329265653372
610;99,9763641947387
611;99,9920135501306
612;99,959520140489
613;99,9419345455825
614;99,9592086434206
615;99,957827419242
616;99,9306675625107
617;99,9392315356461
618;99,9853316146449
619;99,9931403496409
620;99,9522759479954
621;99,9379837497409
622;99,9673405076725
623;99,9713074193889
624;99,9299320560087
625;99,9094225828846
626;99,9335795045516
627;99,9457460397342
628;99,9274106814954
629;99,930090901559
630;99,9618050518777
631;99,9628281577164
632;99,9274224214048
633;99,9210187193873
634;99,9530070643577
635;99,9580825690182
636;99,9257249911634
637;99,9230447312016
638;99,9634251002894
639;99,9792487711325
640;99,951684186806
641;99,9429695486648
642;99,96675215223
643;99,9605798905226
644;99,9163513443959
645;99,9042607288046
646;99,938836361624
647;99,9531101137193
648;99,9293642832561
649;99,9328663377518
650;99,9783665489014
651;99,9946283927108
652;99,9641261777976
653;99,9559875130417
654;99,9885345648891
655;99,9958148495109
656;99,9582900922493
657;99,9394314293561
658;99,9586070065569
659;99,9592465081861
660;99,9297534964546
661;99,9346347312648
662;99,9721792295172
663;99,9583625457166
664;99,8723869096824
665;99,7794135057493
666;99,7035032900131
667;99,5994684078549
668;99,5684127926252
669;99,7555752566344
670;99,9377807429698
671;99,9727599316686
672;99,9481546235147
673;99,9575843696975
674;100,002208258405
675;100,010275573047
676;99,97666524668
677;99,9699080093828
678;99,9988642053089
679;99,9988982620303
680;99,9596733286286
681;99,949870025918
682;99,9772986942029
683;99,9774130502813
684;99,9459375206189
685;99,946651108674
686;99,9807440389702
687;99,9813857448046
688;99,9459371769289
689;99,9406064302439
690;99,9703758758605
691;99,970584390766
692;99,9347806897843
693;99,9271591140438
694;99,9555485422433
695;99,9580913343772
696;99,9280786631138
697;99,9235436873923
698;99,948982129195
699;99,9461118134186
700;99,9114459544837
701;99,9074757401137
702;99,9406871433064
703;99,9496124317625
704;99,925388657975
705;99,923648282201
706;99,9510991157559
707;99,9516202343681
708;99,9198418566419
709;99,9148021869218
710;99,942973828966
711;99,9452937061602
712;99,9154761074368
713;99,911310543135
714;99,9395358614315
715;99,9430075230824
716;99,9142402670458
717;99,90951654372
718;99,9369672563674
719;99,941442425255
720;99,9134324412184
721;99,9061169619214
722;99,9260083276651
723;99,9218766436574
724;99,8932525213239
725;99,8940839774077
726;99,9241575601924
727;99,9251832948236
728;99,8937136887136
729;99,8880538299031
730;99,9141594633929
731;99,9163331476202
732;99,8906550199912
733;99,8919184755218
734;99,9218648742747
735;99,9240456659153
736;99,8960038839324
737;99,8950235385665
738;99,9245029204179
739;99,9270171085816
740;99,8974866723933
741;99,8919161787207
742;99,9162968666108
743;99,9178143785406
744;99,8935028448324
745;99,895739926043
746;99,9237850483606
747;99,9213405745328
748;99,888571889234
749;99,8852225089318
750;99,9152547245405
751;99,9204274021374
752;99,894734657337
753;99,8921264235578
754;99,9153680126126
755;99,9111172824029
756;99,8813084804774
757;99,8844476149985
758;99,9198708580029
759;99,9254010194159
760;99,8961333877433
761;99,8913898586865
762;99,9174220304026
763;99,9182921913335
764;99,8907185082992
765;99,8912723584204
766;99,9221127981964
767;99,9250940615149
768;99,8966858384148
769;99,8941994869614
770;99,9205885029793
771;99,9185456307253
772;99,8859180767639
773;99,8814478713992
774;99,909076657537
775;99,9114192827163
776;99,8849737325689
777;99,8857909033857
778;99,9143775991401
779;99,9126371352671
780;99,880908250612
781;99,8801358072313
782;99,9118619527102
783;99,9143802758334
784;99,8844426742857
785;99,8827999434678
786;99,9126817275826
787;99,913377618945
788;99,8817392262086
789;99,8791730355017
790;99,9101257824571
791;99,9144228138707
792;99,8878291215576
793;99,8890862143049
794;99,9202387527522
795;99,9209772868607
796;99,8886626594915
797;99,8829038162514
798;99,9057403145722
799;99,8997580011534
800;99,8683719084579
801;99,8739981105748
802;99,9132549811921
803;99,9185564237742
804;99,8871535887708
805;99,8832069144868
806;99,9098219847562
807;99,9058874226413
808;99,8717909998913
809;99,8707057706318
810;99,902580039746
811;99,9036930188374
812;99,8733472011422
813;99,8742417772543
814;99,9061824596483
815;99,9061968880254
816;99,8747158692996
817;99,8748645080869
818;99,9060324415841
819;99,9051674530314
820;99,8735736266424
821;99,875150573523
822;99,9087712231091
823;99,9100894897934
824;99,8798642119
825;99,8819421839056
826;99,9146985092713
827;99,9136979620357
828;99,880771026802
829;99,8814730538687
830;99,9151542685678
831;99,9163824295631
832;99,8843153569209
833;99,8820936221973
834;99,9090574783159
835;99,9027354133674
836;99,8668271893128
837;99,8670892195854
838;99,9009160426816
839;99,901528275865
840;99,8696532649612
841;99,8703178182696
842;99,9020379587494
843;99,9006145940019
844;99,8694979591982
845;99,874157476103
846;99,9101119348459
847;99,909094458396
848;99,8735423665742
849;99,8722795344802
850;99,9052705698404
851;99,9062586435818
852;99,8762230537491
853;99,879688416114
854;99,9123535775551
855;99,907189948039
856;99,8680880082893
857;99,8639548189633
858;99,893985048887
859;99,8916114244891
860;99,8580107641123
861;99,8587018336261
862;99,891276061813
863;99,8903242802065
864;99,8596509760161
865;99,8653641634604
866;99,9025837823029
867;99,9035210614413
868;99,8718652849411
869;99,8748140288024
870;99,9085921016473
871;99,9063649274557
872;99,8727199734427
873;99,8756740850521
874;99,9110859539754
875;99,9101456020525
876;99,8757733451406
877;99,8756318623215
878;99,9061639750062
879;99,9010007733982
880;99,8666478533187
881;99,8721131168328
882;99,9116884767695
883;99,9149725682687
884;99,8845656566723
885;99,8879724401428
886;99,92111980747
887;99,9163617585724
888;99,8785261179968
889;99,8766030139886
890;99,9073452273348
891;99,903636171124
892;99,8699776857269
893;99,8729650782802
894;99,9066439347285
895;99,9036448743596
896;99,8697026556364
897;99,8723225454737
898;99,9063449749366
899;99,9046550063634
900;99,8723089151395
901;99,8761393948266
902;99,9099892105739
903;99,9063704300006
904;99,8712395505537
905;99,8730731173374
906;99,9070490816271
907;99,9055920267786
908;99,8731310914629
909;99,8761694260408
910;99,9101176911731
911;99,9089448057167
912;99,8770076926454
913;99,8798631203794
914;99,9129864499405
915;99,9107606218756
916;99,8774209151744
917;99,8779627415296
918;99,9079249474283
919;99,9037009132011
920;99,8716151128766
921;99,8757381337531
922;99,9090601273609
923;99,9066103496748
924;99,874587784067
925;99,8778337364545
926;99,9104321188708
927;99,9074211442601
928;99,8743819356341
929;99,8762247860415
930;99,9073629704162
931;99,9032942961126
932;99,8703316675254
933;99,8731822571694
934;99,9052574725518
935;99,901617145029
936;99,8681763383133
937;99,8693106523627
938;99,8994961802018
939;99,8954623702554
940;99,8640387130798
941;99,8695446830656
942;99,9046546552252
943;99,9032073412844
944;99,8709390513597
945;99,8734340652257
946;99,9052854461977
947;99,9017183606905
948;99,8681664564553
949;99,8687574118171
950;99,898170807332
951;99,8932712364141
952;99,8602798846109
953;99,8628822991745
954;99,8945799133755
955;99,8907829074196
956;99,8578544094008
957;99,8613051940064
958;99,8954918399886
959;99,8948857670864
960;99,8638452327174
961;99,8657374753121
962;99,8950483532991
963;99,8892610886252
964;99,855720961953
965;99,8588777022874
966;99,8923728477866
967;99,8912705880294
968;99,8608889463062
969;99,8653273375052
970;99,8982198646217
971;99,894934629748
972;99,8623146547295
973;99,8652750797112
974;99,8964598638263
975;99,8907104348769
976;99,8559169594207
977;99,8584517871688
978;99,8914221837235
979;99,8882027292965
980;99,854929201528
981;99,8581368064594
982;99,8913095526626
983;99,8870764424091
984;99,8518523407522
985;99,8535779376687
986;99,8862796347128
987;99,8825301505822
988;99,8484356414342
989;99,8507958576789
990;99,8827649397373
991;99,8776731490626
992;99,8436906022144
993;99,8492708580609
994;99,8859890972462
995;99,8827579736384
996;99,8459497807646
997;99,8466789406548
998;99,8794513261259
999;99,8747663346695
1000;99,8400291245628
1001;99,8451367640659
1002;99,8808891539955
1003;99,8750758572835
1004;99,836179250328
1005;99,837946961458
1006;99,873434731373
1007;99,868723245783
1008;99,8305167379034
1009;99,8335471268915
1010;99,8710564226684
1011;99,8674127249115
1012;99,8293293096842
1013;99,8328095026609
1014;99,8706676474452
1015;99,8663790661544
1016;99,8269545776711
1017;99,8286915813289
1018;99,8640359065453
1019;99,8567871333157
1020;99,8163812946284
1021;99,8212259714453
1022;99,860776384423
1023;99,8535489255902
1024;99,8098425964059
1025;99,8138716496156
1026;99,8570757824916
1027;99,8548625699155
1028;99,8142432678334
1029;99,8180218614021
1030;99,8579812326007
1031;99,8515024210614
1032;99,8085975973325
1033;99,8144701880247
1034;99,8596809676905
1035;99,8570614996506
1036;99,8142113440931
1037;99,8171112864408
1038;99,8560277297797
1039;99,8443870073369
1040;99,7953985452805
1041;99,8005829326204
1042;99,8489222044394
1043;99,8477193161043
1044;99,805342694075
1045;99,8125527685354
1046;99,8594717072029
1047;99,8540771231731
1048;99,8066877283488
1049;99,8111578483399
1050;99,8573785985119
1051;99,8509006443596
1052;99,802601210744
1053;99,8069697157444
1054;99,8501306611157
1055;99,8349615156554
1056;99,7770047541402
1057;99,7792442229954
1058;99,8317434605144
1059;99,8324853496187
1060;99,7880552125403
1061;99,7966382878979
1062;99,8486323194994
1063;99,8442865064853
1064;99,7937165219248
1065;99,797726153199
1066;99,8464391673087
1067;99,8403109772103
1068;99,7902492798454
1069;99,7924450306826
1070;99,8286511266732
1071;99,7987526692123
1072;99,7271919890836
1073;99,7290013196686
1074;99,7921413971501
1075;99,8019391494827
1076;99,7603002411663
1077;99,7696356696041
1078;99,8198322184965
1079;99,8079351897513
1080;99,7498412938609
1081;99,7556257736416
1082;99,8140905885522
1083;99,815887464724
1084;99,7669352096376
1085;99,7663806474349
1086;99,7980399422733
1087;99,7593159302294
1088;99,6748233648066
1089;99,6645799633187
1090;99,7187706472932
1091;99,7211215329798
1092;99,6741477846157
1093;99,6816632789559
1094;99,7318813211457
1095;99,722110586304
1096;99,6737467606611
1097;99,6982538443985
1098;99,7736910375607
1099;99,7783754751506
1100;99,721664602687
1101;99,7157928133421
1102;99,7448381657709
1103;99,6874820935327
1104;99,5644332588953
1105;99,5189701148854
1106;99,5623273176734
1107;99,5722743513564
1108;99,5355519852137
1109;99,5576209431226
1110;99,637983325436
1111;99,6666011585351
1112;99,639291910465
1113;99,6558592169826
1114;99,7084341839442
1115;99,6922930519976
1116;99,6176800623443
1117;99,5901169134034
1118;99,5895165306449
1119;99,4947630352963
1120;99,3213651365357
1121;99,2134199009534
1122;99,2093108386089
1123;99,2301678932334
1124;99,2752859776854
1125;99,4063061159529
1126;99,5600496597167
1127;99,6015415648723
1128;99,5504943314262
1129;99,5436751319837
1130;99,5928510601859
1131;99,593536990686
1132;99,5412839712766
1133;99,5119971293075
1134;99,461082220348
1135;99,2838724091466
1136;99,0541282734453
1137;98,9654813312652
1138;99,0484429024459
1139;99,1632298646888
1140;99,2461110376391
1141;99,3459985662816
1142;99,4459664083142
1143;99,4694635685637
1144;99,4392556515846
1145;99,4189026187137
1146;99,3390408486888
1147;99,1034374821036
1148;98,8153889610997
1149;98,6679880582596
1150;98,6632211632628
1151;98,6637556175051
1152;98,6493796213279
1153;98,6918211253496
1154;98,75589748169
1155;98,7563581450766
1156;98,7135034542118
1157;98,6220174063909
1158;98,3211514631222
1159;97,7957674710926
1160;97,4379661887618
1161;97,6215222419981
1162;98,1341757337014
1163;98,4404345166967
1164;98,4121251182991
1165;98,364059109613
1166;98,4182790878946
1167;98,310075941573
1168;97,8752490529022
1169;97,3146553997319
1170;96,8911630551084
1171;96,7186458921272
1172;96,8890011871299
1173;97,4180647123222
1174;97,9984504524541
1175;98,1862910078071
1176;97,9202320129543
1177;97,5047254720333
1178;97,0314178899705
1179;96,2503338399874
1180;95,1560916899226
1181;94,2894515516191
1182;94,1977714818284
1183;94,8569601571706
1184;95,8147040298363
1185;96,6400201323237
1186;96,9788261862163
1187;96,3544391646865
1188;94,3041076643345
1189;90,9248837685683
1190;87,2815272189328
1191;85,0702262130419
1192;85,4476459886599
1193;87,9201481346795
1194;90,6387062805826
1195;92,0654569249496
1196;92,1669568280114
1197;91,7391399100006
1198;90,9209816025642
1199;89,0176613284256
1200;85,800906423901
1201;82,4199173961711
1202;80,7444697375605
1203;81,9399656117404
1204;85,5806094429197
1205;89,805439530197
1206;92,2635696279484
1207;91,1794501407951
1208;86,0670924065609
1209;78,2144679185165
1210;70,9185344821736
1211;68,3744458134813
1212;72,4289894727826
1213;79,7647923927674
1214;83,8528911350171
1215;80,922402745852
1216;73,1772614572433
1217;65,304678619157
1218;59,231205840175
1219;53,9938315900943
1220;49,3802273581843
1221;46,9947639186061
1222;47,9164448678585
1223;51,6707755404676
1224;57,5471092253779
1225;64,4311473372886
1226;68,9987388545937
1227;67,2363255148756
1228;59,6681926318085
1229;52,862353429602
1230;53,3111115325417
1231;60,7614914539304
1232;68,8958867376008
1233;71,279424495956
1234;65,4322159882479
1235;53,2520320097027
1236;40,2365938876057
1237;32,9483605618646
1238;33,876802494728
1239;38,6196567813677
1240;40,4041962846802
1241;37,4465119610022
1242;33,5623690788372
1243;31,7528058932976
1244;30,4488597735964
1245;27,1736719296293
1246;23,1607032415847
1247;22,3049513381676
1248;26,8905604140483
1249;35,6631236375235
1250;44,7808161814191
1251;49,4381227930407
1252;46,4417849892222
1253;37,6239513650478
1254;29,8808061663704
1255;29,3934456592617
1256;35,3669800599205
1257;40,7365879487217
1258;39,190838214215
1259;30,5266788609853
1260;19,6809632559961
1261;12,1955296252494
1262;10,7511562595787
1263;14,3567929315393
1264;19,5227285269418
1265;22,6757425624581
1266;22,3447432898471
1267;19,330851505117
1268;15,4227246589951
1269;12,8172101445572
1270;14,1358190542468
1271;20,7703979277498
1272;30,0866124291685
1273;35,9031459032952
1274;33,8869784815817
1275;26,4904493242223
1276;21,2730555507828
1277;23,6366764003682
1278;31,4957820210084
1279;37,3372149285877
1280;35,4130823398312
1281;27,1749622340992
1282;19,95505113442
1283;20,0831575509346
1284;26,7500706163739
1285;32,6877914818252
1286;31,4587409771288
1287;24,0038019544047
1288;17,483309923468
1289;17,5959816521145
1290;22,8062279322837
1291;26,5403553948831
1292;24,1864743715725
1293;17,0776400040964
1294;10,023729319363
1295;6,30286941546849
1296;5,60027387406393
1297;5,79805361939854
1298;5,45746192493413
1299;4,42054667237286
1300;3,04591516867956
1301;1,67545339052738
1302;0,58846526224574
1303;0,00000119766146065897
1304;0,156429764588598
1305;2,51804493084641
1306;9,2540796736127
1307;21,0268530873956
1308;34,5832666173684
1309;44,4780308647395
1310;48,4085971455528
1311;49,7864470159096
1312;53,5683329097416
1313;59,9539351676371
1314;63,9936015963022
1315;61,9014271563932
1316;56,0831926089215
1317;52,4785155845278
1318;53,5482868184175
1319;55,5066495148829
1320;53,1089061894454
1321;46,1853439821493
1322;39,8989656271814
1323;38,4305444033848
1324;39,8308877628706
1325;38,5501943099086
1326;32,8141251583893
1327;27,3303612383123
1328;27,3080611371509
1329;31,3298318074347
1330;32,8678266674086
1331;28,8040214260514
1332;23,5241978477013
1333;22,9454496668695
1334;26,6751487814975
1335;28,9647435094178
1336;26,6529094490204
1337;22,9853922133239
1338;22,4632731306181
1339;24,3684729353837
1340;24,058231987414
1341;20,0343155140393
1342;16,4028156313546
1343;17,1432234702975
1344;20,5338672934092
1345;21,5710307615396
1346;19,07660311439
1347;17,420328409196
1348;20,0859018749721
1349;24,2604016809605
1350;24,511491658623
1351;20,2435363340505
1352;16,092095642477
1353;15,2877074384703
1354;16,2577241098613
1355;16,6198521073224
1356;17,0538668404157
1357;19,0435357802802
1358;21,4370718184497
1359;22,1779563341281
1360;21,8263273457325
1361;22,4283526743271
1362;23,8718506403953
1363;24,5374562110475
1364;25,0916608466877
1365;27,8281219505827
1366;32,2492536888078
1367;35,1721707355272
1368;35,8523825760291
1369;37,6220292371057
1370;42,5350873522094
1371;47,4939986023592
1372;48,5787358068926
1373;46,931911604888
1374;47,1381736372878
1375;50,6161392660658
1376;54,2802280510781
1377;55,9833935151052
1378;57,317449936781
1379;60,2626765216595
1380;64,0917050171407
1381;67,0229369878416
1382;69,0385709850076
1383;71,3443295333803
1384;74,1517689851925
1385;76,6039371730248
1386;78,4304641296962
1387;80,3699792306589
1388;82,9690008150285
1389;85,7990984878998
1390;88,043537554617
1391;89,2654915137179
1392;89,5846914477006
1393;89,5383899935826
1394;89,6826763321241
1395;90,0953559904876
1396;90,4782877364925
1397;90,878486616679
1398;91,8237696453076
1399;93,545096555656
1400;95,3953595130599
1401;96,4126546550221
1402;96,2598718696399
1403;95,2997227752399
1404;94,1985254465002
1405;93,6510133422053
1406;94,0341939669103
1407;95,0512430023384
1408;95,8720115436167
1409;95,774547206664
1410;94,7269962993416
1411;93,4691782235322
1412;93,0022276765872
1413;93,7727306318523
1414;95,1831530859932
1415;95,9976184934343
1416;95,4274124020579
1417;93,8668653595075
1418;92,5616423450529
1419;92,6128974724897
1420;93,9995450854696
1421;95,5233132216154
1422;95,8866973977575
1423;94,54127183545
1424;92,0767563572581
1425;90,100373834
1426;89,9972570000036
1427;91,7865129182638
1428;94,3564391929532
1429;96,3104109022283
1430;96,623087794001
1431;95,0831753523564
1432;92,5447720616204
1433;90,5811997387791
1434;90,4284372349136
1435;92,2053263743269
1436;94,820375756802
1437;96,4552151400698
1438;95,9021082270308
1439;93,5377322338611
1440;90,8760449504896
1441;89,5203643924022
1442;90,2031468360483
1443;92,3878413129277
1444;94,8138705054964
1445;96,1940314665581
1446;95,479258542546
1447;92,4618475211375
1448;88,7983365998447
1449;87,3215060944471
1450;89,1765824124889
1451;92,6292198936433
1452;95,1808273463521
1453;96,0067095097535
1454;95,7892455216832
1455;94,9130892805383
1456;93,2219635696557
1457;91,6430368040532
1458;91,9837140265978
1459;94,0720786219566
1460;96,037418513595
1461;96,8496680510034
1462;96,6408005965251
1463;95,4962679673274
1464;93,305008853332
1465;91,0417301504138
1466;90,7137254247293
1467;92,9257978588838
1468;95,9848378015054
1469;97,8939445200672
1470;98,0168198162026
1471;96,652136811425
1472;94,1113694420004
1473;91,1972111640476
1474;89,6582381564236
1475;90,6489216500332
1476;93,4373216904078
1477;96,2910590227444
1478;98,0973765302535
1479;98,8325183673721
1480;98,7099012824874
1481;97,7596317312456
1482;96,4026415014941
1483;95,5776911253439
1484;95,8629102678911
1485;96,9469287776866
1486;98,1059258822303
1487;98,8650637635491
1488;99,1437978223561
1489;98,9777749306198
1490;98,4320019752412
1491;97,7274278046798
1492;97,1772629322139
1493;97,0643828867183
1494;97,524475151711
1495;98,3661609171675
1496;99,0871732367229
1497;99,3453632780536
1498;99,3171490122104
1499;99,2506946662711
1500;99,0094708471849
1501;98,4515221938876
1502;97,8835843157313
1503;97,7499233083668
1504;98,1029025483958
1505;98,5767086231096
1506;98,7893080999191
1507;98,8158391599467
1508;98,9056717528607
1509;98,970890286608
1510;98,986118221604
1511;99,0640030310583
1512;99,1865053040169
1513;99,2479272098682
1514;99,2556918474181
1515;99,2686971975667
1516;99,2228794345618
1517;99,0766359067582
1518;98,9756564744147
1519;99,0371768151115
1520;99,1351378195556
1521;99,0717917952203
1522;98,9360423659557
1523;98,9471219441909
1524;99,0579373654778
1525;99,1071558671244
1526;99,0900229953939
1527;99,1103243583004
1528;99,1768973650455
1529;99,2287608249864
1530;99,2370467501855
1531;98,9790182250538
1532;97,7369932360698
1533;94,6134066886494
1534;89,6520908496759
1535;84,2237691335192
1536;79,6813835264167
1537;76,4916392753812
1538;74,677470382198
1539;74,1921480202348
1540;74,7717767763678
1541;75,9803277473478
1542;77,6389740023119
1543;79,8588925529749
1544;82,516424971867
1545;85,0636427592991
1546;86,9911094801001
1547;88,2751435931309
1548;89,2863827101119
1549;90,3693367486474
1550;91,5608815792672
1551;92,6130690377664
1552;93,3032938255362
1553;93,6997654637373
1554;94,0850249226008
1555;94,6205792965917
1556;95,1842301498344
1557;95,6165581979368
1558;95,9293679404395
1559;96,3558015294201
1560;97,0688499951431
1561;97,7006626305034
1562;98,0284795908297
1563;98,1326671588224
1564;98,1066036944837
1565;98,0678310679346
1566;98,1736395136048
1567;98,4466110827989
1568;98,7289732341396
1569;98,8824230800638
1570;98,9662547723367
1571;99,0832086449146
1572;99,1854159944112
1573;99,1576567190172
1574;98,9192602651273
1575;98,4590753159279
1576;97,9743565004803
1577;97,8841567616572
1578;98,315409610324
1579;98,9401795148891
1580;99,4010246328354
1581;99,6053491806769
1582;99,6875743607704
1583;99,7345245195426
1584;99,6248760280903
1585;99,1892000477169
1586;98,4430821570876
1587;97,6316198531323
1588;97,1134229340974
1589;97,1712244180845
1590;97,805242456776
1591;98,6660231792883
1592;99,315693926087
1593;99,6059481809425
1594;99,6691274236691
1595;99,5537720358648
1596;99,099696098538
1597;98,2711750739394
1598;97,4005679238064
1599;96,9412772340733
1600;97,0717720494398
1601;97,6375094608829
1602;98,3589878175496
1603;98,9889324007886
1604;99,3983561350813
1605;99,5882104164014
1606;99,4882651616066
1607;98,7748574954668
1608;97,2149580253845
1609;95,2882836927994
1610;94,093369888695
1611;94,3656794692763
1612;95,7208197642714
1613;97,1401641037136
1614;98,0363237983088
1615;98,5137215423079
1616;98,8046125871369
1617;98,8416859120146
1618;98,4468073461542
1619;97,6805158012827
1620;96,848455683549
1621;96,3217493021785
1622;96,3939328204088
1623;97,0063763829666
1624;97,6180492140446
1625;97,7344275497458
1626;97,5204073154848
1627;97,5576094606151
1628;98,0422910914338
1629;98,488198742035
1630;98,331198554048
1631;97,6067602622764
1632;96,8450650755693
1633;96,5481997156624
1634;96,9121049341534
1635;97,7311789908028
1636;98,4094044688866
1637;98,4212210874185
1638;97,9062612903668
1639;97,4722132063546
1640;97,4545183603089
1641;97,5196405360768
1642;97,097124835295
1643;96,1479061666748
1644;95,3036460130329
1645;95,28508963817
1646;96,2360257901522
1647;97,5745539688856
1648;98,5554113246514
1649;98,9296585688152
1650;98,9407313801716
1651;98,8203049545372
1652;98,4564700875634
1653;97,6628656075382
1654;96,9811363817558
1655;96,9113731775388
1656;97,3202955212316
1657;98,0152068180773
1658;98,7809844309613
1659;99,3415302858453
1660;99,539437245563
1661;99,4279338544909
1662;99,1051858082327
1663;98,5790200614119
1664;97,8846171467061
1665;97,2330234337021
1666;96,9377447543388
1667;97,172474154467
1668;97,7890037370604
1669;98,436642377619
1670;98,8820787215948
1671;99,1148428813562
1672;99,2154286413536
1673;99,2527082235436
1674;99,2124362633055
1675;98,9573662046406
1676;98,3692733449573
1677;97,6006100821714
1678;97,0462485869199
1679;97,0479650280154
1680;97,5944601205339
1681;98,3189807504785
1682;98,844653308579
1683;99,032689338698
1684;98,9941262307097
1685;98,9940431491221
1686;99,0536010815336
1687;99,0367244973685
1688;98,9274626245088
1689;98,7726678628344
1690;98,6464033987039
1691;98,6152302351651
1692;98,6870457143202
1693;98,8308874815668
1694;99,0120245843817
1695;99,158740794944
1696;99,2004650898316
1697;99,1587020214729
1698;99,1115595038838
1699;99,12392461821
1700;99,1548955795975
1701;99,1540467962734
1702;99,1502923322755
1703;99,1708077635055
1704;99,1901436273039
1705;99,132218318056
1706;99,0255084425372
1707;99,0244276210152
1708;99,1448538063775
1709;99,2335494956496
1710;99,1987057646785
1711;99,1072193932639
1712;99,0318882173763
1713;98,9426519400065
1714;98,8087972824776
1715;98,711685318914
1716;98,7381017402949
1717;98,8277349168996
1718;98,9012189787912
1719;99,0106364555391
1720;99,1723032037627
1721;99,319162220396
1722;99,4253162690274
1723;99,5108722923023
1724;99,5902480281517
1725;99,650275437022
1726;99,6851502644352
1727;99,7053929522851
1728;99,6922803843908
1729;99,6149794405066
1730;99,4956408524751
1731;99,3997957114203
1732;99,3524806630014
1733;99,304157000997
1734;99,230178161028
1735;99,2344712572162
1736;99,3300334589389
1737;99,4146484435442
1738;99,446557368468
1739;99,4251554672156
1740;99,3676611170597
1741;99,3229965009564
1742;99,3289963426884
1743;99,3747523353023
1744;99,400785725279
1745;99,3663979305241
1746;99,3025152238602
1747;99,2590459057855
1748;99,2416552169139
1749;99,2439123442983
1750;99,2731957013882
1751;99,3262011929223
1752;99,3821358013538
1753;99,4293906920747
1754;99,4833074040062
1755;99,5326885096151
1756;99,5252991190372
1757;99,4641766104011
1758;99,4437608436776
1759;99,5063217911588
1760;99,5753220128618
1761;99,563418128933
1762;99,5001873976647
1763;99,4988233255613
1764;99,5708129817194
1765;99,6352844844772
1766;99,642297529165
1767;99,5890937640841
1768;99,4830097670055
1769;99,348928173835
1770;99,2365108755866
1771;99,1839428366978
1772;99,1846510676373
1773;99,2300707837158
1774;99,3306562457432
1775;99,4670502655631
1776;99,5890006457811
1777;99,6534503349524
1778;99,6588327146349
1779;99,6330066246744
1780;99,5925239563864
1781;99,5447689046314
1782;99,5200713022113
1783;99,5495884884644
1784;99,6024488739254
1785;99,6123264041208
1786;99,5640928771888
1787;99,5173190275414
1788;99,5182546351886
1789;99,5428391985533
1790;99,5465571887184
1791;99,5163492807746
1792;99,4675398918736
1793;99,4285497714739
1794;99,4341635985034
1795;99,5000709396981
1796;99,581832025155
1797;99,6093309199419
1798;99,5709392518347
1799;99,5262803092343
1800;99,511030203507
1801;99,4912289442191
1802;99,4495274275195
1803;99,4349611798869
1804;99,4802026129994
1805;99,5573386413846
1806;99,6273450604346
1807;99,6835881551491
1808;99,7191005377418
1809;99,7072530418375
1810;99,6548075038396
1811;99,6183294730351
1812;99,6274176974396
1813;99,6513864130517
1814;99,6735152580979
1815;99,7079380443354
1816;99,7330722798832
1817;99,7046242581381
1818;99,6346118359128
1819;99,5933794281508
1820;99,6144567753712
1821;99,6594023663349
1822;99,688776107135
1823;99,695819333522
1824;99,6735057987698
1825;99,6181875227467
1826;99,5592205933392
1827;99,5243692645691
1828;99,4951901267153
1829;99,4475777307711
1830;99,4213585196488
1831;99,4773653194657
1832;99,5792210899673
1833;99,6311440823835
1834;99,6019003014339
1835;99,5459373640305
1836;99,5332530251485
1837;99,5810985088366
1838;99,6544631893685
1839;99,7136772621121
1840;99,737055071571
1841;99,719780015452
1842;99,675280573303
1843;99,6175355162591
1844;99,5594947198119
1845;99,529877955675
1846;99,5486187823363
1847;99,6071098918074
1848;99,6697321087629
1849;99,6921621380198
1850;99,669170121664
1851;99,6458929897942
1852;99,6594626688936
1853;99,6987230058778
1854;99,7334584752144
1855;99,7513590414653
1856;99,755501185541
1857;99,7455980905813
1858;99,731870114857
1859;99,7379487394941
1860;99,7657454351446
1861;99,7864674219337
1862;99,7854745641007
1863;99,7771365354548
1864;99,7601125025414
1865;99,7040184038046
1866;99,6029787097199
1867;99,5018025147672
1868;99,4488151503876
1869;99,4545453378056
1870;99,5071040321306
1871;99,5937549824126
1872;99,6901201114609
1873;99,759062053824
1874;99,7853803318694
1875;99,7924279021546
1876;99,803137291933
1877;99,8100084656342
1878;99,805249639304
1879;99,801217932957
1880;99,7994982015569
1881;99,7785937098232
1882;99,7322995154985
1883;99,6899133043437
1884;99,6814995894988
1885;99,700416161386
1886;99,7202053257986
1887;99,7290294602126
1888;99,7229696620405
1889;99,6985674402341
1890;99,6749874901976
1891;99,6861863108643
1892;99,730533545856
1893;99,7658525522352
1894;99,7654758010016
1895;99,7498590741549
1896;99,7471908981345
1897;99,7502356217964
1898;99,7431149769426
1899;99,7385556212009
1900;99,7538122470325
1901;99,7778442475223
1902;99,7923470202583
1903;99,7978926228688
1904;99,8034486855617
1905;99,8036523168988
1906;99,7902935971248
1907;99,772943465694
1908;99,7617018063103
1909;99,7518237947532
1910;99,7454395938351
1911;99,7540161095878
1912;99,7736928349751
1913;99,7820915821048
1914;99,771036585051
1915;99,7592713351974
1916;99,7560336635955
1917;99,7447264023168
1918;99,7208195590996
1919;99,7103102596416
1920;99,7242804668343
1921;99,7362551604478
1922;99,7270570854014
1923;99,715442735877
1924;99,7298537718751
1925;99,7654258337075
1926;99,7968650972724
1927;99,8140056591354
1928;99,8196445580488
1929;99,8139871627527
1930;99,8027772422539
1931;99,7985359171481
1932;99,8061309811335
1933;99,8159982973743
1934;99,8210548972842
1935;99,8268595536532
1936;99,8338519338618
1937;99,8351554842313
1938;99,8311319783033
1939;99,8260768633158
1940;99,8122555443853
1941;99,776915287085
1942;99,7294355492111
1943;99,7018057420744
1944;99,7104173134812
1945;99,738989744087
1946;99,7675326004707
1947;99,7930726397447
1948;99,8167279725978
1949;99,8329383307492
1950;99,8393875228142
1951;99,8423527022801
1952;99,8447993067325
1953;99,8421644487063
1954;99,8357661206926
1955;99,834535331885
1956;99,8386456255825
1957;99,840934746235
1958;99,8409710796197
1959;99,8433447520464
1960;99,8454049658284
1961;99,8414572258742
1962;99,8362393254942
1963;99,8377532627722
1964;99,8399884330635
1965;99,8295847307932
1966;99,8084098375082
1967;99,7942920112515
1968;99,7978341148792
1969;99,8132143548386
1970;99,8321997812076
1971;99,8509631728255
1972;99,8634143131272
1973;99,8645432922241
1974;99,86015080981
1975;99,8599706944457
1976;99,862981040955
1977;99,8619005550509
1978;99,8587488483415
1979;99,8613980345317
1980;99,8679102673309
1981;99,8691578167629
1982;99,8658180488272
1983;99,8666282511054
1984;99,8718386804886
1985;99,87124512257
1986;99,8625191773406
1987;99,8547187751786
1988;99,850636748873
1989;99,8423954780381
1990;99,8270683977321
1991;99,8122196754396
1992;99,804718341153
1993;99,8068649388454
1994;99,821460130812
1995;99,8472835857502
1996;99,8709337569443
1997;99,8782616388115
1998;99,873787999879
1999;99,8731141546416
2000;99,8788813033258
2001;99,8809934133276
2002;99,8780537315503
2003;99,8793586086936
2004;99,8861887906251
2005;99,8878817728823
2006;99,8826135019747
2007;99,8811460882003
2008;99,8856655166052
2009;99,8867267031251
2010;99,8829140034037
2011;99,8842875163128
2012;99,891790458485
2013;99,8936948313799
2014;99,8860663016926
2015;99,8772947819251
2016;99,8703526577685
2017;99,8608085128129
2018;99,8538210976088
2019;99,861419977997
2020;99,8803077062456
2021;99,8932801480837
2022;99,8949732074074
2023;99,8962546483975
2024;99,9014197355472
2025;99,9023262805376
2026;99,8979276564951
2027;99,898176252198
2028;99,904591678335
2029;99,9073322288376
2030;99,9040212619663
2031;99,9041274773957
2032;99,9098645085632
2033;99,9118694479173
2034;99,907594218884
2035;99,9057868776297
2036;99,9089079210007
2037;99,9087755294164
2038;99,9037707488948
2039;99,9021740831324
2040;99,9048184847669
2041;99,9030107353714
2042;99,8970034352517
2043;99,8977798316346
2044;99,9068463389672
2045;99,9129484917528
2046;99,9123449643068
2047;99,9137285575024
2048;99,9195758541894
2049;99,9214728772169
2050;99,9178243904958
2051;99,9176709681104
2052;99,9229115717359
2053;99,9248375760986
2054;99,9215354737536
2055;99,9215074756782
2056;99,9266528950008
2057;99,9284386297805
2058;99,9245771402428
2059;99,9234963043721
2060;99,9277843443928
2061;99,9292231895012
2062;99,9246727274513
2063;99,9209084713564
2064;99,920003208354
2065;99,9163770220412
2066;99,9118093268519
2067;99,9159930029441
2068;99,9283138350995
2069;99,936237575411
2070;99,9354458521752
2071;99,9349341579586
2072;99,9384045532218
2073;99,938194534319
2074;99,9323078372683
2075;99,9299848725462
2076;99,9347424781815
2077;99,9386430713505
2078;99,9381352053529
2079;99,9401359475892
2080;99,9466209053415
2081;99,9488636561555
2082;99,9435925742682
2083;99,9392111509708
2084;99,9404250334031
2085;99,9415874857976
2086;99,9402955118358
2087;99,9424112824678
2088;99,9484792487591
2089;99,9501343848816
2090;99,9450171894809
2091;99,9412077269754
2092;99,9423348072883
2093;99,9427499169629
2094;99,9413845773576
2095;99,9451411099132
2096;99,954229253243
2097;99,9591462301432
2098;99,9565253267106
2099;99,9533856872059
2100;99,952280528755
2101;99,947808837537
2102;99,941369594033
2103;99,9426216309256
2104;99,9524308144455
2105;99,9601217220391
2106;99,9610183928636
2107;99,9609478018772
2108;99,9604901195624
2109;99,9526458091164
2110;99,9402746890288
2111;99,9375723639028
2112;99,9484737886412
2113;99,9604673214821
2114;99,9649884535658
2115;99,9665990156719
2116;99,966838545478
2117;99,9581488982276
2118;99,9416269762584
2119;99,9326809197402
2120;99,939732415749
2121;99,9530064138249
2122;99,9621699503039
2123;99,9686652803404
2124;99,9725847014041
2125;99,9651996670076
2126;99,9457294985424
2127;99,9302174877488
2128;99,9319031392772
2129;99,9453043540668
2130;99,9589618304009
2131;99,9700703653748
2132;99,9766984741346
2133;99,9703241757457
2134;99,9491697976966
2135;99,9279875831232
2136;99,922567645388
2137;99,9328619703137
2138;99,949635140134
2139;99,9670168645006
2140;99,9792653408366
2141;99,9766436993833
2142;99,9569497020602
2143;99,9339923411476
2144;99,924507548
2145;99,931996466495
2146;99,9494596484118
2147;99,9693956003074
2148;99,9836604006658
2149;99,9824983284686
2150;99,9641837542113
2151;99,9410076441168
2152;99,9283719230221
2153;99,9317614736889
2154;99,9475114705944
2155;99,968504325343
2156;99,9843607926126
2157;99,9844647348484
2158;99,968179129132
2159;99,9476238056733
2160;99,9361032474335
2161;99,9381368250156
2162;99,9516108805848
2163;99,9713088573265
2164;99,9874824819564
2165;99,9896911919384
2166;99,9772333716183
2167;99,9605609263895
2168;99,9501664132852
2169;99,9496108996702
2170;99,9588312117089
2171;99,975091284087
2172;99,9894789964569
2173;99,9920242413152
2174;99,9831990128794
2175;99,9731771391336
2176;99,9690111221176
2177;99,9702717622243
2178;99,9762146802006
2179;99,9867985523235
2180;99,9963392982762
2181;99,9970364795599
2182;99,9902734718994
2183;99,9848801559128
2184;99,9840273077216
2185;99,9838919602368
2186;99,9842703072185
2187;99,9886065171582
2188;99,993904672139
2189;99,9931564557392
2190;99,9877669739961
2191;99,9850397781157
2192;99,9838745173895
2193;99,9752873003735
2194;99,9531709820356
2195;99,9084740973003
2196;99,8204877520389
2197;99,683679435176
2198;99,5478685020278
2199;99,4992538528036
2200;99,5797520698868
2201;99,7403462846382
2202;99,8894041940398
2203;99,974017881014
2204;100,001985807989
2205;100,003807190085
2206;99,999380030465
2207;99,9963417300514
2208;99,9969435353996
2209;99,9993152208698
2210;100,000646645473
2211;100,001171363702
2212;100,001168318677
2213;99,9979023994106
2214;99,9910791584732
2215;99,9867918492369
2216;99,9900280029094
2217;99,9973223497858
2218;100,001764279002
2219;100,000581017712
2220;99,9937540074096
2221;99,9814844026106
2222;99,9685068060184
2223;99,964567126818
2224;99,9739710573318
2225;99,988552318721
2226;99,9955913128534
2227;99,9890094478287
2228;99,9706067490446
2229;99,9475794068675
2230;99,9324258750523
2231;99,9372410401636
2232;99,9606105512044
2233;99,9848856667061
2234;99,9915019844216
2235;99,9766162878981
2236;99,9505183856364
2237;99,9287223938762
2238;99,9253321691054
2239;99,9449514939682
2240;99,9744101952751
2241;99,989088535101
2242;99,9750666023327
2243;99,9421713426206
2244;99,9133543065009
2245;99,9058396675958
2246;99,9234083799395
2247;99,955626325563
2248;99,979855630569
2249;99,9736500232586
2250;99,9358922924179
2251;99,8920287175254
2252;99,8718941865494
2253;99,8857973834371
2254;99,9205330827256
2255;99,9531401647404
2256;99,962020863394
2257;99,9400860955705
2258;99,902545979488
2259;99,8808011037962
2260;99,8938515336589
2261;99,9306820637614
2262;99,9625910997181
2263;99,968862162789
2264;99,9498924879549
2265;99,9197840842282
2266;99,8995907889317
2267;99,9050920049316
2268;99,9341037222186
2269;99,9648320244085
2270;99,9735330263301
2271;99,9549694599509
2272;99,9222880875094
2273;99,8937343827132
2274;99,8830221366678
2275;99,8939367756526
2276;99,915337732412
2277;99,9275113510669
2278;99,9204268761359
2279;99,9078082282579
2280;99,9095814451448
2281;99,9297671658616
2282;99,9518774813798
2283;99,959565402485
2284;99,9514672886602
2285;99,9380070248992
2286;99,9319551396042
2287;99,9392790302935
2288;99,957502550839
2289;99,9747668990742
2290;99,9828820204244
2291;99,9825219579177
2292;99,9807177585164
2293;99,9742049244878
2294;99,9550884766467
2295;99,9242481040312
2296;99,898411004225
2297;99,8939368492637
2298;99,9097191188071
2299;99,9358116556492
2300;99,9613079434313
2301;99,9880332670988
2302;100,009335017068
2303;100,019661771201
2304;100,011372806454
2305;99,9983785927776
2306;99,9956751452182
2307;100,012330783876
2308;100,037861221302
2309;100,059395775393
2310;100,071927103573
2311;100,081321887135
2312;100,086653541075
2313;100,083860226686
2314;100,063793536085
2315;100,034627945126
2316;99,9998689532127
2317;99,9704193380944
2318;99,9466277906392
2319;99,9416045763062
2320;99,9472348935088
2321;99,9680236368254
2322;99,9999365144762
2323;100,060400366361
2324;100,134937035241
2325;100,193061112576
2326;100,20956565988
2327;100,197878114357
2328;100,198245104357
2329;100,224221157793
2330;100,25888860077
2331;100,293994309047
2332;100,32012176301
2333;100,341356029929
2334;100,332274719145
2335;100,318991277592
2336;100,317441835155
2337;100,325699574122
2338;100,297940399911
2339;100,220915794431
2340;100,108568130694
2341;100,004629666498
2342;99,9556483231932
2343;99,995112770082
2344;100,094771177441
2345;100,181524193476
2346;100,201608455317
2347;100,168519129294
2348;100,143510513935
2349;100,134202931126
2350;100,125283095468
2351;100,110449806734
2352;100,115136339555
2353;100,162597290472
2354;100,224638802997
2355;100,279350755911
2356;100,32753341233
2357;100,368821479535
2358;100,382895065641
2359;100,354093962065
2360;100,288225697759
2361;100,168873736274
2362;100,022817380917
2363;99,8902544800467
2364;99,795577557902
2365;99,7137754524721
2366;99,602996215494
2367;99,5099573019917
2368;99,5501030093042
2369;99,7530961711583
2370;100,001495449247
2371;100,162107652963
2372;100,215428394005
2373;100,218710319028
2374;100,203919656326
2375;100,168034367692
2376;100,124392671262
2377;100,100593090525
2378;100,098798893712
2379;100,102349406213
2380;100,102542143558
2381;100,074004905689
2382;99,9418745721955
2383;99,6410175298661
2384;99,2280374076956
2385;98,8834794228487
2386;98,7573735987293
2387;98,8307935737284
2388;98,9684829564421
2389;99,0908364366121
2390;99,2379629071806
2391;99,4568598706305
2392;99,6894339742214
2393;99,8225190129254
2394;99,8219178998858
2395;99,7643892607312
2396;99,7403329423054
2397;99,769908505963
2398;99,8223474067649
2399;99,8704588542084
2400;99,8910795834815
2401;99,838445424718
2402;99,663741491067
2403;99,3657639868933
2404;98,9967012450087
2405;98,6176819701327
2406;98,2776769664238
2407;98,0404911911594
2408;97,9909628474176
2409;98,1750136986768
2410;98,538556552096
2411;98,9505602550526
2412;99,2913366863839
2413;99,5144052851558
2414;99,6389224434634
2415;99,7073870857714
2416;99,7537579044637
2417;99,7934733113052
2418;99,8232283810829
2419;99,8164413727371
2420;99,7228413795894
2421;99,5092615874211
2422;99,2390878160514
2423;99,082950430253
2424;99,1622705830702
2425;99,3458866580375
2426;99,2787728348872
2427;98,7049275028389
2428;97,7600645006436
2429;96,8983757924811
2430;96,540785107467
2431;96,8140328467657
2432;97,5551171713979
2433;98,4521773658062
2434;99,193983981137
2435;99,6161647764541
2436;99,7637329472606
2437;99,7534855294386
2438;99,5676727272382
2439;99,0925075617916
2440;98,4058389054896
2441;97,891470705949
2442;97,923704379435
2443;98,4751606296314
2444;99,1518226253561
2445;99,5956355761016
2446;99,7321520188661
2447;99,6240473755315
2448;99,2501078318339
2449;98,5658497993333
2450;97,7349259474911
2451;97,154167496526
2452;97,1677056311678
2453;97,7686967007006
2454;98,6025473420515
2455;99,2378143732159
2456;99,4183335599408
2457;99,1311637848136
2458;98,5735254864016
2459;98,0937471384351
2460;98,0226241802263
2461;98,4045492877783
2462;98,9153757406853
2463;99,1667868919146
2464;99,0933335830714
2465;98,9493039115584
2466;98,9643216182043
2467;99,1403694659619
2468;99,3435336612735
2469;99,3780226885976
2470;98,9651767426754
2471;97,9507069302651
2472;96,6751870878476
2473;95,85320582578
2474;95,8197696960677
2475;96,1000973512866
2476;96,0447845775189
2477;95,7388839061764
2478;95,879192927014
2479;96,7810187664974
2480;97,9365731693422
2481;98,6746525284906
2482;98,8942538677422
2483;98,9475538124469
2484;99,0901540415366
2485;99,3089424897969
2486;99,5087327915802
2487;99,6130926061106
2488;99,5595987398524
2489;99,3329621826885
2490;98,876514158878
2491;97,9034000537181
2492;96,1171863677079
2493;93,8962704192588
2494;92,4657463920114
2495;92,8954295720417
2496;94,9410433867531
2497;97,2443770047595
2498;98,6794186985789
2499;99,1575982079627
2500;99,1436455894814
2501;98,9136087028966
2502;98,545636664597
2503;98,2439711843898
2504;98,258229993611
2505;98,5903928775183
2506;99,0211720620468
2507;99,3101703290265
2508;99,191578696711
2509;98,3766603442922
2510;96,8683689943341
2511;95,1824027871177
2512;93,9699224062673
2513;93,4610353782991
2514;93,5111575860794
2515;94,0771536036343
2516;95,2593323097854
2517;96,8432490353824
2518;98,2121959878959
2519;98,9321959103344
2520;99,1627337425301
2521;99,265501521727
2522;99,2226307540973
2523;98,7247046580685
2524;97,7219043279246
2525;96,5982837542518
2526;95,7953740411856
2527;95,4747204824937
2528;95,5797069561266
2529;96,0378552686622
2530;96,7924804664014
2531;97,6994743979669
2532;98,4551310420921
2533;98,6543229816252
2534;98,0399459015585
2535;96,8337708044308
2536;95,7633837275222
2537;95,557549969196
2538;96,3269568352413
2539;97,5092228430178
2540;98,4165691024843
2541;98,7153178248331
2542;98,3916146310208
2543;97,508856695279
2544;96,217197866619
2545;94,928917374003
2546;94,2427702640986
2547;94,5370122538342
2548;95,6201914844223
2549;96,833048857048
2550;97,5689490264033
2551;97,7379437314696
2552;97,6718152911405
2553;97,544081124061
2554;97,0389724001094
2555;95,8011627306008
2556;94,1402958989756
2557;92,9586516600736
2558;92,842477701719
2559;93,4701902674835
2560;94,1259902125164
2561;94,593770743219
2562;95,2352546544129
2563;96,2618434135893
2564;97,2659281700529
2565;97,5766449967907
2566;96,9125331278698
2567;95,6329328980664
2568;94,4900590096442
2569;94,150647345797
2570;94,7579585204771
2571;95,8384313454079
2572;96,7207410745638
2573;97,1038628255225
2574;97,1575314756884
2575;97,1234231803857
2576;97,0329968973144
2577;96,8659119251272
2578;96,7374255596346
2579;96,7367785914468
2580;96,7137253890742
2581;96,4345853072718
2582;95,9173191575372
2583;95,4608990708996
2584;95,3434173802726
2585;95,5861577243536
2586;96,0001258578325
2587;96,3838310692665
2588;96,681783936905
2589;96,9918517918741
2590;97,3936395469491
2591;97,7685646302215
2592;97,8771102170525
2593;97,6119599133623
2594;96,9939837431938
2595;95,8513919925799
2596;93,7894822247872
2597;90,8001347152045
2598;87,794884607602
2599;86,1321036617712
2600;86,4540828715918
2601;88,1717776061253
2602;90,1851680055092
2603;91,9093135620074
2604;93,4420131558597
2605;94,9386591574921
2606;96,1868250444118
2607;96,8925451245538
2608;97,156438092989
2609;97,4156553020984
2610;97,9007560556067
2611;98,3334266003517
2612;98,2914347355037
2613;97,7636265824527
2614;97,133017646794
2615;96,6297382889928
2616;96,088060614919
2617;95,3939824632478
2618;94,9093793209214
2619;95,1221724538277
2620;95,9595105850226
2621;96,7883901589016
2622;97,1407156279302
2623;97,1431540188275
2624;97,1258420198354
2625;97,1012109706325
2626;96,8570842504178
2627;96,3653040052318
2628;95,7969624339038
2629;95,1857837207059
2630;94,36225308939
2631;93,308571302081
2632;92,3954784612876
2633;92,104292246513
2634;92,5319949322141
2635;93,2587671610154
2636;93,7328687719663
2637;93,7534876221678
2638;93,5490417420133
2639;93,4287751742409
2640;93,4725657926622
2641;93,6047424941884
2642;93,8298154921294
2643;94,2204519658014
2644;94,7104008274249
2645;95,0792438857864
2646;95,1682917735039
2647;94,9795094669242
2648;94,5789639208582
2649;94,1004114049372
2650;93,8461824490552
2651;94,0815627459948
2652;94,5712044505661
2653;94,5959919026394
2654;93,7409431842101
2655;92,5596082754781
2656;92,1594610600461
2657;93,1202568343638
2658;95,0102990024679
2659;96,9037179356573
2660;98,0905311821061
2661;98,2686787361995
2662;97,4223630901813
2663;95,8194937613635
2664;94,022026538748
2665;92,6173126292057
2666;91,8413654753779
2667;91,5422877236169
2668;91,5317192183898
2669;91,8649954737928
2670;92,6850176530276
2671;93,8449291574504
2672;94,8446896826722
2673;95,2302453431503
2674;94,9809480550623
2675;94,4035203374225
2676;93,7183775083168
2677;92,8968876678308
2678;91,8350929871071
2679;90,4608277007693
2680;88,7069977264062
2681;86,7348113547698
2682;85,3100853138719
2683;85,5617905615785
2684;87,9652420631017
2685;91,6607956042344
2686;95,0520994642438
2687;96,999728908193
2688;97,2816981681116
2689;96,2338623281053
2690;94,462392137798
2691;92,7512768378159
2692;91,5409675247561
2693;90,300140166558
2694;88,0194527225768
2695;84,7696766815635
2696;82,3661465839323
2697;82,8877468535495
2698;86,5336915761436
2699;91,2897472267678
2700;94,7076436378733
2701;95,7824480551722
2702;95,2143690629897
2703;94,3423742862091
2704;94,09294607602
2705;94,6732392125549
2706;95,6947725649185
2707;96,2158057735568
2708;94,8657943993379
2709;90,6892123275658
2710;84,5343377968016
2711;79,4045197907338
2712;78,5025024692651
2713;82,3599484096108
2714;88,2239786765186
2715;92,6929411838377
2716;94,6606154685104
2717;95,3205702112
2718;95,9003671650126
2719;96,4232863388306
2720;96,5859258713567
2721;96,5497995567371
2722;96,138469103493
2723;94,0997245544279
2724;89,3763251294243
2725;83,1388051043874
2726;78,6663220142711
2727;78,6859012457491
2728;82,9898487011076
2729;88,8018809643771
2730;93,236055796438
2731;95,2812056367667
2732;95,7401856539042
2733;95,7696151398874
2734;95,7667677419999
2735;95,5434137462692
2736;95,0218277572822
2737;94,0940198895066
2738;91,7966427846985
2739;86,6227437096007
2740;78,6752464565163
2741;71,2528007800385
2742;68,9727543951137
2743;73,5358251477746
2744;81,8362910364946
2745;88,8321000362661
2746;91,908706277843
2747;91,9872844032696
2748;91,1341858669813
2749;90,4336377676686
2750;90,232326759478
2751;90,9473155433269
2752;92,4617121284577
2753;93,2029517437242
2754;91,0311253459813
2755;85,5287183404727
2756;79,0965366791929
2757;75,4078485674981
2758;76,538783008761
2759;81,3677683962
2760;86,6885577337938
2761;90,035994573399
2762;91,4827307325301
2763;92,5848390732157
2764;93,8981749673034
2765;94,2784500218138
2766;92,7132075610606
2767;89,8051001233206
2768;86,6426234757019
2769;82,9738760302293
2770;77,8681152573901
2771;72,1666936854059
2772;68,9107670133793
2773;70,5480091516824
2774;76,2559198467111
2775;82,6329578105179
2776;86,7452908708839
2777;88,1079519030392
2778;88,0649898217858
2779;87,9094847914983
2780;87,7389384686168
2781;86,8443277092121
2782;84,9426809618448
2783;82,7542739405324
2784;81,1267196237485
2785;79,8208099677402
2786;77,7846658923228
2787;74,7582632744336
2788;71,9606337882474
2789;70,7459850370123
2790;71,0502482790691
2791;71,7942856573441
2792;72,6053721338057
2793;74,3870563990767
2794;77,8767311039615
2795;82,0004878703795
2796;84,229338200231
2797;82,9852044234282
2798;79,6512372251139
2799;77,539442662569
2800;78,270825451916
2801;79,6726998202947
2802;78,3511329410525
2803;74,2792496508765
2804;71,3974659880331
2805;73,0215782039648
2806;77,9341449383722
2807;82,1847580432784
2808;83,7423868730578
2809;83,7216057319572
2810;83,5447279322363
2811;82,9951862566994
2812;81,5962478822402
2813;80,1849322988111
2814;79,8490341617958
2815;80,0896061223071
2816;79,1900497179406
2817;76,1745874391944
2818;71,6216582798867
2819;66,6739100046885
2820;61,9527892730386
2821;57,6014690818842
2822;53,9911699607224
2823;52,0454988769422
2824;52,6453729485324
2825;55,5230205366494
2826;58,9511750691218
2827;61,1186099900864
2828;61,9944226152244
2829;63,3281499763188
2830;66,4933200321834
2831;70,7663888555244
2832;74,1856596038868
2833;75,8379092587886
2834;76,8067926968872
2835;78,8921482638717
2836;82,6837487248569
2837;86,8967330811148
2838;89,4544996095071
2839;89,2844863871825
2840;87,1782287284672
2841;84,9360582690956
2842;83,8158185819568
2843;83,9124192702425
2844;84,6411937324887
2845;85,2741002712046
2846;85,2531341176878
2847;84,7627404500556
2848;84,8920993551259
2849;86,190201787971
2850;86,9213143047084
2851;84,1479291428052
2852;77,419423544151
2853;70,3410227019409
2854;67,2820248425576
2855;69,1081964416875
2856;73,2348011620536
2857;77,1583090245492
2858;80,2459395676898
2859;82,1251405052383
2860;81,2360577107462
2861;76,1067218416857
2862;67,3685134883896
2863;57,7868110477922
2864;50,6515688166794
2865;48,3147527234785
2866;51,3839937907398
2867;58,4371998861381
2868;66,660685368835
2869;73,2354591124426
2870;76,15415351302
2871;74,0438249394669
2872;66,4183951068539
2873;55,0307547810846
2874;44,347541357502
2875;39,2700660563416
2876;41,7814920180335
2877;50,0388809243944
2878;60,5591059685674
2879;70,5172237538512
2880;77,7253929407075
2881;79,5198075337836
2882;73,436634558933
2883;60,0145160292026
2884;44,5832163596975
2885;35,0089927451679
2886;36,4421799648966
2887;47,7573371269567
2888;63,065301440489
2889;76,4392846774543
2890;84,8761204810398
2891;87,2932945642502
2892;82,4908478575301
2893;69,8764271516607
2894;52,3353997293671
2895;36,8387912942383
2896;30,3961871753102
2897;34,6373397687059
2898;44,755637771919
2899;54,2520230702279
2900;60,407298343158
2901;64,4881152163619
2902;67,1277479227595
2903;65,5200507985928
2904;56,7775912297105
2905;43,3315335210051
2906;32,8100744188747
2907;31,620909053653
2908;39,6184713383999
2909;51,6496978786001
2910;62,9428962729601
2911;71,4554235125297
2912;75,8118996629927
2913;73,5647032018749
2914;63,054313711215
2915;46,5089121656174
2916;30,2703753859172
2917;21,4162553038919
2918;23,5071715681511
2919;34,6426349892184
2920;49,1339833133333
2921;61,3256964837283
2922;68,1595441955716
2923;68,5740904907392
2924;61,996243993822
2925;49,3928911364267
2926;35,7305191384095
2927;28,722068108772
2928;32,7498454859955
2929;44,4433093002062
2930;55,8871256326286
2931;62,0429318819084
2932;63,4942806803256
2933;62,1982339104619
2934;57,2738870356529
2935;46,9441636515982
2936;33,5299578508236
2937;24,0517222119695
2938;24,7932174077583
2939;35,6873344239066
2940;50,3438145993093
2941;61,2723490385564
2942;64,9666092628327
2943;62,4760297043155
2944;56,0989874839099
2945;46,7495124680522
2946;35,2447555797769
2947;25,2061723279004
2948;22,3088734415722
2949;29,0958805819127
2950;41,3817581219028
2951;51,4765725709875
2952;54,9972871260358
2953;53,3167036657593
2954;49,4998136984081
2955;43,9811222653879
2956;35,7230522744528
2957;26,4624289626508
2958;21,5124609036326
2959;25,4661159523504
2960;37,6666605978935
2961;52,3066125999119
2962;62,6805990457456
2963;65,3131931052072
2964;60,7949883276321
2965;51,7987222400993
2966;41,0659009587701
2967;31,2406551477705
2968;25,531875408168
2969;26,9198782085215
2970;35,8347074417336
2971;49,0206675442602
2972;61,4023730513733
2973;69,0917533603354
2974;70,4615651285648
2975;65,2255670641202
2976;54,1126129390096
2977;40,0463138271576
2978;28,4650616427512
2979;24,7529583602064
2980;30,5904540950708
2981;42,9450598901427
2982;56,6358934894311
2983;67,4542573828816
2984;72,86918806435
2985;71,0988643643642
2986;61,5626274446208
2987;47,1906954913435
2988;35,0781548239509
2989;32,5331008475475
2990;41,2160569229421
2991;55,6781395267362
2992;68,3138098077502
2993;75,2982440937973
2994;77,1649703275114
2995;74,8994811032989
2996;67,9577025633352
2997;56,9051189801441
2998;45,962766006394
2999;40,5299080715111
3000;41,9504915029029
3001;46,0144598139636
3002;47,0025097944384
3003;42,4258547700172
3004;33,7297285248582
3005;23,7772838354721
3006;14,7751659094979
3007;7,97264975132238
3008;3,81061252819788
3009;1,81778183730275
3010;0,96016624835795
3011;0,49850009030356
3012;0,269849216889341
3013;0,184635999997992
3014;0,0147247683037861
3015;0,00000123888292777161
3016;0,00000123875341184789
3017;0,00000123862608236416
3018;0,58117963494543
3019;3,38994420028313
3020;10,2098835252636
3021;21,7615813879009
3022;35,9250412263409
3023;48,8756314038704
3024;57,5290472145723
3025;60,5213571083154
3026;57,9299497901416
3027;51,8106765608111
3028;46,8073914438813
3029;47,9122008524392
3030;56,1356857985572
3031;67,2793843076337
3032;76,0163608373491
3033;80,3142650067479
3034;80,7672029051277
3035;77,1668804537065
3036;68,6499242153953
3037;57,5287159232559
3038;50,1166762783143
3039;51,5180665118067
3040;60,3360698432726
3041;70,1690823393484
3042;75,9044074015848
3043;76,8535111887023
3044;73,9655293514809
3045;66,7719149566342
3046;55,2119601708868
3047;43,2982349616783
3048;37,984341977267
3049;42,9897912206279
3050;54,7812774533065
3051;65,7278000025813
3052;70,4986987461661
3053;68,3970272592147
3054;60,7175077800927
3055;48,662766729224
3056;34,8365374351844
3057;24,5693831065146
3058;23,0341547660289
3059;30,6883046932186
3060;42,7270670331614
3061;53,1358488849315
3062;58,3488528650213
3063;57,2707861766282
3064;49,9424295955198
3065;37,9850390552283
3066;25,740854682593
3067;18,9037793917214
3068;20,7161397556931
3069;29,5523381498038
3070;40,4264843242755
3071;48,520243841579
3072;51,2359476643848
3073;48,0020828908321
3074;39,8059866778536
3075;29,6081344292315
3076;22,166526933475
3077;21,6733911058346
3078;28,6558468119447
3079;39,407033055675
3080;48,6657570030648
3081;52,6437245614708
3082;49,9108768992219
3083;41,099661040626
3084;29,1834044485338
3085;19,338747664169
3086;16,4515221522796
3087;21,6792518347351
3088;31,8635616009036
3089;42,4037315863791
3090;49,8825333156697
3091;52,0300796114497
3092;47,3496863889017
3093;36,9261930746707
3094;26,0738523871327
3095;21,7447536101663
3096;26,923366576031
3097;38,2158348537953
3098;49,5010201919753
3099;56,8498375544881
3100;59,111722103365
3101;55,6033017424605
3102;46,2913928246962
3103;34,7277844743606
3104;27,9608984696551
3105;30,9342894475854
3106;41,4446853014555
3107;52,3293297954775
3108;58,2457944545373
3109;58,5844324028766
3110;54,4149218731076
3111;46,0974908932441
3112;35,7425659778168
3113;29,3077326399131
3114;32,4805380975581
3115;44,3288891552175
3116;57,4775911376662
3117;65,0070158591838
3118;65,2623571337227
3119;59,9214122587003
3120;50,7764035142379
3121;40,6225706233269
3122;34,8249778654482
3123;38,1066954966829
3124;49,4040109079782
3125;62,1424328074619
3126;70,058531224811
3127;71,1902703151253
3128;66,5164134169626
3129;57,8335561019503
3130;48,6223412958467
3131;44,4737539520493
3132;49,257977286323
3133;60,778822848711
3134;72,2230802348842
3135;78,0576921987531
3136;77,0755189342504
3137;70,4871312396885
3138;60,3127768671869
3139;50,7414853150439
3140;47,903396581789
3141;55,0095358470582
3142;68,2728398353097
3143;79,8220302340446
3144;84,386138695995
3145;81,7221497789929
3146;73,9252464466559
3147;63,7429836452072
3148;55,731114025917
3149;55,2362526993847
3150;63,6496638341389
3151;76,1620651053698
3152;85,9640195624391
3153;89,5383644409884
3154;86,857925199487
3155;79,0150036044459
3156;68,7046911282363
3157;61,5686626087994
3158;63,0080167142792
3159;72,74683379212
3160;84,7201920836052
3161;92,7582585283086
3162;94,5335428036304
3163;90,3799592030027
3164;81,8195663485939
3165;72,6950955887166
3166;68,6617003363381
3167;72,6474894253676
3168;81,7732074430416
3169;90,4122235642151
3170;95,1545318484007
3171;95,4525387047729
3172;91,5352691461518
3173;84,6733308921053
3174;78,6675281559446
3175;77,8441539360115
3176;82,8220866115925
3177;89,9818230373194
3178;95,3267088437882
3179;97,2581817680522
3180;95,7625638291824
3181;91,4550963409341
3182;86,4529819373875
3183;84,1433161297086
3184;86,3358180077464
3185;91,3835067885846
3186;96,0694414452186
3187;98,5155828528749
3188;98,541278407564
3189;96,5152452066822
3190;93,3465329866798
3191;90,9137590828746
3192;90,9155299381746
3193;93,1853165341916
3194;95,9667697385239
3195;97,7316056267291
3196;98,0666741846537
3197;97,1896117277841
3198;95,6475798186411
3199;94,4738478328709
3200;94,6688783256001
3201;96,1973921312196
3202;98,0025769691554
3203;99,1295757992233
3204;99,402450367382
3205;99,0456316293167
3206;98,2841557838481
3207;97,5020609595606
3208;97,2509972707327
3209;97,7495209976762
3210;98,6221664235254
3211;99,3211011019089
3212;99,5971778777016
3213;99,4831499473444
3214;99,121649414644
3215;98,7698267018016
3216;98,7215813319881
3217;99,0235781105493
3218;99,3993783544551
3219;99,5690227964888
3220;99,522687006293
3221;99,4155853104202
3222;99,3521488955452
3223;99,3685614322452
3224;99,4891234948664
3225;99,6834593846529
3226;99,850680397658
3227;99,9243252449472
3228;99,9304337618557
3229;99,9037529315456
3230;99,8316820096939
3231;99,7218554204431
3232;99,6384869506105
3233;99,6242369091789
3234;99,6540547226097
3235;99,6980068758001
3236;99,7624430910759
3237;99,8418654754781
3238;99,8980469016428
3239;99,9183773273974
3240;99,9355265886533
3241;99,9659472168632
3242;99,9844439095232
3243;99,9775323910272
3244;99,9665514962886
3245;99,9591074393371
3246;99,9307920521289
3247;99,8759158142852
3248;99,8307071719799
3249;99,8251555448518
3250;99,8495502853572
3251;99,883075819943
3252;99,919081272935
3253;99,9508308137807
3254;99,9675985107444
3255;99,9750991619112
3256;99,9901316820008
3257;100,009481603816
3258;100,011718918841
3259;99,9937275959975
3260;99,976107423346
3261;99,9707303787014
3262;99,9701453004974
3263;99,9693783074727
3264;99,9719301070997
3265;99,9747378952811
3266;99,9710045084163
3267;99,9666850771196
3268;99,9746753111878
3269;99,9928417091557
3270;100,006987148244
3271;100,012643279966
3272;100,015326256219
3273;100,014340768643
3274;100,005808083081
3275;99,9962815816623
3276;99,9950818371984
3277;99,9991107750388
3278;100,000534342254
3279;100,001808168578
3280;100,008263117794
3281;100,014678658397
3282;100,014258428598
3283;100,011921658115
3284;100,01379155523
3285;100,01377321211
3286;100,004616225549
3287;99,9928293492519
3288;99,9900505932064
3289;99,9970958213444
3290;100,008173245929
3291;100,021718900447
3292;100,035837181365
3293;100,043037069155
3294;100,04084112447
3295;100,03779402778
3296;100,039679708664
3297;100,040885792071
3298;100,036977579175
3299;100,033497188636
3300;100,034953332292
3301;100,037114724622
3302;100,037497664452
3303;100,041645327286
3304;100,051017969573
3305;100,057599828112
3306;100,056948968743
3307;100,054662012129
3308;100,053924081795
3309;100,049704096013
3310;100,040683964353
3311;100,034095444208
3312;100,033709999944
3313;100,03515259114
3314;100,036999397989
3315;100,043477480405
3316;100,052761436451
3317;100,056496313562
3318;100,054130927624
3319;100,054067311509
3320;100,058316985653
3321;100,059956694125
3322;100,057420808777
3323;100,057224998443
3324;100,060207058712
3325;100,059875705196
3326;100,05592362977
3327;100,054871214901
3328;100,056303412521
3329;100,053187175879
3330;100,046239598185
3331;100,044186733204
3332;100,048201058938
3333;100,050623943321
3334;100,049990301609
3335;100,052782154685
3336;100,059508292359
3337;100,063488183724
3338;100,063885721315
3339;100,066175218441
3340;100,070002639512
3341;100,070224051551
3342;100,06857870786
3343;100,070600487292
3344;100,073335938206
3345;100,070089597599
3346;100,064541749162
3347;100,065662108854
3348;100,071901681301
3349;100,07480932751
3350;100,074005827305
3351;100,075105861763
3352;100,075898425828
3353;100,070108764916
3354;100,061334043616
3355;100,057913059007
3356;100,058520232008
3357;100,057028768646
3358;100,056529332065
3359;100,06326394325
3360;100,072382890834
3361;100,074829015155
3362;100,073411652999
3363;100,076626846858
3364;100,082190834469
3365;100,082635525617
3366;100,081176720136
3367;100,085637216215
3368;100,092280659731
3369;100,092024340871
3370;100,087226338399
3371;100,08633002409
3372;100,087667333568
3373;100,084608341365
3374;100,080486394821
3375;100,082047330438
3376;100,085090580713
3377;100,082110691576
3378;100,077631762666
3379;100,079928970866
3380;100,084957170011
3381;100,083578387501
3382;100,07823818446
3383;100,076891311929
3384;100,07793031681
3385;100,076095482492
3386;100,07553749947
3387;100,082706767288
3388;100,092202722558
3389;100,094959725422
3390;100,09294569926
3391;100,093038180801
3392;100,093389491622
3393;100,089527988742
3394;100,086108445301
3395;100,088857260908
3396;100,092713667996
3397;100,09147621633
3398;100,090910034415
3399;100,09779102758
3400;100,105332443585
3401;100,104063385453
3402;100,098255672619
3403;100,096849348081
3404;100,097437879434
3405;100,093944670812
3406;100,0905526875
3407;100,094069870296
3408;100,099483576179
3409;100,098599188349
3410;100,094706358232
3411;100,095283975103
3412;100,097709048564
3413;100,095455070089
3414;100,092144496554
3415;100,094850258569
3416;100,099617336764
3417;100,097795595336
3418;100,091060860968
3419;100,086631896291
3420;100,084314447571
3421;100,08103898277
3422;100,081205428584
3423;100,088856442633
3424;100,096715082552
3425;100,096872354208
3426;100,094259736138
3427;100,09688964866
3428;100,100823513101
3429;100,098545964238
3430;100,094081424307
3431;100,095630999295
3432;100,100958418686
3433;100,103059302967
3434;100,104193680175
3435;100,109193365891
3436;100,112806869815
3437;100,107977550861
3438;100,099211371766
3439;100,095330646362
3440;100,093020345171
3441;100,086582320172
3442;100,082934370396
3443;100,089646333194
3444;100,097615259793
3445;100,094123316111
3446;100,083877756106
3447;100,080748986155
3448;100,086042530595
3449;100,091246795241
3450;100,09530894011
3451;100,101632008543
3452;100,105934319418
3453;100,103383548829
3454;100,100271330806
3455;100,103369734902
3456;100,107050896749
3457;100,10497414236
3458;100,102703671434
3459;100,106669038918
3460;100,108712674371
3461;100,101984870372
3462;100,096434137715
3463;100,101700771864
3464;100,109381242447
3465;100,108792883819
3466;100,105828409918
3467;100,109947393011
3468;100,115570261039
3469;100,11419886339
3470;100,110906804559
3471;100,112366421947
3472;100,112081815473
3473;100,103662974473
3474;100,096094627864
3475;100,09858309302
3476;100,104938794964
3477;100,107074604668
3478;100,108337061486
3479;100,111343397506
3480;100,108438340331
3481;100,096857217754
3482;100,089727567689
3483;100,096203861023
3484;100,105927962746
3485;100,107240847301
3486;100,104785488093
3487;100,106478560009
3488;100,107860375367
3489;100,104229872184
3490;100,102110992682
3491;100,105932003607
3492;100,106877955685
3493;100,098069393411
3494;100,087877285653
3495;100,084463805817
3496;100,081482616153
3497;100,074322804212
3498;100,072404945186
3499;100,081772292476
3500;100,092089748756
3501;100,093147786541
3502;100,090110309663
3503;100,091668592258
3504;100,096210659954
3505;100,099854838061
3506;100,105054917592
3507;100,110708591689
3508;100,108115335247
3509;100,097714800527
3510;100,093671133653
3511;100,102052313391
3512;100,110236928362
3513;100,108833396673
3514;100,106228125798
3515;100,110608777084
3516;100,113100978312
3517;100,106418991684
3518;100,100361456763
3519;100,102974995626
3520;100,104231370571
3521;100,097381602056
3522;100,092694924746
3523;100,099704711299
3524;100,109594052309
3525;100,10984046934
3526;100,102036040719
3527;100,093291245669
3528;100,085790036716
3529;100,082089387964
3530;100,088299457321
3531;100,102613824441
3532;100,112044078026
3533;100,110060193881
3534;100,105264208569
3535;100,104674722276
3536;100,102756690896
3537;100,097789034308
3538;100,097697892817
3539;100,105550074572
3540;100,109368786717
3541;100,103968341153
3542;100,099059047014
3543;100,10105833705
3544;100,103026469286
3545;100,099981656678
3546;100,100707049663
3547;100,109212562209
3548;100,114977569628
3549;100,109962488627
3550;100,0987826394
3551;100,087582000479
3552;100,078264260613
3553;100,074843825306
3554;100,08294381911
3555;100,096568611283
3556;100,099154375523
3557;100,086925231751
3558;100,075657806024
3559;100,075243091864
3560;100,077781854764
3561;100,074694974744
3562;100,07371869176
3563;100,082058119514
3564;100,090525968359
3565;100,088047465259
3566;100,084629729396
3567;100,098069833061
3568;100,122186034409
3569;100,136094720204
3570;100,136337531675
3571;100,131790392434
3572;100,122164305826
3573;100,104322714008
3574;100,088449514651
3575;100,08408867671
3576;100,081844886371
3577;100,07109343196
3578;100,064708083459
3579;100,072564941217
3580;100,083429743073
3581;100,088125414727
3582;100,094878554687
3583;100,113295378633
3584;100,131055338022
3585;100,134285799156
3586;100,126950936929
3587;100,129397534787
3588;100,147344506553
3589;100,162542581271
3590;100,165439146611
3591;100,159269316805
3592;100,142943758109
3593;100,11715745722
3594;100,098222748867
3595;100,098159012929
3596;100,101743035449
3597;100,092622168523
3598;100,081776294038
3599;100,081363381843
3600;100,075547161476
3601;100,066247734696
3602;100,071102648796
3603;100,09280970363
3604;100,115067474837
3605;100,131609682294
3606;100,150856949528
3607;100,181171909197
3608;100,207584266428
3609;100,213495161849
3610;100,204232966526
3611;100,183798972892
3612;100,147202583867
3613;100,102643463524
3614;100,080362254459
3615;100,090469338295
3616;100,102223169218
3617;100,085536689367
3618;100,048345403439
3619;100,026195109597
3620;100,036156106586
3621;100,068056918653
3622;100,103894493825
3623;100,131512102401
3624;100,155218198787
3625;100,193308129819
3626;100,257906976783
3627;100,326046227802
3628;100,350327790177
3629;100,331854541276
3630;100,303592798032
3631;100,256893907908
3632;100,196591380807
3633;100,144190492333
3634;100,116964710629
3635;100,111411550068
3636;100,106008870988
3637;100,091083446414
3638;100,078109665351
3639;100,074002072736
3640;100,068954190026
3641;100,063755219124
3642;100,070161602484
3643;100,091981554493
3644;100,118079106406
3645;100,143655231679
3646;100,171731276824
3647;100,193740679354
3648;100,205807005917
3649;100,209370918838
3650;100,208563437819
3651;100,206998605181
3652;100,206673788937
3653;100,212631176
3654;100,222940483181
3655;100,21675268618
3656;100,185034197011
3657;100,151200392285
3658;100,128922881259
3659;100,107564430108
3660;100,080769193478
3661;100,0623057629
3662;100,061892968605
3663;100,074909828325
3664;100,084005638973
3665;100,094763997121
3666;100,123797999493
3667;100,163018463383
3668;100,185656648771
3669;100,180810818104
3670;100,184115121108
3671;100,220336586781
3672;100,260962049052
3673;100,285766532536
3674;100,290432879861
3675;100,278211600771
3676;100,260032989418
3677;100,222518852152
3678;100,162707395726
3679;100,113072910473
3680;100,095944951953
3681;100,10350644592
3682;100,112357252483
3683;100,123444281314
3684;100,13788986822
3685;100,159388317999
3686;100,190161274119
3687;100,212959863402
3688;100,193064976663
3689;100,135167130667
3690;100,107766962973
3691;100,13506510251
3692;100,161834173263
3693;100,150111181809
3694;100,127690891819
3695;100,115845056025
3696;100,100579284902
3697;100,078958544625
3698;100,073679931201
3699;100,085889348469
3700;100,085538672818
3701;100,068025254378
3702;100,065496616083
3703;100,095657996739
3704;100,130830890402
3705;100,14701245211
3706;100,16343698522
3707;100,20048129563
3708;100,236521437615
3709;100,241293545791
3710;100,227812220539
3711;100,227552877244
3712;100,223909784403
3713;100,184764036041
3714;100,133587982356
3715;100,092043944692
3716;100,05595070563
3717;100,030011705202
3718;100,032526198197
3719;100,057355648691
3720;100,064169490583
3721;100,045748972262
3722;100,034602897935
3723;100,046540751627
3724;100,072619981647
3725;100,08954864195
3726;100,102974816003
3727;100,129690536352
3728;100,154583933653
3729;100,167571652475
3730;100,182089850847
3731;100,198949001852
3732;100,188355124618
3733;100,153939481729
3734;100,144404513048
3735;100,170091515741
3736;100,195164344898
3737;100,189030115161
3738;100,152303619437
3739;100,104500854255
3740;100,060935188959
3741;100,059606739764
3742;100,120708127411
3743;100,196003381805
3744;100,238073655787
3745;100,257730567693
3746;100,297084945021
3747;100,356776468248
3748;100,401049467096
3749;100,389016901367
3750;100,316460726661
3751;100,232685844952
3752;100,171693089977
3753;100,122171805747
3754;100,081009680222
3755;100,053538903272
3756;100,037028374137
3757;100,0280479402
3758;100,029532074189
3759;100,044103873875
3760;100,056310689212
3761;100,047341364062
3762;100,010705638927
3763;99,9466725919961
3764;99,8752956304655
3765;99,8238744823874
3766;99,81264321745
3767;99,8336996589106
3768;99,8590418491562
3769;99,8685969456322
3770;99,8692861830076
3771;99,8924800449536
3772;99,9407217038681
3773;99,973988185506
3774;99,9608088530986
3775;99,8960441230567
3776;99,8007387888574
3777;99,7165134495673
3778;99,6812979620878
3779;99,6986165981998
3780;99,7426051997727
3781;99,788838635767
3782;99,8365634518389
3783;99,8706368632705
3784;99,8532772743015
3785;99,7722035837692
3786;99,6637461150823
3787;99,5668167595991
3788;99,4819989359254
3789;99,3849579411203
3790;99,2829381842428
3791;99,2409257159345
3792;99,320729096885
3793;99,486924300411
3794;99,5786078094154
3795;99,4242363071101
3796;99,031172658649
3797;98,6222850992668
3798;98,4208171356954
3799;98,4694427696397
3800;98,6678035979956
3801;98,9124940348187
3802;99,126758021797
3803;99,2183158433336
3804;99,1433331007507
3805;98,9680033136064
3806;98,7776499785195
3807;98,6183523128478
3808;98,5303048804549
3809;98,5506460467065
3810;98,6723989907988
3811;98,771674094192
3812;98,6854273962559
3813;98,4174276973477
3814;98,1650091207289
3815;98,1316680386765
3816;98,342097580087
3817;98,6168625892642
3818;98,7555401720712
3819;98,6674293252366
3820;98,327734387597
3821;97,8720033398809
3822;97,5819217800331
3823;97,5472140732521
3824;97,54243100973
3825;97,2805297511175
3826;96,7056885751211
3827;96,0830317560998
3828;95,7530638240209
3829;95,850937307968
3830;96,3022610664965
3831;96,9333779447751
3832;97,5617166036768
3833;98,01050340576
3834;98,1286798592103
3835;97,8946276463339
3836;97,4978922529251
3837;97,2444331603599
3838;97,2800742284425
3839;97,3942384795632
3840;97,2512073334064
3841;96,7833606660265
3842;96,2189541604541
3843;95,813867341998
3844;95,6717177818569
3845;95,7934748817689
3846;96,1902296647578
3847;96,7739002014839
3848;97,2774143387346
3849;97,4448744184963
3850;97,2377159536626
3851;96,7907381666635
3852;96,2804286758727
3853;95,9060202533045
3854;95,7542847347035
3855;95,5427502092216
3856;94,918804120789
3857;93,8797255715098
3858;92,681456782525
3859;91,5442270702606
3860;90,4122827608698
3861;89,0437370773664
3862;87,3817818427253
3863;85,8429597514739
3864;85,2488493851273
3865;86,3007969379888
3866;88,9163990627076
3867;92,1653290351662
3868;94,9742645861172
3869;96,7333548345248
3870;97,4937944215451
3871;97,7765617575842
3872;98,0101704115465
3873;98,2165627801057
3874;98,2273234999878
3875;98,0428263214045
3876;97,9124644113443
3877;98,0284438961209
3878;98,2193713063719
3879;98,0775543272578
3880;97,4721962046311
3881;96,7699460039774
3882;96,3103951422179
3883;95,9562906650936
3884;95,4284398951826
3885;94,8419844548284
3886;94,562697544205
3887;94,4673938056883
3888;93,9632178185478
3889;92,9004994990906
3890;91,9775599176158
3891;92,1028763418789
3892;93,2932834699044
3893;94,5379993265523
3894;94,8952019915625
3895;94,2428126776736
3896;93,1009749481429
3897;92,186874574586
3898;92,0772933530014
3899;92,8559733174658
3900;93,9468570796902
3901;94,5293242317522
3902;94,2661567349028
3903;93,5174376856784
3904;92,8834989614556
3905;92,6881764862082
3906;92,8988061682705
3907;93,3602352988209
3908;93,9690831162164
3909;94,6899838807614
3910;95,4987490845348
3911;96,3163437501342
3912;96,9972265133062
3913;97,4416976063309
3914;97,6984257140573
3915;97,876362828517
3916;98,0182333491632
3917;98,1081266177174
3918;98,1785689122691
3919;98,307074993694
3920;98,5112484893043
3921;98,7351624550271
3922;98,9356145441639
3923;99,10827331455
3924;99,241066161325
3925;99,3166685681663
3926;99,3648823065215
3927;99,4365447315494
3928;99,5216565680718
3929;99,5632161875667
3930;99,5542728288145
3931;99,5562979446852
3932;99,595903243551
3933;99,6108888822853
3934;99,5550057545427
3935;99,4772805537216
3936;99,4506506531226
3937;99,4872835668127
3938;99,5404888045444
3939;99,5439561363829
3940;99,4355087128292
3941;99,2108890637043
3942;98,9824305451766
3943;98,9128842484784
3944;99,0536611912141
3945;99,2947498418266
3946;99,4943951887295
3947;99,5936437742278
3948;99,6052271018414
3949;99,5695095771749
3950;99,5420823238966
3951;99,5606524245617
3952;99,5906747342618
3953;99,5508609855738
3954;99,4193919735017
3955;99,2709395121899
3956;99,1920246004774
3957;99,203279096912
3958;99,2699631209584
3959;99,3496582747517
3960;99,4143829785464
3961;99,4611792633466
3962;99,5101018579673
3963;99,5605672969507
3964;99,5649748314556
3965;99,48346456488
3966;99,3571050142288
3967;99,2822171487977
3968;99,3052096838838
3969;99,3786826892902
3970;99,4258942280737
3971;99,41584225976
3972;99,3730666695929
3973;99,3470307812678
3974;99,3733425508621
3975;99,4353842268555
3976;99,473135892052
3977;99,4534467131082
3978;99,4136148518614
3979;99,4050065583372
3980;99,4189049029173
3981;99,4120517468912
3982;99,3827812013149
3983;99,368463281008
3984;99,3797497364187
3985;99,39445769788
3986;99,4148064067606
3987;99,4734160786999
3988;99,5721590892875
3989;99,6601633391422
3990;99,6843244662411
3991;99,6339752415673
3992;99,5388615831119
3993;99,4531403903054
3994;99,4306850827313
3995;99,4774443453657
3996;99,5329813946114
3997;99,5286648916226
3998;99,451563463519
3999;99,3300271827796
4000;99,1935623556184
