#Datum: 21.01.2016 16:19:43
#Quelle: Methan

#Daten:
#cm-1 %T
450 79,6676665833973
451 79,862660051356
452 79,8977427760603
453 79,9621145535426
454 80,1664172120892
455 80,3491499224559
456 80,4024983184741
457 80,4655077873666
458 80,6604520996071
459 80,8727344618428
460 81,0058846142177
461 81,1649649034204
462 81,3963484131581
463 81,5558797591055
464 81,5864536380136
465 81,6457620698014
466 81,8149347414693
467 81,9745106588456
468 82,0540416929908
469 82,1480346079049
470 82,2859246868676
471 82,3353359821688
472 82,290771040833
473 82,3530406977974
474 82,5789716607895
475 82,7680944796335
476 82,8231374984808
477 82,8787555354662
478 83,0195922420254
479 83,1428484717536
480 83,1957315776686
481 83,2790455796127
482 83,4217582787566
483 83,5018075959689
484 83,4959550854216
485 83,5417173651648
486 83,6754754342771
487 83,7674951827714
488 83,7699514817514
489 83,7914313809599
490 83,8741771020017
491 83,9244491911353
492 83,9201151191476
493 83,9681292847872
494 84,0955852160879
495 84,1815012585821
496 84,1863459186686
497 84,2133406203571
498 84,3008267986012
499 84,3562882104763
500 84,3464222725934
501 84,3666821228541
502 84,4511926477738
503 84,5020101271922
504 84,4853084254179
505 84,4978729885015
506 84,5753871245889
507 84,6264511639674
508 84,6186995601659
509 84,644035525008
510 84,7262488351068
511 84,7724941481659
512 84,7626103073175
513 84,7876170067129
514 84,8661543051697
515 84,8911778542468
516 84,8324658660656
517 84,8039465548419
518 84,8636977520904
519 84,917853261064
520 84,9131032717142
521 84,9319111783396
522 85,0086447952163
523 85,0518538301224
524 85,0242711363122
525 85,0187124164874
526 85,081731649615
527 85,1287183622562
528 85,1152329960514
529 85,1182635412223
530 85,1687160364836
531 85,1922871395726
532 85,1688456031036
533 85,1782322569324
534 85,2396712687299
535 85,2663638771779
536 85,2327141041749
537 85,2235309506626
538 85,2716538066526
539 85,2907536926193
540 85,2521210593368
541 85,2434131714005
542 85,2961556213614
543 85,3206059878521
544 85,2772779985253
545 85,2478041604604
546 85,2731755343342
547 85,2819048008501
548 85,2452197416168
549 85,240488642449
550 85,2948277415208
551 85,3259882508984
552 85,2991489827984
553 85,290239997533
554 85,3343475443515
555 85,3644702412075
556 85,3524263685998
557 85,3620972598732
558 85,4082952691334
559 85,4140154539858
560 85,3608578502552
561 85,3353464750214
562 85,368264345167
563 85,3786322285243
564 85,3340823474888
565 85,3105516633264
566 85,3387355862946
567 85,3473406589089
568 85,3168866167736
569 85,3253367546756
570 85,3946433488456
571 85,4389115676291
572 85,4190224838692
573 85,4009652406273
574 85,4109340986735
575 85,3893403899387
576 85,3317699618515
577 85,3222141661872
578 85,3743346342177
579 85,3982961958209
580 85,3641978384631
581 85,3515787418282
582 85,3886456354393
583 85,4002561966286
584 85,3608471550182
585 85,341298164023
586 85,3669501586026
587 85,3702137925883
588 85,3319980443749
589 85,3187862191108
590 85,3459127049727
591 85,3427961334415
592 85,2943135124508
593 85,2742843861687
594 85,3014010700258
595 85,3057182389188
596 85,2690298468531
597 85,2588688164782
598 85,2909042847462
599 85,2969081767274
600 85,260700373676
601 85,2513147021855
602 85,2852201571652
603 85,2930428927438
604 85,2576625038409
605 85,244194525454
606 85,2687665283309
607 85,2658581620625
608 85,2197700349504
609 85,2001583752464
610 85,230930338346
611 85,2464623985747
612 85,220230100817
613 85,2068269556716
614 85,2258148774408
615 85,2253342143911
616 85,1933376196224
617 85,1878368794379
618 85,2188760994684
619 85,2224901129044
620 85,1885397399373
621 85,1832190682743
622 85,2182539643206
623 85,2260654432959
624 85,188913215512
625 85,1729913668985
626 85,2000536673274
627 85,2105711471737
628 85,1856970176284
629 85,183238959537
630 85,2197933738898
631 85,2333023839859
632 85,2034058828972
633 85,1849389691671
634 85,1926443439762
635 85,173416583724
636 85,1223960355898
637 85,1072219894958
638 85,1428156560518
639 85,1610637487563
640 85,1362291603634
641 85,1246769541098
642 85,1434620413592
643 85,1365174563496
644 85,09469049242
645 85,082312023433
646 85,1114993768057
647 85,1162552864529
648 85,0787739884154
649 85,0669106945302
650 85,1038891096624
651 85,1231630877945
652 85,099498957401
653 85,0908564023586
654 85,1153468286583
655 85,1155351792892
656 85,0764240139309
657 85,0591535202412
658 85,080211739895
659 85,080499641292
660 85,0442369645706
661 85,0357852349169
662 85,0610897298717
663 85,0438435241014
664 84,9603036400953
665 84,8649723255114
666 84,775275111809
667 84,6448501348041
668 84,5656480919323
669 84,7124700735658
670 84,9069682781476
671 84,9783572429324
672 84,9781365091403
673 84,9906399185508
674 85,0291064130301
675 85,0370215768375
676 85,0096640904392
677 85,0064686537446
678 85,0333695040156
679 85,0297116462669
680 84,9864569312855
681 84,9717218601327
682 84,9960572160815
683 84,997326968801
684 84,9681754995606
685 84,9686406551915
686 85,001332190835
687 85,0012779364592
688 84,963577443064
689 84,9538326423922
690 84,981548919731
691 84,9832314438825
692 84,9459676623471
693 84,9305039932174
694 84,9512957190846
695 84,9525846305918
696 84,9236252611797
697 84,9168200700616
698 84,9389820119639
699 84,9349700165601
700 84,8965117464697
701 84,8813566825974
702 84,9007962881004
703 84,9003979207701
704 84,8700988404993
705 84,8617936698103
706 84,8854115669151
707 84,888425745137
708 84,8595517633826
709 84,8501127070534
710 84,8701010376296
711 84,8700344671397
712 84,8450623788666
713 84,8458685991709
714 84,8742870634818
715 84,8727421179511
716 84,83245666131
717 84,8091066733653
718 84,8156879710334
719 84,8038025369481
720 84,7660447506696
721 84,7551642553981
722 84,7789725335846
723 84,7846399851673
724 84,7635036178368
725 84,7631735007405
726 84,7869043719881
727 84,782906531392
728 84,7479341481736
729 84,7389665960913
730 84,7663786546293
731 84,7776244801922
732 84,7621837330645
733 84,7665193888848
734 84,7941559674113
735 84,7953336987398
736 84,7667525346495
737 84,7600749663737
738 84,7792743757548
739 84,7722871919031
740 84,7352041303762
741 84,7223109041
742 84,7412633450437
743 84,7409077603748
744 84,7147045267522
745 84,7125461993289
746 84,7381973452984
747 84,7378901819168
748 84,7039483890462
749 84,6886628917468
750 84,7021952068544
751 84,6981078591579
752 84,6720238388518
753 84,6719366662564
754 84,6989962793134
755 84,7002461720422
756 84,6715384426776
757 84,665599468938
758 84,6875540099451
759 84,6855259975361
760 84,65437243799
761 84,6457511618642
762 84,6649789736309
763 84,6611020254886
764 84,630198791113
765 84,6241236925037
766 84,6469921578763
767 84,6469598360615
768 84,6197374025135
769 84,6160931178454
770 84,6373694965021
771 84,6298568992194
772 84,5925429338989
773 84,5836699393783
774 84,609690687897
775 84,6137568220719
776 84,585876035579
777 84,5776156792852
778 84,5955621326521
779 84,588252478196
780 84,5511490006724
781 84,5379082947628
782 84,5551173914864
783 84,5514791052981
784 84,5228484054605
785 84,5209821229734
786 84,5472806541443
787 84,5451939046491
788 84,5092975966892
789 84,494381256629
790 84,5062428851627
791 84,4923526538697
792 84,4508409262759
793 84,4386135822072
794 84,460417572163
795 84,4594885107396
796 84,4289300928945
797 84,4225861753312
798 84,4454690305751
799 84,4444002840655
800 84,4163023189317
801 84,4147512817524
802 84,4406865883823
803 84,4382223042632
804 84,4065952526216
805 84,4032231483926
806 84,4290510754112
807 84,4251133005171
808 84,3896893420301
809 84,3838191120716
810 84,4135444139459
811 84,4211935779446
812 84,4003322756157
813 84,4046185744101
814 84,4357811482187
815 84,4376124266568
816 84,4082650266083
817 84,4048142701576
818 84,4298372281988
819 84,4271707567495
820 84,3956491306101
821 84,392696018334
822 84,4197492699349
823 84,4193211193806
824 84,3911262977297
825 84,3945418484856
826 84,4300329726554
827 84,4350068353091
828 84,4035416439514
829 84,3945261744327
830 84,4146560586841
831 84,4092391880544
832 84,3755252807414
833 84,3698708024455
834 84,3953459283719
835 84,3961080494228
836 84,3696000235689
837 84,3701005356237
838 84,3957465696934
839 84,3878702463864
840 84,3471547548979
841 84,3348806290898
842 84,3554804222582
843 84,3532198204155
844 84,3269636426258
845 84,3309607329792
846 84,3600390372618
847 84,3527759561342
848 84,3116753370987
849 84,3016961008568
850 84,3264883375869
851 84,3256382105682
852 84,2966607855286
853 84,2982891288177
854 84,3298540531604
855 84,3289880482889
856 84,2928009361203
857 84,2818605263076
858 84,300346710644
859 84,2913246180807
860 84,2543730902776
861 84,2489084310538
862 84,2762962295591
863 84,2772469148882
864 84,2496302139698
865 84,2499639418984
866 84,275922389091
867 84,2676780520085
868 84,227486035455
869 84,2178554679917
870 84,2396966105959
871 84,232063659863
872 84,193966871591
873 84,186566941312
874 84,2118968388128
875 84,2094529668222
876 84,1761103417689
877 84,1694105201695
878 84,1895902678962
879 84,1794870095856
880 84,1424648698919
881 84,1393073350583
882 84,1676742679726
883 84,1651136293058
884 84,1311033411638
885 84,1263855784954
886 84,1514796432652
887 84,1460947649921
888 84,1094259750396
889 84,1008233096454
890 84,1203571680766
891 84,109453921937
892 84,069973242881
893 84,061886939073
894 84,0838236911945
895 84,0763388144767
896 84,0414429228702
897 84,03912128808
898 84,0670108008509
899 84,0625815666647
900 84,0242465184088
901 84,0124416287675
902 84,0300014612709
903 84,0214404562158
904 83,9884537645017
905 83,9883723626113
906 84,0173524276818
907 84,0140856784598
908 83,9784148975193
909 83,9694384360095
910 83,9881983790736
911 83,9786641628927
912 83,9426727725736
913 83,9379008433856
914 83,9623654822811
915 83,9564830658868
916 83,919865497088
917 83,9109468859894
918 83,9311769295034
919 83,9253000212675
920 83,8945865031358
921 83,8941801530421
922 83,9203209361973
923 83,9146682414401
924 83,8785023070772
925 83,870142578005
926 83,8908604769424
927 83,8853843068726
928 83,8537588507042
929 83,8502815756213
930 83,8727783747729
931 83,8661462993989
932 83,8335804553153
933 83,8308968207758
934 83,8540452671805
935 83,8459745556682
936 83,8104557655474
937 83,8059889539676
938 83,8307719889579
939 83,8264050505639
940 83,7926953677788
941 83,7863293991882
942 83,8072993572914
943 83,800004307651
944 83,7656848479488
945 83,7601315869689
946 83,7814570385249
947 83,7735595013988
948 83,7381634866194
949 83,7311514267544
950 83,7510763217438
951 83,7426709968516
952 83,7076892259472
953 83,7017166817362
954 83,7233442319518
955 83,7173190735871
956 83,6856155880087
957 83,6836817293684
958 83,7084819398214
959 83,7032268098744
960 83,670237809206
961 83,6662779199104
962 83,6895170778963
963 83,6835530361711
964 83,6497838312306
965 83,644348410924
966 83,6662811346798
967 83,6601109355686
968 83,6274456702111
969 83,6241089522896
970 83,6477821335679
971 83,641645083252
972 83,6079829170169
973 83,6044874288206
974 83,6299226974252
975 83,6269885197225
976 83,595402224295
977 83,5897417051452
978 83,6086651930198
979 83,5984867048921
980 83,5634547254999
981 83,5598413463481
982 83,5826265104944
983 83,5719745728828
984 83,53013889765
985 83,5168443086824
986 83,5316018810821
987 83,5171117249616
988 83,4752245467752
989 83,4629624240111
990 83,4777215225056
991 83,4626344075178
992 83,4215544506344
993 83,412970708846
994 83,433295640989
995 83,4231155014719
996 83,3860245986147
997 83,3823870689279
998 83,4083131374164
999 83,4020895125017
1000 83,3666805250916
1001 83,3635371905665
1002 83,3895117039754
1003 83,3826594830102
1004 83,3450237257978
1005 83,3371271482422
1006 83,3551245941053
1007 83,337160770639
1008 83,2882061843632
1009 83,273164546186
1010 83,28841106817
1011 83,2680121401052
1012 83,2145564669626
1013 83,193826468619
1014 83,2032060380935
1015 83,1773051987046
1016 83,1196627294198
1017 83,0971656642562
1018 83,1084231152242
1019 83,0894743883478
1020 83,0448928493844
1021 83,040013041564
1022 83,0673500647821
1023 83,0572366253719
1024 83,0170681429099
1025 83,0207709328496
1026 83,0643858043242
1027 83,0738855558962
1028 83,050471573919
1029 83,0650683083894
1030 83,1144917690302
1031 83,1268009535695
1032 83,1040377635399
1033 83,1162996107264
1034 83,1582630823498
1035 83,1566421412713
1036 83,116779117157
1037 83,1147839691394
1038 83,1473979660627
1039 83,1398089432444
1040 83,0973014999757
1041 83,0966797761885
1042 83,1332120514098
1043 83,1299600953919
1044 83,0919386597399
1045 83,0971887643027
1046 83,1410492896111
1047 83,1440695131892
1048 83,1087559353009
1049 83,1123795295782
1050 83,1496227387809
1051 83,1424144085478
1052 83,0993525667199
1053 83,1019522576607
1054 83,1404745663804
1055 83,1298196210388
1056 83,0789223329174
1057 83,0769819752639
1058 83,1202743807104
1059 83,1204573901252
1060 83,077109916735
1061 83,074152813473
1062 83,1102386062382
1063 83,1025053133648
1064 83,0543866783305
1065 83,0492426295537
1066 83,0823760310137
1067 83,070826574319
1068 83,0209408922029
1069 83,0144484568831
1070 83,0408049455097
1071 83,0175540116629
1072 82,963255638654
1073 82,9747349466538
1074 83,043708100328
1075 83,0717634817062
1076 83,0561534029079
1077 83,0824526703442
1078 83,1435088723657
1079 83,1498126553743
1080 83,1107182042278
1081 83,1211742768724
1082 83,1771698039236
1083 83,1863291745329
1084 83,1492941460679
1085 83,1498668176224
1086 83,1787487394734
1087 83,1502594611036
1088 83,0826341364569
1089 83,0775860144398
1090 83,129102922423
1091 83,136980868056
1092 83,0994547407381
1093 83,105796520664
1094 83,1504634347164
1095 83,1455602704858
1096 83,1044247295889
1097 83,1216495521449
1098 83,1832348587233
1099 83,186983167099
1100 83,1384237065229
1101 83,1338951065033
1102 83,1647815819496
1103 83,1253845644082
1104 83,026041398532
1105 82,9868099067348
1106 83,0223854041634
1107 83,0315501035673
1108 83,0008759534115
1109 83,0200081381861
1110 83,0913930471733
1111 83,1203840603294
1112 83,0992455129569
1113 83,1145425543138
1114 83,1658439886667
1115 83,1649068266656
1116 83,1144182465737
1117 83,1009222284178
1118 83,1101130874448
1119 83,0403963267117
1120 82,9025307710654
1121 82,8187533986608
1122 82,8242510222475
1123 82,8513339021505
1124 82,896100009536
1125 83,0119742742587
1126 83,1499322757475
1127 83,1957033949388
1128 83,1619759880524
1129 83,1637873407435
1130 83,2133991989067
1131 83,22143264421
1132 83,181451528841
1133 83,1599754363287
1134 83,1238824904778
1135 82,9832432319745
1136 82,7946905480215
1137 82,7204436566582
1138 82,7888346111386
1139 82,8817079426937
1140 82,9438484637873
1141 83,0197901046136
1142 83,0998830758003
1143 83,1179351665497
1144 83,0882556196026
1145 83,0647830679944
1146 82,9926096608268
1147 82,7895140543911
1148 82,5390154109006
1149 82,4055909625793
1150 82,3954724722045
1151 82,3922123228373
1152 82,3750244189634
1153 82,4059202075308
1154 82,4601154599819
1155 82,4651956515381
1156 82,4336848137726
1157 82,3611945057404
1158 82,1157352885566
1159 81,6829045452221
1160 81,388235646456
1161 81,5480384818916
1162 81,9897675434421
1163 82,262848491074
1164 82,2531620257988
1165 82,2230406881803
1166 82,2784027656352
1167 82,1982141970869
1168 81,8427272991622
1169 81,380905324544
1170 81,034726444375
1171 80,8974350224866
1172 81,0437263646067
1173 81,4901253641574
1174 81,9829093781674
1175 82,1470954651784
1176 81,9262882684578
1177 81,5775791454548
1178 81,1825529058374
1179 80,5305768796684
1180 79,6131183236681
1181 78,8849416541842
1182 78,809298939824
1183 79,3656604005204
1184 80,1713028787711
1185 80,8647330168528
1186 81,1508011185642
1187 80,6282275392026
1188 78,9079855028558
1189 76,0760674131256
1190 73,0278415226506
1191 71,1788562644659
1192 71,4913039891267
1193 73,5532207723893
1194 75,8228637926481
1195 77,0146250576094
1196 77,098116552542
1197 76,7410186282362
1198 76,062871000243
1199 74,4788286343146
1200 71,7907545192972
1201 68,9595989632793
1202 67,5543034506428
1203 68,5517556437251
1204 71,5953216842031
1205 75,129744476908
1206 77,1896012270404
1207 76,2853353298692
1208 72,0061720399093
1209 65,4328734466417
1210 59,3279802587751
1211 57,1994608697735
1212 60,5892877262985
1213 66,7235133375337
1214 70,1442102311642
1215 67,6950240273412
1216 61,214863404149
1217 54,6266134493388
1218 49,5457279411228
1219 45,1660167740607
1220 41,3071458533352
1221 39,3110365772479
1222 40,0814318662708
1223 43,2208899427326
1224 48,1337085588911
1225 53,888902548865
1226 57,7084263376293
1227 56,2341168158078
1228 49,9022630847796
1229 44,2080748616628
1230 44,5828368416365
1231 50,8133789390478
1232 57,6135704018383
1233 59,6032836427364
1234 54,7127388709653
1235 44,5281118073498
1236 33,6444775411172
1237 27,5501255748485
1238 28,32740394838
1239 32,2944434151512
1240 33,7862112551573
1241 31,3120275468581
1242 28,0643358066092
1243 26,5513434368514
1244 25,4596260080243
1245 22,7193207993191
1246 19,3635465212099
1247 18,6480432971744
1248 22,4810014414438
1249 29,8130792285827
1250 37,433371229822
1251 41,3246677903706
1252 38,8169449170205
1253 31,4440041776171
1254 24,9712433113177
1255 24,5623879293294
1256 29,5504507057358
1257 34,0315372429201
1258 32,7357854671081
1259 25,4957051650692
1260 16,435363384728
1261 10,1834012804742
1262 8,97725554970376
1263 11,9885025484215
1264 16,3028709702645
1265 18,9366188989584
1266 18,6617273739537
1267 16,1461791709107
1268 12,8827377532473
1269 10,7069110169483
1270 11,809420169629
1271 17,3535707004406
1272 25,1380751941376
1273 29,9980537896639
1274 28,3138738017692
1275 22,1337627324533
1276 17,7736124690674
1277 19,7475160550404
1278 26,3137928591752
1279 31,195290523086
1280 29,5877173274184
1281 22,7042492662946
1282 16,6721304819576
1283 16,7791812937796
1284 22,3484233207088
1285 27,3076777316288
1286 26,2804831935531
1287 20,0525911380528
1288 14,6048589928386
1289 14,6982887280554
1290 19,0504651730926
1291 22,1700606661111
1292 20,2034226633714
1293 14,264639203497
1294 8,37239036906972
1295 5,26434536589576
1296 4,67716910003527
1297 4,84193941092602
1298 4,55732475198824
1299 3,69136998496685
1300 2,54338646710188
1301 1,39896700928983
1302 0,491349523654904
1303 -0,0238627581397082
1304 0,130606391997193
1305 2,10225272065446
1306 7,72594462846484
1307 17,5549953673331
1308 28,8728394753139
1309 37,1331785818803
1310 40,4145239947002
1311 41,5641094597423
1312 44,7186860868791
1313 50,0464221635396
1314 53,4180278562092
1315 51,6716934279822
1316 46,8130366103784
1317 43,8019569115271
1318 44,694664993746
1319 46,3297995154291
1320 44,3273557648429
1321 38,5472484543869
1322 33,3007217515648
1323 32,075732242429
1324 33,2438705098823
1325 32,1738393274844
1326 27,3860480939759
1327 22,808601055519
1328 22,7882480211117
1329 26,1428425011781
1330 27,4259729785401
1331 24,0352078697647
1332 19,6293127755161
1333 19,1462801670457
1334 22,2586819112607
1335 24,1687771528128
1336 22,2379879119359
1337 19,1762562741091
1338 18,7399959365318
1339 20,3294935831292
1340 20,0705875034577
1341 16,7136192003362
1342 13,6842953952109
1343 14,301914838141
1344 17,1297086763454
1345 17,9940213480456
1346 15,9130473856686
1347 14,5313315570075
1348 16,7540813106913
1349 20,2348829433639
1350 20,4432479618382
1351 16,8825988774289
1352 13,4192513302217
1353 12,747733691931
1354 13,5559187988353
1355 13,8571725988845
1356 14,2179847854657
1357 15,8753477953227
1358 17,8689966219483
1359 18,4842812471749
1360 18,188253934647
1361 18,6872339611248
1362 19,888420894459
1363 20,4424878374368
1364 20,9041919222421
1365 23,1843412126883
1366 26,8678152419447
1367 29,3008504975959
1368 29,8626730054376
1369 31,3316972643565
1370 35,4201607446993
1371 39,5456876515032
1372 40,4420557223371
1373 39,0655114441572
1374 39,2341640086304
1375 42,125836081704
1376 45,1693648001324
1377 46,5799027205392
1378 47,6825736625168
1379 50,1202469533865
1380 53,2809635882675
1381 55,679412155095
1382 57,3043563621102
1383 59,16876640139
1384 61,4668418032661
1385 63,5060141015982
1386 65,0670963992805
1387 66,7419985102174
1388 68,9557205135545
1389 71,3438906766476
1390 73,2367625158419
1391 74,2746962488023
1392 74,5490318325751
1393 74,507819592684
1394 74,6286732245345
1395 74,9796402871476
1396 75,2996952628575
1397 75,6299700880875
1398 76,4175756618682
1399 77,8525410425172
1400 79,3870534893668
1401 80,224015430544
1402 80,0961305036718
1403 79,3020883434783
1404 78,3828598558546
1405 77,9171607057454
1406 78,2349043319336
1407 79,0872450190516
1408 79,7666966744025
1409 79,6741317763989
1410 78,797708483562
1411 77,7578969082736
1412 77,368615310796
1413 77,9956225192074
1414 79,1629192302347
1415 79,8502386681712
1416 79,3831845117114
1417 78,0816270530746
1418 76,9979288662556
1419 77,05639435524
1420 78,2165092051422
1421 79,4739228943623
1422 79,7757992780186
1423 78,6683973089298
1424 76,6191841603931
1425 74,962046555167
1426 74,8723927648286
1427 76,3683462433065
1428 78,5065208431399
1429 80,124496460133
1430 80,3804107996173
1431 79,1038135076483
1432 76,9915308674832
1433 75,350409100642
1434 75,2263059800524
1435 76,7223775134403
1436 78,9106765366084
1437 80,2608332602421
1438 79,790379829358
1439 77,8265143996786
1440 75,6145773744173
1441 74,4779300000014
1442 75,0398565262261
1443 76,8597814122382
1444 78,877304996222
1445 80,0154126808193
1446 79,4165032941983
1447 76,9136626649826
1448 73,8684167884758
1449 72,6347718877979
1450 74,170489115872
1451 77,0385920204036
1452 79,1553790219095
1453 79,8328657336441
1454 79,6500252511696
1455 78,930467981921
1456 77,5298509804634
1457 76,2140033260943
1458 76,4886963956156
1459 78,2188096554762
1460 79,8497591758249
1461 80,5173748660226
1462 80,333090745691
1463 79,3726309347436
1464 77,5452169794641
1465 75,6513732983482
1466 75,360289124987
1467 77,1827816254259
1468 79,7192379926227
1469 81,3066316922904
1470 81,410349137039
1471 80,2884790414384
1472 78,2062727683539
1473 75,812389208451
1474 74,5422493019076
1475 75,364914850328
1476 77,6855132490396
1477 80,0666134572368
1478 81,5701829931854
1479 82,1801091424046
1480 82,0805601437453
1481 81,2919581479431
1482 80,1588753281999
1483 79,4673475382656
1484 79,7050787159057
1485 80,608243577747
1486 81,5700311868688
1487 82,1965284021873
1488 82,439271258778
1489 82,3154573441314
1490 81,8542180969645
1491 81,257517317006
1492 80,8028926085004
1493 80,7139284322111
1494 81,094160128189
1495 81,7927637566245
1496 82,3977738899795
1497 82,6119527165258
1498 82,5765035175658
1499 82,5184257875655
1500 82,3212141270399
1501 81,8484861147451
1502 81,3615353208539
1503 81,2424666362748
1504 81,5334641358268
1505 81,9188639698851
1506 82,0924049982051
1507 82,1291849553958
1508 82,21230563796
1509 82,2583014811485
1510 82,2576280740096
1511 82,3207578686357
1512 82,4263938977041
1513 82,4680498609145
1514 82,4507708732292
1515 82,4416361132637
1516 82,3915561789799
1517 82,2629799657698
1518 82,1762840276893
1519 82,2338925596065
1520 82,3275235520955
1521 82,2857752879218
1522 82,1766239026494
1523 82,1856463984285
1524 82,2799555739671
1525 82,3181245837797
1526 82,2919722649162
1527 82,2959437893164
1528 82,343775487808
1529 82,3812902512361
1530 82,374653178442
1531 82,1403256743643
1532 81,0932176561945
1533 78,4838761103442
1534 74,3442734057359
1535 69,8222963394201
1536 66,0430805092338
1537 63,3919605967176
1538 61,879233864572
1539 61,4680796922747
1540 61,9486661472219
1541 62,9527863682995
1542 64,3289680228496
1543 66,1752435516714
1544 68,3937760795074
1545 70,525009710237
1546 72,1426041017807
1547 73,2161891580701
1548 74,050532951119
1549 74,9417113179338
1550 75,9308642659308
1551 76,8079040337693
1552 77,3813075706174
1553 77,6995380177561
1554 78,0046341758468
1555 78,4360742873668
1556 78,8907725450652
1557 79,2514485293226
1558 79,5424981437226
1559 79,9249757698256
1560 80,4839508447846
1561 80,9783599707828
1562 81,2509187566534
1563 81,3370886406041
1564 81,300572402402
1565 81,2537896174726
1566 81,3416013702901
1567 81,5650489710114
1568 81,7795408874862
1569 81,8860377037455
1570 81,9481403220934
1571 82,032028172668
1572 82,097933062966
1573 82,0668837571366
1574 81,8727530616549
1575 81,4886928138433
1576 81,0697815976818
1577 80,9863083824809
1578 81,3540894645044
1579 81,8839011967514
1580 82,2721584185102
1581 82,4558553099212
1582 82,5500582723204
1583 82,6048610419429
1584 82,5143251561736
1585 82,1573782548259
1586 81,5523803361671
1587 80,8849610479426
1588 80,4536331053142
1589 80,5066652061143
1590 81,0424251435679
1591 81,7575265235703
1592 82,2899771831551
1593 82,5313817427223
1594 82,5913411208879
1595 82,4963841238576
1596 82,1132269425418
1597 81,4264988221371
1598 80,7128536071871
1599 80,3342481848676
1600 80,4344796144826
1601 80,899641301412
1602 81,5035917340825
1603 82,0268177354578
1604 82,3566868276254
1605 82,5085069998424
1606 82,4306715390586
1607 81,8397298297311
1608 80,5397681519692
1609 78,9458480239808
1610 77,962389277281
1611 78,1787137675524
1612 79,2813619816607
1613 80,4511300572979
1614 81,2016052793457
1615 81,5986617971706
1616 81,8292530194586
1617 81,8523150990255
1618 81,5232329895268
1619 80,8814188074873
1620 80,1844000501946
1621 79,747525682313
1622 79,811956627768
1623 80,317061518834
1624 80,8164226438816
1625 80,9153557081728
1626 80,7461500509218
1627 80,7806298401287
1628 81,1810997282513
1629 81,5517630038965
1630 81,4196884552353
1631 80,8092885241733
1632 80,1693011323
1633 79,9244362589723
1634 80,2320094117978
1635 80,9199529569974
1636 81,4918905244471
1637 81,5029498745263
1638 81,0761312199551
1639 80,7129746434699
1640 80,6935922609296
1641 80,7411530597801
1642 80,3858525070042
1643 79,5968085271374
1644 78,8987425894998
1645 78,8866806243623
1646 79,671385953855
1647 80,7677415351891
1648 81,5634460447551
1649 81,8675453845355
1650 81,8836913115389
1651 81,786797419647
1652 81,4780345220104
1653 80,8287148767211
1654 80,2798831173546
1655 80,2357010668312
1656 80,5778496864304
1657 81,1550285814903
1658 81,7990734279862
1659 82,2710689009925
1660 82,4310849069737
1661 82,3349300120092
1662 82,0709177523
1663 81,632772276477
1664 81,0488687254343
1665 80,509240152147
1666 80,2712723517064
1667 80,4710785400681
1668 80,9799688847748
1669 81,5171092511389
1670 81,8971489164412
1671 82,0989088862539
1672 82,1862618632253
1673 82,2243996743086
1674 82,200633293623
1675 81,9950554534891
1676 81,4993825670756
1677 80,8544379316084
1678 80,3942559360215
1679 80,3918771948746
1680 80,8348822993785
1681 81,4341034723702
1682 81,8835372386482
1683 82,0518452500093
1684 82,0234569240296
1685 82,0266608365595
1686 82,0849409548707
1687 82,0799975277129
1688 81,9931719547287
1689 81,8575535943046
1690 81,7430576079207
1691 81,7131704101207
1692 81,7802703567382
1693 81,9081806429114
1694 82,0482751656803
1695 82,1513846537357
1696 82,1934862759249
1697 82,1857611480354
1698 82,1594386486911
1699 82,1668069886568
1700 82,1945764928475
1701 82,1891896286174
1702 82,1654636119378
1703 82,1655926829017
1704 82,182950984251
1705 82,1427336261047
1706 82,0533432361295
1707 82,0531857764271
1708 82,162929035507
1709 82,238515381023
1710 82,1986873952251
1711 82,1146052620608
1712 82,0584198962386
1713 81,9946285740835
1714 81,8816132695055
1715 81,8007234226554
1716 81,8429093209912
1717 81,9312942389047
1718 81,9699784194278
1719 82,0369302376428
1720 82,1741572309723
1721 82,3033925291764
1722 82,3893214404313
1723 82,4542869413051
1724 82,518407380267
1725 82,5675946870508
1726 82,5942910607204
1727 82,6086755520052
1728 82,5884294761011
1729 82,5152114073483
1730 82,4243775517602
1731 82,3743122099032
1732 82,3729986220974
1733 82,3573173783233
1734 82,2913142622346
1735 82,2676032732565
1736 82,3204256415873
1737 82,3742656781859
1738 82,3950111913269
1739 82,3782526936255
1740 82,3297044702963
1741 82,2881700543987
1742 82,291410754834
1743 82,3340938039144
1744 82,3571282362883
1745 82,3248225534894
1746 82,2756268081722
1747 82,2544383702705
1748 82,2551838145334
1749 82,2787855155539
1750 82,3355926544346
1751 82,4027651476606
1752 82,4412215741192
1753 82,4501346281118
1754 82,4751078322899
1755 82,5108783170274
1756 82,4949491030676
1757 82,4271261929668
1758 82,4052730327663
1759 82,4646596791559
1760 82,5252798126976
1761 82,5075073361545
1762 82,4462883941449
1763 82,4518829192856
1764 82,5221205408932
1765 82,5775505708509
1766 82,5797301150003
1767 82,5349663755819
1768 82,4470423664007
1769 82,3339017145118
1770 82,2418397779947
1771 82,2078673528797
1772 82,2150868151681
1773 82,2467026434198
1774 82,3264112680176
1775 82,4423059787539
1776 82,5438967940391
1777 82,5945001062606
1778 82,5955773165862
1779 82,5699806076715
1780 82,533476175015
1781 82,490998996625
1782 82,4693119321664
1783 82,4994898322353
1784 82,5501111406944
1785 82,5607105352768
1786 82,5123334802841
1787 82,4649242221372
1788 82,4672976592962
1789 82,4917142103106
1790 82,4936274471894
1791 82,4698757836694
1792 82,4375346474752
1793 82,4050840195827
1794 82,3959661346014
1795 82,4404896978848
1796 82,5090190425618
1797 82,5347906397845
1798 82,4988815969565
1799 82,4586270482244
1800 82,4509052300703
1801 82,4355476393184
1802 82,3918127739528
1803 82,3750994065758
1804 82,4166379253523
1805 82,4827042069617
1806 82,5324166697672
1807 82,5727170991578
1808 82,6073994141225
1809 82,602449304952
1810 82,5533958308167
1811 82,5187161679234
1812 82,5308496492392
1813 82,550881008857
1814 82,5618013491439
1815 82,5887615377992
1816 82,6150996979386
1817 82,5938331389583
1818 82,5290190917083
1819 82,488395258819
1820 82,5052665829989
1821 82,5405346585701
1822 82,5607261587209
1823 82,5634736203822
1824 82,5417880877151
1825 82,4911538362609
1826 82,4394974794695
1827 82,4116553058675
1828 82,385544257473
1829 82,3394402426942
1830 82,3149878597789
1831 82,3690928864299
1832 82,4648588760784
1833 82,5132275689808
1834 82,4883439480083
1835 82,4378312100476
1836 82,4238803828339
1837 82,4611323435541
1838 82,5170996977145
1839 82,562306102577
1840 82,5845634154188
1841 82,5758062741001
1842 82,5406618476271
1843 82,4877465839225
1844 82,4343354876514
1845 82,4089736654692
1846 82,423782859256
1847 82,4701498607946
1848 82,5224590235179
1849 82,5445015980494
1850 82,5267483079994
1851 82,5048869756448
1852 82,5131111727244
1853 82,5439612616256
1854 82,5703453265573
1855 82,580876448347
1856 82,5845802354651
1857 82,5777531532336
1858 82,5621059650263
1859 82,5619785910945
1860 82,5869488919152
1861 82,6079572548848
1862 82,6034438777038
1863 82,5887532922639
1864 82,5713877591268
1865 82,5231983454417
1866 82,4321094779215
1867 82,3400924735246
1868 82,2977179857171
1869 82,3112808386268
1870 82,3610546689786
1871 82,4370578307766
1872 82,5221952902421
1873 82,5805625432599
1874 82,5956474113858
1875 82,5939745083191
1876 82,6022755761911
1877 82,6092770938332
1878 82,6014481093368
1879 82,5928325002551
1880 82,5911061081025
1881 82,5766278549253
1882 82,5367703837469
1883 82,4949741420308
1884 82,4848160912478
1885 82,5016401045455
1886 82,5146583467126
1887 82,5132450493975
1888 82,5016751440386
1889 82,4799586063267
1890 82,4603113967108
1891 82,4714062811818
1892 82,5137579847131
1893 82,5460333786454
1894 82,5398966756662
1895 82,5185956817119
1896 82,5160781767538
1897 82,5235251275536
1898 82,5173882251947
1899 82,5093147865056
1900 82,5217449205913
1901 82,5443891724463
1902 82,5550351345404
1903 82,553009948201
1904 82,5542976938098
1905 82,5553533152518
1906 82,5409236735142
1907 82,5197618447337
1908 82,5081567466749
1909 82,5019062793747
1910 82,4980514427922
1911 82,5028221131258
1912 82,5175041933973
1913 82,5256648997206
1914 82,517259294341
1915 82,5073977314092
1916 82,505433256861
1917 82,4969821304293
1918 82,4751900735391
1919 82,4622016753402
1920 82,4704194895699
1921 82,4759105593693
1922 82,4612714025827
1923 82,4459092603739
1924 82,4592624149394
1925 82,4947964574034
1926 82,522968821362
1927 82,5339350317856
1928 82,5355637630518
1929 82,5297314321629
1930 82,5199789640488
1931 82,513311388186
1932 82,5159189218708
1933 82,52190920639
1934 82,5246127028797
1935 82,5277498640522
1936 82,5303359421268
1937 82,5287603534842
1938 82,5248587601306
1939 82,5195574655986
1940 82,5036036583636
1941 82,4680647644294
1942 82,4246817375472
1943 82,4016749924254
1944 82,4116459630185
1945 82,4388802220814
1946 82,4642861014004
1947 82,4846784299091
1948 82,5026313503958
1949 82,5155545503045
1950 82,5211050893803
1951 82,5225356501598
1952 82,5217065363508
1953 82,5154763044154
1954 82,5058868704726
1955 82,4992285297221
1956 82,4923778365473
1957 82,4812203747897
1958 82,4711480927938
1959 82,4702219974774
1960 82,4763473399421
1961 82,4819662972179
1962 82,4864163265308
1963 82,4913676575957
1964 82,4904239634575
1965 82,4759452091834
1966 82,4536318866876
1967 82,4396281569814
1968 82,4422450620015
1969 82,4564092095984
1970 82,4738086357163
1971 82,4883980589276
1972 82,4947363603828
1973 82,4920234837481
1974 82,4870815870008
1975 82,4860178582322
1976 82,4864801234138
1977 82,4843727749771
1978 82,4826693375253
1979 82,4854209384683
1980 82,4885329612992
1981 82,485615634549
1982 82,4796390797156
1983 82,4775508506684
1984 82,4787756493988
1985 82,4738791977361
1986 82,4618178315586
1987 82,4517855730576
1988 82,4465474635338
1989 82,4383760448493
1990 82,4235799414494
1991 82,4086394439047
1992 82,4006894558155
1993 82,4028524850655
1994 82,4169468851353
1995 82,4399228196431
1996 82,4590241895301
1997 82,4629629942345
1998 82,4569821068063
1999 82,454410558068
2000 82,4569149576395
2001 82,4559334477269
2002 82,4507630556452
2003 82,4498803979357
2004 82,4550160154859
2005 82,4548200154274
2006 82,4468599324541
2007 82,4422801465973
2008 82,444454466069
2009 82,4443714826593
2010 82,4389875885064
2011 82,4374600002773
2012 82,4415318542195
2013 82,4404704657377
2014 82,4299870492115
2015 82,4180473773701
2016 82,4084490156526
2017 82,397627599164
2018 82,3899228776314
2019 82,3959084113671
2020 82,4121296919394
2021 82,4223254890571
2022 82,4217606585802
2023 82,4213392572952
2024 82,4252920153135
2025 82,4247679089197
2026 82,4171935600336
2027 82,4118562523525
2028 82,4124238128499
2029 82,4124089053325
2030 82,4094143499579
2031 82,4104820003806
2032 82,4159624089084
2033 82,4166406274566
2034 82,4103436383358
2035 82,4062684496795
2036 82,4079939819466
2037 82,4077541661264
2038 82,4025818286014
2039 82,399500186739
2040 82,400280743318
2041 82,3978675157605
2042 82,3919740259675
2043 82,3916557738156
2044 82,3981645949072
2045 82,401817303698
2046 82,3996910979224
2047 82,3997470470649
2048 82,4038747562929
2049 82,4038492105668
2050 82,397950419504
2051 82,394651822412
2052 82,396103942936
2053 82,3947609764768
2054 82,3889445801239
2055 82,3865441957853
2056 82,3896936725186
2057 82,3903496431054
2058 82,3851019694602
2059 82,3812685504475
2060 82,3823177706321
2061 82,3814422138135
2062 82,3753078232485
2063 82,3701043496085
2064 82,3686127833542
2065 82,365499245165
2066 82,3605125071523
2067 82,3614913907348
2068 82,369137914746
2069 82,3734967917692
2070 82,3704869954025
2071 82,3676437506518
2072 82,3686217898684
2073 82,3667583967525
2074 82,359608297257
2075 82,3550197978292
2076 82,3567021205011
2077 82,3581283311731
2078 82,3553717445629
2079 82,3543868483414
2080 82,357959236614
2081 82,3587733318767
2082 82,3531513902652
2083 82,3477880462046
2084 82,3470689616892
2085 82,3459815151948
2086 82,3416755118576
2087 82,3393237824108
2088 82,3407568106594
2089 82,3397080449824
2090 82,3338035317719
2091 82,329378489564
2092 82,3292481762558
2093 82,3279906734094
2094 82,3240645420618
2095 82,3237329422759
2096 82,328162585298
2097 82,3294699988138
2098 82,3244077911901
2099 82,3193016582638
2100 82,3169236004624
2101 82,3120300879917
2102 82,3045496990089
2103 82,3024374708014
2104 82,3076461528285
2105 82,3121820946509
2106 82,3120740597239
2107 82,3119002016278
2108 82,3116241533181
2109 82,3042935895815
2110 82,2914921130936
2111 82,2859068481374
2112 82,2925687093749
2113 82,3015953504868
2114 82,3049360072398
2115 82,3056964437352
2116 82,305297660088
2117 82,2973784580211
2118 82,282294832147
2119 82,2727985634687
2120 82,2764380998398
2121 82,2852112229664
2122 82,2901105731166
2123 82,2924483513899
2124 82,2932003469853
2125 82,2857066847932
2126 82,2689611898118
2127 82,2555588797672
2128 82,2558935636796
2129 82,2649951849045
2130 82,2734198531255
2131 82,2795745435076
2132 82,2825457338865
2133 82,2751651478935
2134 82,255418331522
2135 82,2353026245633
2136 82,2280273664104
2137 82,2337953405106
2138 82,2454128187337
2139 82,2584779796925
2140 82,2678664817305
2141 82,2643217029918
2142 82,2454170336055
2143 82,2233571013908
2144 82,212978966919
2145 82,217171690386
2146 82,2296915427999
2147 82,2443834301341
2148 82,2546912805996
2149 82,2521191667673
2150 82,2349150331767
2151 82,2137057733128
2152 82,2015824557983
2153 82,2026059518576
2154 82,2133953703828
2155 82,2285710568267
2156 82,2399201314441
2157 82,2380617969969
2158 82,2219642874936
2159 82,2023277390338
2160 82,1910745925074
2161 82,191801557258
2162 82,2020593853084
2163 82,217251979846
2164 82,2290692175308
2165 82,2282431756239
2166 82,2142263321961
2167 82,1970174029167
2168 82,1864389406753
2169 82,1849120846955
2170 82,1912839928984
2171 82,2033579232068
2172 82,214475389592
2173 82,2162020317038
2174 82,208021820406
2175 82,1979746345174
2176 82,1921345522135
2177 82,1902845221775
2178 82,1920530251426
2179 82,198168409406
2180 82,2043810306472
2181 82,2036244332886
2182 82,1963100191236
2183 82,190061289653
2184 82,1882086233119
2185 82,1874583814226
2186 82,1870427660176
2187 82,1897445577949
2188 82,1932408755451
2189 82,191431349468
2190 82,1853527137062
2191 82,1818061965858
2192 82,1805253531053
2193 82,1734003748953
2194 82,1542041762813
2195 82,1153357757233
2196 82,0403551509334
2197 81,9248889799561
2198 81,8099152858586
2199 81,7670415529288
2200 81,8315947412006
2201 81,9631411158956
2202 82,0855710492546
2203 82,1550572888571
2204 82,1779332357837
2205 82,1786819025433
2206 82,1730935960719
2207 82,1678859172186
2208 82,1658474287895
2209 82,1657148969104
2210 82,164984176087
2211 82,1640420765845
2212 82,1633162119579
2213 82,1598542509421
2214 82,1523624009408
2215 82,145809233093
2216 82,1452772881877
2217 82,1487856774371
2218 82,1509391822613
2219 82,1494635536053
2220 82,1439380814598
2221 82,1334634212708
2222 82,1209330999983
2223 82,1144601012978
2224 82,1186409569624
2225 82,1278054550392
2226 82,1320008288268
2227 82,1261246212138
2228 82,1108849794645
2229 82,0912298001816
2230 82,0772542065849
2231 82,0795773773654
2232 82,0973629791872
2233 82,1155706248845
2234 82,1186738638129
2235 82,1042208145483
2236 82,0812126427873
2237 82,0617790154849
2238 82,0567057680381
2239 82,0700666233255
2240 82,0918966794662
2241 82,1022189555668
2242 82,0894027992761
2243 82,0615514440273
2244 82,0374101336792
2245 82,0304291894556
2246 82,0431962039184
2247 82,0675683554111
2248 82,085625019066
2249 82,0789568163418
2250 82,046509491897
2251 82,0095596686059
2252 81,9926335321662
2253 82,0035841090036
2254 82,0310226649787
2255 82,0566224869358
2256 82,0633543944683
2257 82,044957348971
2258 82,0129646229997
2259 81,9930714118445
2260 82,0014814685307
2261 82,0292864841076
2262 82,0526431573488
2263 82,054820738556
2264 82,0369168929786
2265 82,0108708134005
2266 81,9936696965878
2267 81,997806828326
2268 82,0210749631923
2269 82,0453248291979
2270 82,0512820072561
2271 82,0351413537969
2272 82,0076434280994
2273 81,9830727616346
2274 81,9724663925953
2275 81,9794409818924
2276 81,9949946418965
2277 82,0022998661368
2278 81,9930813030733
2279 81,9798463501107
2280 81,9798699203384
2281 81,9957461371442
2282 82,0126515008592
2283 82,0169308383461
2284 82,0079364913028
2285 81,9943915804378
2286 81,9868892019616
2287 81,9909221265113
2288 82,0048616382563
2289 82,0183024569099
2290 82,0235000295438
2291 82,0207391826762
2292 82,0159620190571
2293 82,0064481663854
2294 81,986005334235
2295 81,9564412631736
2296 81,9321696250967
2297 81,9256408080021
2298 81,9348937068732
2299 81,952006764358
2300 81,9694271799841
2301 81,9889051769346
2302 82,005061814612
2303 82,0132179755272
2304 82,0070850937181
2305 81,9958946580151
2306 81,9903664644931
2307 81,9980080106818
2308 82,0132150764108
2309 82,0270368140871
2310 82,0360269751715
2311 82,043892763891
2312 82,0491530906852
2313 82,045747644303
2314 82,0251062062072
2315 81,9948691627613
2316 81,9616176329998
2317 81,9346182347492
2318 81,913450031061
2319 81,9079117569892
2320 81,9131561546784
2321 81,9324135576289
2322 81,9600868802267
2323 82,0085264914876
2324 82,066822286415
2325 82,1117233978797
2326 82,1227875829375
2327 82,1119406620156
2328 82,1127452593934
2329 82,1346339568484
2330 82,1609104273548
2331 82,1839973433128
2332 82,2005884132437
2333 82,2143047726873
2334 82,2031888604858
2335 82,1873331648796
2336 82,1829230758909
2337 82,1888312159315
2338 82,1656267853096
2339 82,1002880282611
2340 82,0049129093282
2341 81,9159157908519
2342 81,8738928632448
2343 81,9084147955638
2344 81,9948840087131
2345 82,067555474283
2346 82,0785137616976
2347 82,0450259805151
2348 82,0234774783734
2349 82,0202951490378
2350 82,0178503812269
2351 82,0063788183865
2352 82,0056020252014
2353 82,0368024343719
2354 82,0804961092206
2355 82,1192420441562
2356 82,154505731669
2357 82,1880451808453
2358 82,2027012477701
2359 82,1841423039826
2360 82,1343817259666
2361 82,0371752709502
2362 81,9155242796937
2363 81,8054082079014
2364 81,7284512042916
2365 81,6626646688355
2366 81,571596567799
2367 81,4939058321561
2368 81,5257695277632
2369 81,6909551238682
2370 81,8912638468418
2371 82,0182158962379
2372 82,0593104961257
2373 82,0634083974377
2374 82,0550659691221
2375 82,0291469009003
2376 81,9952403062297
2377 81,975698437097
2378 81,9725425571105
2379 81,9733000570428
2380 81,9723841824042
2381 81,9493602547994
2382 81,8418953961253
2383 81,5958492207018
2384 81,2579726779086
2385 80,9767943133612
2386 80,8750453397232
2387 80,9365927181376
2388 81,0503935508737
2389 81,1514055614748
2390 81,272495927181
2391 81,4517441774366
2392 81,6409561833643
2393 81,7472286475429
2394 81,7433107753469
2395 81,693467571319
2396 81,6724225043943
2397 81,6959472282753
2398 81,7378322435304
2399 81,7759809511862
2400 81,7922894903893
2401 81,7493004096833
2402 81,6062341212305
2403 81,361784210035
2404 81,0589250877584
2405 80,7473429383316
2406 80,466244221782
2407 80,2679825861738
2408 80,2234521197955
2409 80,3713752591954
2410 80,667153926546
2411 81,0025306016882
2412 81,2790198676443
2413 81,4587043961802
2414 81,5578495843301
2415 81,6122142566334
2416 81,6502199866723
2417 81,6837307574253
2418 81,7082840553361
2419 81,7012376257334
2420 81,622279535316
2421 81,445531707674
2422 81,2230519853335
2423 81,0936079490652
2424 81,155628629439
2425 81,301602571845
2426 81,2420394161144
2427 80,7693296854444
2428 79,9956509746912
2429 79,291767557805
2430 79,0001205021422
2431 79,2233195015751
2432 79,8283540624778
2433 80,5608462147709
2434 81,166633507009
2435 81,5115832438746
2436 81,6325525960666
2437 81,6242288177285
2438 81,4709721685141
2439 81,079854301184
2440 80,5159289201248
2441 80,093850716486
2442 80,1190320649604
2443 80,5682820242257
2444 81,1197229328188
2445 81,4813480711791
2446 81,5922727030122
2447 81,503087452353
2448 81,1960699020734
2449 80,6349670366044
2450 79,9538737653474
2451 79,4775705229531
2452 79,4876460651119
2453 79,9783547080493
2454 80,659395792305
2455 81,1778864285244
2456 81,3244285839448
2457 81,0881297533325
2458 80,6297972394814
2459 80,2345042777249
2460 80,1736465968642
2461 80,4840783404911
2462 80,900546033711
2463 81,1052179465747
2464 81,0446004529441
2465 80,9266065298839
2466 80,9386866106346
2467 81,0820988565133
2468 81,2469868205619
2469 81,2728685569544
2470 80,9320696073087
2471 80,0996643248703
2472 79,0553752382498
2473 78,3832816377024
2474 78,3560068807066
2475 78,584555099388
2476 78,538086396174
2477 78,286207122486
2478 78,3983279971545
2479 79,1326036279875
2480 80,0751975193969
2481 80,678276566727
2482 80,8587249921511
2483 80,9033709500642
2484 81,020733673759
2485 81,2000777401222
2486 81,3634044345924
2487 81,4480663534696
2488 81,4031646540228
2489 81,2164170025664
2490 80,8418365925095
2491 80,0457486102218
2492 78,5866277367404
2493 76,7734212331902
2494 75,6062212690302
2495 75,9586156149635
2496 77,6309114495777
2497 79,513159551119
2498 80,6851503735606
2499 81,074767323175
2500 81,0620219793862
2501 80,8720122865244
2502 80,5678673984259
2503 80,3168850774375
2504 80,3245494168353
2505 80,5933973672963
2506 80,9435785364198
2507 81,1773618226158
2508 81,0769256563519
2509 80,4065102939381
2510 79,1691126891473
2511 77,7870203158938
2512 76,7931878372493
2513 76,3758250000985
2514 76,4161767115842
2515 76,8782041787772
2516 77,8432583884203
2517 79,1355041421487
2518 80,2507246658021
2519 80,8350580532286
2520 81,0200974365868
2521 81,1016411429205
2522 81,0641651751104
2523 80,6542673216923
2524 79,8317276136118
2525 78,9107895911842
2526 78,2518886994477
2527 77,9868459227196
2528 78,0700599537344
2529 78,4428984777696
2530 79,05867126899
2531 79,7989296137786
2532 80,4154265284326
2533 80,5773152383741
2534 80,0742652110184
2535 79,0871614308872
2536 78,2107034812251
2537 78,040676707628
2538 78,667454065696
2539 79,6313844493447
2540 80,3706937671336
2541 80,6129185291278
2542 80,3465123826018
2543 79,6231445237363
2544 78,5659737277604
2545 77,5123934625945
2546 76,9514692412503
2547 77,1916324322896
2548 78,0760100056569
2549 79,0657886802352
2550 79,6652152430159
2551 79,8008222999131
2552 79,7439707166289
2553 79,6368308567142
2554 79,221783337806
2555 78,2087616039314
2556 76,8505871700862
2557 75,8837900489938
2558 75,7868480418366
2559 76,2973236668659
2560 76,8310501976119
2561 77,2114771043652
2562 77,7335701591533
2563 78,569895151469
2564 79,3879469872569
2565 79,6400315420964
2566 79,0961061382759
2567 78,0495719293989
2568 77,1147915618054
2569 76,8360527730442
2570 77,3301885020994
2571 78,2108577073324
2572 78,9301570715696
2573 79,2415044906805
2574 79,2823323453206
2575 79,2501464915269
2576 79,1721665911106
2577 79,0328964955824
2578 78,9263137356809
2579 78,9249717444758
2580 78,9062791073449
2581 78,6789565415494
2582 78,2563639765906
2583 77,8819659053964
2584 77,7836328407566
2585 77,9797052004595
2586 78,3157399348045
2587 78,6266545909272
2588 78,8672326096979
2589 79,1177377504838
2590 79,442983454655
2591 79,7459401587735
2592 79,831670485855
2593 79,6134639196031
2594 79,1083948978654
2595 78,1754590753875
2596 76,4919092475762
2597 74,0512270143472
2598 71,5977180498418
2599 70,2399806809951
2600 70,501758971061
2601 71,9017537477937
2602 73,5419290296234
2603 74,9452503974951
2604 76,1921398790246
2605 77,4095499694341
2606 78,4240647473772
2607 78,9964364129416
2608 79,2098122302229
2609 79,4209477609147
2610 79,8168094322086
2611 80,1692862893003
2612 80,1338005184658
2613 79,7015279750646
2614 79,1850494747332
2615 78,7723885925295
2616 78,3287757590134
2617 77,7609840766197
2618 77,363380197061
2619 77,533780154169
2620 78,2135937923436
2621 78,8871347744779
2622 79,1722251616002
2623 79,1717968896582
2624 79,1556770790345
2625 79,1346908543094
2626 78,9355140448871
2627 78,534380513512
2628 78,0705165062917
2629 77,571557723829
2630 76,8992420288788
2631 76,0388694097064
2632 75,2926175957636
2633 75,0527734044994
2634 75,3983634998437
2635 75,9876348977335
2636 76,3715638167101
2637 76,3865175048576
2638 76,2181224171711
2639 76,1184336108399
2640 76,1532653254055
2641 76,2610705197474
2642 76,4445955996271
2643 76,762380117209
2644 77,1608549491861
2645 77,4609480612644
2646 77,5330910597239
2647 77,3784806033518
2648 77,0510865814898
2649 76,6599377623777
2650 76,450889079785
2651 76,640017174069
2652 77,0365289964909
2653 77,0554560456819
2654 76,3584012757382
2655 75,3954070059186
2656 75,0682935192207
2657 75,8493019235893
2658 77,3865473116879
2659 78,9259045250741
2660 79,8898537840271
2661 80,0330577401099
2662 79,342496129015
2663 78,036058908268
2664 76,5715210879159
2665 75,4269312585937
2666 74,7934277217184
2667 74,5468188033208
2668 74,5348474493938
2669 74,8039896547896
2670 75,4703601614555
2671 76,4128965902856
2672 77,2237927945938
2673 77,5341377030879
2674 77,3279077957349
2675 76,8546784090016
2676 76,2935892413346
2677 75,621613101261
2678 74,7545796796705
2679 73,6337496372508
2680 72,2041611481303
2681 70,5968041112924
2682 69,4350964702258
2683 69,638125828591
2684 71,5926916627818
2685 74,5986864497454
2686 77,3564785449373
2687 78,939106019799
2688 79,1668081558564
2689 78,3131298130014
2690 76,8705731093674
2691 75,47636381544
2692 74,4889092822158
2693 73,4761780042006
2694 71,6170976023317
2695 68,969566525569
2696 67,0109586437623
2697 67,4326081593142
2698 70,3962398537875
2699 74,2631451201307
2700 77,0419021085913
2701 77,9148706672729
2702 77,4511322524543
2703 76,7400169346832
2704 76,5359294098685
2705 77,0074219757383
2706 77,8374184910086
2707 78,2591899905075
2708 77,1587861178856
2709 73,7601806497336
2710 68,7531460684486
2711 64,5795450341499
2712 63,8439473812112
2713 66,978836587651
2714 71,7453158474771
2715 75,3771016810073
2716 76,9753339426847
2717 77,5111894524808
2718 77,9820412300764
2719 78,4051412549759
2720 78,5333364042654
2721 78,4994626123947
2722 78,1617242807837
2723 76,5020068550539
2724 72,6595897420828
2725 67,5858950342666
2726 63,9479622369457
2727 63,9637254269604
2728 67,4641017198804
2729 72,1903996084196
2730 75,7944160287324
2731 77,4540761585956
2732 77,823945301793
2733 77,845556686929
2734 77,8414783000836
2735 77,657725947369
2736 77,2306433648526
2737 76,472689402136
2738 74,6018624898887
2739 70,3948892115137
2740 63,9359765674678
2741 57,9046499737844
2742 56,0517824316559
2743 59,7589028222944
2744 66,5021978362298
2745 72,1846119552997
2746 74,6818410756958
2747 74,7431738571221
2748 74,0486113478007
2749 73,4790132671567
2750 73,3147565978628
2751 73,8938402434398
2752 75,1218491657516
2753 75,7220394500851
2754 73,9558480562419
2755 69,4837098570352
2756 64,2564108743277
2757 61,2586030901138
2758 62,1768540398877
2759 66,0997479030581
2760 70,4222956659131
2761 73,1411396418281
2762 74,3143155774
2763 75,205755633972
2764 76,2680763833807
2765 76,573091230816
2766 75,2988255971116
2767 72,9345245442708
2768 70,3643748941034
2769 67,3841451718051
2770 63,2376177190833
2771 58,6069969341385
2772 55,9610929446682
2773 57,287252474476
2774 61,9179825632398
2775 67,0931674975034
2776 70,4329604765637
2777 71,5432185903732
2778 71,512224102656
2779 71,3876015227227
2780 71,2485439717074
2781 70,5203822287189
2782 68,9739336493966
2783 67,1943676353354
2784 65,8704323538971
2785 64,8079300925299
2786 63,1519537025842
2787 60,6909358696965
2788 58,4156397121457
2789 57,4269041279566
2790 57,6730039734501
2791 58,2769714890757
2792 58,9351517796016
2793 60,3806100699379
2794 63,2117908829955
2795 66,5565585146094
2796 68,3619952581692
2797 67,3483668622907
2798 64,6401119897834
2799 62,9259893597251
2800 63,5207675432534
2801 64,6594635670125
2802 63,5862529277838
2803 60,2797608920471
2804 57,9392748557015
2805 59,2559574499151
2806 63,2407497740674
2807 66,6866548801429
2808 67,9458077673575
2809 67,9242858132595
2810 67,777413484041
2811 67,3296197922707
2812 66,1936041641243
2813 65,0478766190834
2814 64,7746203167408
2815 64,9688922934993
2816 64,2379715766013
2817 61,7903062366497
2818 58,0954842168175
2819 54,0807492300981
2820 50,2500270960733
2821 46,718922597451
2822 43,7883679442134
2823 42,2078936681002
2824 42,6923505648575
2825 45,0244781987586
2826 47,8030455380272
2827 49,5588448019318
2828 50,2667364374744
2829 51,345349430902
2830 53,9081759841597
2831 57,368408651054
2832 60,1357474002998
2833 61,4701465565314
2834 62,2500944481362
2835 63,933613189055
2836 66,9965766873701
2837 70,3958422793841
2838 72,4505462199091
2839 72,2974646216052
2840 70,5811428327107
2841 68,7560285778201
2842 67,8334052475486
2843 67,884570639667
2844 68,4338731687785
2845 68,8919534392471
2846 68,8108105005092
2847 68,3490043598691
2848 68,3992788114852
2849 69,4162289216473
2850 70,0073912982859
2851 67,8019170488676
2852 62,4205103353818
2853 56,7528712611605
2854 54,3185852635498
2855 55,8208153015172
2856 59,1767070142458
2857 62,364749257349
2858 64,8732332909981
2859 66,4021134033428
2860 65,6924844383235
2861 61,5540310302399
2862 54,4943144840438
2863 46,7482854997472
2864 40,9786614981787
2865 39,090147499117
2866 41,575196260042
2867 47,2832906084331
2868 53,9378286705537
2869 59,2573462623979
2870 61,6156601533519
2871 59,9009177520693
2872 53,723551259914
2873 44,5073177298861
2874 35,866329157513
2875 31,7619309766053
2876 33,7961459601697
2877 40,4775511578593
2878 48,9877357575368
2879 57,0415092651207
2880 62,8703162567863
2881 64,320167236645
2882 59,39765758276
2883 48,5386451959775
2884 36,055424473428
2885 28,3104333668253
2886 29,4673924014105
2887 38,6144560965532
2888 50,9886682471154
2889 61,7977325312681
2890 68,6136631780332
2891 70,561633765831
2892 66,6724989062115
2893 56,4692359165258
2894 42,2868706644725
2895 29,7609002903513
2896 24,5533237257158
2897 27,9775485594203
2898 36,1488691387965
2899 43,8162540006122
2900 48,7829194281637
2901 52,0724329561663
2902 54,1963380572467
2903 52,8899840373028
2904 45,8250180822148
2905 34,9666487194303
2906 26,4709705847321
2907 25,5047747788253
2908 31,9438420669495
2909 41,6237564053147
2910 50,6897029734548
2911 57,4912661740246
2912 60,9268152015935
2913 59,0504559524274
2914 50,5612074002249
2915 37,2666579417204
2916 24,2461527829039
2917 17,1538696709646
2918 18,8339074087947
2919 27,7693429924032
2920 39,4098685789644
2921 49,2210529354719
2922 54,7409533385149
2923 55,106711643134
2924 49,8481362698964
2925 39,7343013948911
2926 28,7560744525743
2927 23,1238667272435
2928 26,3741016308383
2929 35,8001010597764
2930 45,0303871074531
2931 50,0056533619625
2932 51,191940719353
2933 50,161516684265
2934 46,2004339285302
2935 37,8742735353733
2936 27,0558497702657
2937 19,4106693842849
2938 20,0120234278107
2939 28,8088639649363
2940 40,6437691501226
2941 49,4676797751046
2942 52,4479818262108
2943 50,4338193724028
2944 45,2841135092754
2945 37,7377155732352
2946 28,4526063792648
2947 20,3506098031167
2948 18,0135512730944
2949 23,4962021571266
2950 33,418655796854
2951 41,5684569373526
2952 44,4069948742668
2953 43,0468989972769
2954 39,9642457615521
2955 35,5081204557784
2956 28,8396488980907
2957 21,3618546172503
2958 17,3647496152791
2959 20,5552855449069
2960 30,4030802797925
2961 42,2212996631077
2962 50,5979199630041
2963 52,7269144992008
2964 49,0838485654673
2965 41,8248064474347
2966 33,1617406483011
2967 25,2295859876762
2968 20,6208401129975
2969 21,7440050514497
2970 28,9480805913231
2971 39,6036497228906
2972 49,6087583139205
2973 55,8209976748939
2974 56,9274230408034
2975 52,6988637910288
2976 43,723065164958
2977 32,3592138674233
2978 23,0010218818409
2979 20,0005551416292
2980 24,7163862128692
2981 34,6992236506039
2982 45,7643664791379
2983 54,510616813226
2984 58,8905850915301
2985 57,4621801001926
2986 49,7552598791151
2987 38,1390563940394
2988 28,3490592735854
2989 26,2911899454461
2990 33,3055785441078
2991 44,9867892974301
2992 55,1912429772476
2993 60,8342115652694
2994 62,3470185905844
2995 60,5197361792774
2996 54,9090828686493
2997 45,9754199751204
2998 37,1334803185019
2999 32,7452903072761
3000 33,8950092904694
3001 37,1799326437323
3002 37,9781928404413
3003 34,2793490506472
3004 27,2522803086226
3005 19,2107804309446
3006 11,937395594845
3007 6,44116346252567
3008 3,07833783834802
3009 1,46822281793599
3010 0,775359896915704
3011 0,402464874455551
3012 0,217826225008432
3013 0,149026826073566
3014 0,0118847907704181
3015 -0,200805117630258
3016 -0,322749294689147
3017 -0,203072569014109
3018 0,469245157023911
3019 2,73714971087178
3020 8,24406489470658
3021 17,5721526345922
3022 29,0090583886032
3023 39,4651581450515
3024 46,4506365785969
3025 48,8665770896956
3026 46,7756346663646
3027 41,8355432583682
3028 37,7949241365247
3029 38,6851618619871
3030 45,3222444878584
3031 54,3154273354281
3032 61,3630031836122
3033 64,8253029385344
3034 65,185550474562
3035 62,2788818543399
3036 55,4077902428404
3037 46,4344470888396
3038 40,4516007377798
3039 41,5782031813161
3040 48,6854931729405
3041 56,6083705035814
3042 61,2271996796564
3043 61,9911156655014
3044 59,6652415292804
3045 53,8680407423626
3046 44,5469087799375
3047 34,9371477839056
3048 30,6496218340976
3049 34,686109492221
3050 44,1954625206374
3051 53,023217583795
3052 56,8720039676986
3053 55,1781925697002
3054 48,9830752987972
3055 39,2570014435759
3056 28,1025457567014
3057 19,8201889397178
3058 18,5821758799198
3059 24,7575089587647
3060 34,4699005603692
3061 42,8663499709648
3062 47,0695130608288
3063 46,1962887513928
3064 40,2809314879613
3065 30,6327811661126
3066 20,7556461869272
3067 15,2412511008179
3068 16,702480832418
3069 23,8286396026853
3070 32,5996886970679
3071 39,1285312657723
3072 41,3191528756722
3073 38,710459492566
3074 32,0984442069672
3075 23,8714426692903
3076 17,8676344446902
3077 17,465843103574
3078 23,0881681694595
3079 31,7473480171294
3080 39,2066765936838
3081 42,4135800882771
3082 40,2126060901654
3083 33,1127406268941
3084 23,5118599798839
3085 15,5811132522845
3086 13,2560057461367
3087 17,4694001512892
3088 25,6760209240278
3089 34,1675900666046
3090 40,1915568376139
3091 41,9216646819947
3092 38,1526693065881
3093 29,7560136396609
3094 21,011896454013
3095 17,5233305095129
3096 21,6960790085836
3097 30,7943997192143
3098 39,8843346754668
3099 45,8007525480859
3100 47,620210436779
3101 44,7941034717541
3102 37,2937770041545
3103 27,9784163379905
3104 22,5264597134194
3105 24,9205372990985
3106 33,3835513516313
3107 42,1437532381981
3108 46,9015169596441
3109 47,171564698249
3110 43,8162871714284
3111 37,1217961358102
3112 28,7835367631366
3113 23,5988004338105
3114 26,1472713928165
3115 35,6756036522586
3116 46,2482535509805
3117 52,3013626227638
3118 52,5043079634172
3119 48,2061719605065
3120 40,8503590323158
3121 32,6859205130027
3122 28,0269939719655
3123 30,6738185714304
3124 39,7709086854206
3125 50,0252291357396
3126 56,3952902848516
3127 57,3032840070141
3128 53,5379960598784
3129 46,5466965986698
3130 39,1319876309216
3131 35,7933136997974
3132 39,6443170531625
3133 48,9162673088358
3134 58,1246849507863
3135 62,8162069720829
3136 62,0190537733866
3137 56,7083500054122
3138 48,5139083101266
3139 40,8099747868461
3140 38,5271761244004
3141 44,246426980549
3142 54,9204883694027
3143 64,2146320053239
3144 67,8861018645963
3145 65,7402900693658
3146 59,4648563964237
3147 51,2714351223942
3148 44,8242592111705
3149 44,4213696300459
3150 51,1777083107698
3151 61,2238744313902
3152 69,0916423747452
3153 71,9637728521207
3154 69,8184330440278
3155 63,5240658294695
3156 55,2401874758775
3157 49,5032907543436
3158 50,6590301508588
3159 58,486860942312
3160 68,111079944756
3161 74,571711696855
3162 75,9974027583125
3163 72,656149981405
3164 65,771766791763
3165 58,4340629128466
3166 55,1890685989274
3167 58,3898533818242
3168 65,7216601111073
3169 72,6622435945218
3170 76,4711683104799
3171 76,7081400824096
3172 73,5571375158544
3173 68,039688251593
3174 63,2105258205225
3175 62,5459934325286
3176 66,542968887913
3177 72,2926762309025
3178 76,5831354068329
3179 78,1298504699336
3180 76,9232943553326
3181 73,4594485230858
3182 69,4391061426175
3183 67,581789944583
3184 69,3403214531263
3185 73,3918131017412
3186 77,1524466035129
3187 79,1133361022799
3188 79,1291991130528
3189 77,4971553819354
3190 74,9487216383976
3191 72,9928484799716
3192 72,9928703033673
3193 74,8142575454301
3194 77,0460434668923
3195 78,460743679752
3196 78,7268665622635
3197 78,0195249800712
3198 76,7778987798477
3199 75,8313923829735
3200 75,9835776818653
3201 77,2065739838375
3202 78,6516934819688
3203 79,5516656677501
3204 79,7653978753105
3205 79,4742554024808
3206 78,8598372741592
3207 78,2301373100768
3208 78,0269870655272
3209 78,4247343839047
3210 79,1211278064516
3211 79,6765847783572
3212 79,892684499852
3213 79,7970229803014
3214 79,5034312767675
3215 79,2167692454071
3216 79,1729337479769
3217 79,4108006575832
3218 79,7089369114248
3219 79,8413891647161
3220 79,7993085735287
3221 79,7080076203704
3222 79,6524305752824
3223 79,6616633860918
3224 79,7550369531213
3225 79,9084650850396
3226 80,0405823145872
3227 80,0966519551219
3228 80,097033075211
3229 80,0698345422041
3230 80,0032395555079
3231 79,9005131529664
3232 79,8146517401449
3233 79,787971556598
3234 79,8085622201578
3235 79,8520001026936
3236 79,914874086131
3237 79,9850433285949
3238 80,0306144261091
3239 80,0445635970051
3240 80,0557107888989
3241 80,0779285427066
3242 80,0904719173273
3243 80,0805946009618
3244 80,0627194928508
3245 80,0428153823024
3246 80,0059987597479
3247 79,9539770511689
3248 79,9179655906379
3249 79,9184470009745
3250 79,9421766156036
3251 79,969640426968
3252 79,9957015507602
3253 80,0156852409951
3254 80,0216852454128
3255 80,0203941168247
3256 80,0283228401988
3257 80,0436569922925
3258 80,0460882195653
3259 80,0295764174649
3260 80,0107046555828
3261 80,0018474922539
3262 79,9987365190449
3263 79,9964044028543
3264 79,9960610684006
3265 79,9948686661946
3266 79,9867939182238
3267 79,9738790509107
3268 79,9638995572069
3269 79,9570353959331
3270 79,948997506419
3271 79,943853039001
3272 79,9479119700774
3273 79,9552203575997
3274 79,9556314853883
3275 79,9522169108204
3276 79,9546598114065
3277 79,9615461018321
3278 79,9644015907447
3279 79,9634553934258
3280 79,9645329839305
3281 79,9657612927894
3282 79,9616785211994
3283 79,9552983597253
3284 79,9523031053079
3285 79,9494738464398
3286 79,9408382617841
3287 79,9292725729064
3288 79,92146477768
3289 79,9161950418201
3290 79,9088825389536
3291 79,9021798919513
3292 79,9008068635813
3293 79,9014835509735
3294 79,8988390648037
3295 79,8953961302402
3296 79,8959869510024
3297 79,8986844240313
3298 79,8993784450044
3299 79,8989743463482
3300 79,8989804950334
3301 79,8954095027943
3302 79,8836695738917
3303 79,8652485221154
3304 79,8442839459291
3305 79,824164364725
3306 79,8103574461651
3307 79,8090213433247
3308 79,8186681804583
3309 79,8305839255855
3310 79,8398668961433
3311 79,8483752071449
3312 79,8560140506138
3313 79,8587652133729
3314 79,8572948292318
3315 79,8573125003747
3316 79,8590480753206
3317 79,856698812737
3318 79,8500298032126
3319 79,8457779560251
3320 79,8457171451795
3321 79,8436566133733
3322 79,8359129463962
3323 79,8254757642874
3324 79,8145243545446
3325 79,8031928789473
3326 79,7957828728198
3327 79,7973660447196
3328 79,8039929642252
3329 79,806452648303
3330 79,8029439427709
3331 79,7991840822038
3332 79,7965501221856
3333 79,7910505942604
3334 79,7830713119306
3335 79,7765553183398
3336 79,7694725435103
3337 79,7572091408446
3338 79,7443625973732
3339 79,7407921084342
3340 79,7464589476668
3341 79,7520295958995
3342 79,7534643013299
3343 79,7543135997287
3344 79,7552877906238
3345 79,75341149172
3346 79,7499271954956
3347 79,7473485522314
3348 79,7412771809369
3349 79,7271418893285
3350 79,7118062736615
3351 79,7072360339711
3352 79,7133742328983
3353 79,719504371257
3354 79,7206479777339
3355 79,7199936085927
3356 79,7181423647571
3357 79,7125175313156
3358 79,7059843177326
3359 79,7041913569161
3360 79,7058514220048
3361 79,705289532975
3362 79,7022966029426
3363 79,6993556454503
3364 79,6928145961585
3365 79,6780133632793
3366 79,6595451895336
3367 79,6458034610582
3368 79,6376359241584
3369 79,6327654779956
3370 79,635479235414
3371 79,649486960002
3372 79,6662795897849
3373 79,6737059130154
3374 79,6719045135043
3375 79,6686583825651
3376 79,6651139115116
3377 79,6581639363406
3378 79,6515047388244
3379 79,6509596188979
3380 79,6534640980687
3381 79,6519289491958
3382 79,6471759453386
3383 79,6439951173319
3384 79,6410658640763
3385 79,635488465682
3386 79,6311136784349
3387 79,6317000976042
3388 79,6298794706835
3389 79,6157909991538
3390 79,5928778836304
3391 79,5753992566087
3392 79,5720185027247
3393 79,580280437809
3394 79,5937787973921
3395 79,6056991489527
3396 79,6080383991139
3397 79,5967465633038
3398 79,5772492164859
3399 79,5586236999202
3400 79,5458655979641
3401 79,5421503441423
3402 79,5514019604618
3403 79,5710282318642
3404 79,5889510702343
3405 79,5955433094175
3406 79,5929896152611
3407 79,5885011295705
3408 79,5837127808134
3409 79,577706621097
3410 79,5728371327196
3411 79,571075008486
3412 79,5700493429557
3413 79,5681974136761
3414 79,5694664310534
3415 79,5761592976039
3416 79,5821836276712
3417 79,5806963267896
3418 79,573803813615
3419 79,567595956178
3420 79,5633774370045
3421 79,5606039404371
3422 79,5623544507344
3423 79,5694894581476
3424 79,5751403383033
3425 79,5735913117104
3426 79,5682018339692
3427 79,5635608853153
3428 79,5569124429561
3429 79,5457819496665
3430 79,5365096879499
3431 79,535240610689
3432 79,5367986099461
3433 79,5320207197906
3434 79,5226550226073
3435 79,5175438926724
3436 79,5189589042609
3437 79,5228721395237
3438 79,5282919372044
3439 79,5369881466362
3440 79,5440142234975
3441 79,5446414127351
3442 79,5443546608906
3443 79,5492469072581
3444 79,5529700987758
3445 79,5468425062883
3446 79,5360349872517
3447 79,5332969096056
3448 79,541104854372
3449 79,5517514866413
3450 79,5609435052441
3451 79,5688055210175
3452 79,5726047645728
3453 79,5704625172024
3454 79,567979071078
3455 79,5699942881709
3456 79,5718271007029
3457 79,5682943792919
3458 79,5632892800011
3459 79,5628053600483
3460 79,5628927808689
3461 79,5600656360684
3462 79,5604119830416
3463 79,5663904674274
3464 79,5676338665806
3465 79,5563436392329
3466 79,5401127674969
3467 79,5297263324582
3468 79,5255618449601
3469 79,5266210103309
3470 79,5381111025843
3471 79,5587143085622
3472 79,5742410485792
3473 79,5761283359146
3474 79,5741934946993
3475 79,5783686941287
3476 79,5830486564708
3477 79,5802709453997
3478 79,5731031096164
3479 79,5672855404106
3480 79,5627803760395
3481 79,560831020163
3482 79,5679614555035
3483 79,582919115641
3484 79,5932227760024
3485 79,5931782462176
3486 79,5917168508074
3487 79,5961309763314
3488 79,6011700384702
3489 79,6024248755901
3490 79,6043098004158
3491 79,6080612425879
3492 79,6058086717733
3493 79,5945838862329
3494 79,5837081940736
3495 79,579172553183
3496 79,5747590095307
3497 79,5686476306887
3498 79,5697249129268
3499 79,5790864107059
3500 79,5839337723425
3501 79,5777638386534
3502 79,5711348236419
3503 79,5751977794324
3504 79,5879424454722
3505 79,6027862685519
3506 79,6173929287707
3507 79,627737140577
3508 79,6273804517893
3509 79,6195944902468
3510 79,6162762043221
3511 79,6199579576871
3512 79,6202297729009
3513 79,6135743321783
3514 79,6108396465635
3515 79,6182073427796
3516 79,6246773646188
3517 79,6223188767392
3518 79,6200249541249
3519 79,6243851373184
3520 79,6252621252617
3521 79,6161916673689
3522 79,6063104335256
3523 79,6058667765848
3524 79,6120722267009
3525 79,6177469869621
3526 79,6208818159766
3527 79,6203022952652
3528 79,615900120379
3529 79,6139203464225
3530 79,622054978429
3531 79,6369308264287
3532 79,6455744654682
3533 79,641847437169
3534 79,6314345653766
3535 79,6193691784846
3536 79,6059035138398
3537 79,5981927710282
3538 79,6048084590538
3539 79,6204163399811
3540 79,6262185364924
3541 79,6170210995246
3542 79,6045329254193
3543 79,5964556334477
3544 79,5899215982807
3545 79,586229210605
3546 79,5957305596608
3547 79,6171393236612
3548 79,6342583908131
3549 79,6370859070731
3550 79,629854905965
3551 79,6195903917981
3552 79,610520967052
3553 79,6075526006412
3554 79,614776612407
3555 79,6251859324958
3556 79,6237801400249
3557 79,6082145711793
3558 79,5924384542321
3559 79,5851513171648
3560 79,5822143678167
3561 79,579481096814
3562 79,583531682553
3563 79,5975843537954
3564 79,6122138575683
3565 79,6192497580027
3566 79,6265076464078
3567 79,6415295387291
3568 79,65359879964
3569 79,6528620366292
3570 79,646426304665
3571 79,6432272119538
3572 79,6393481808028
3573 79,6279830481455
3574 79,6159126628978
3575 79,6110318725165
3576 79,6040657274704
3577 79,585953292219
3578 79,571675065017
3579 79,5722127478013
3580 79,5774932711266
3581 79,579029740253
3582 79,5832093114581
3583 79,595290169907
3584 79,6022972395739
3585 79,5965515309761
3586 79,5912812450332
3587 79,6075458163812
3588 79,6394454095482
3589 79,6606508639704
3590 79,66426036479
3591 79,6577719055793
3592 79,6419337812379
3593 79,6175983051714
3594 79,5998769500386
3595 79,5994183828741
3596 79,5994321651102
3597 79,5830063196252
3598 79,5652234569971
3599 79,5614411197972
3600 79,5544195586654
3601 79,5424666098871
3602 79,5418934005842
3603 79,556450709333
3604 79,5738742279396
3605 79,5904987754574
3606 79,6152623989549
3607 79,65473633817
3608 79,6872829721711
3609 79,6895016794594
3610 79,6694580279508
3611 79,6398906957556
3612 79,5997324771024
3613 79,5535601052516
3614 79,52606561128
3615 79,5270358620216
3616 79,5277670682447
3617 79,4976923451876
3618 79,444312198499
3619 79,4065510075584
3620 79,4114077286966
3621 79,4569266384381
3622 79,5179964362382
3623 79,5691278314752
3624 79,6089288107066
3625 79,6550133573918
3626 79,721841751964
3627 79,7965756150788
3628 79,8397664802945
3629 79,8369619027305
3630 79,8086113838819
3631 79,7617095118842
3632 79,7107264280571
3633 79,671545277903
3634 79,6495526388947
3635 79,6382149952716
3636 79,6268051074121
3637 79,6128300210383
3638 79,6008837160647
3639 79,5906384943309
3640 79,5787472389318
3641 79,5750029761212
3642 79,5877399474218
3643 79,6116677897283
3644 79,6362171605038
3645 79,6640054350385
3646 79,6987482824781
3647 79,726191919089
3648 79,7422398897622
3649 79,7519502558826
3650 79,7496031297164
3651 79,7331418238811
3652 79,7220657569576
3653 79,7321813599109
3654 79,7535805677098
3655 79,7557176942974
3656 79,7249779260363
3657 79,6851371477286
3658 79,6524665353352
3659 79,6184197653693
3660 79,5838988310508
3661 79,5686291053975
3662 79,5785948875297
3663 79,598628734594
3664 79,6067802364564
3665 79,6099809264644
3666 79,6257806717982
3667 79,6493434194556
3668 79,6650552028984
3669 79,6704168655996
3670 79,6868412188127
3671 79,7211546310627
3672 79,7507562897817
3673 79,7710520471092
3674 79,7921335428835
3675 79,8091418608062
3676 79,7985839006898
3677 79,7505206266627
3678 79,6846734643526
3679 79,633329051347
3680 79,6130599860997
3681 79,6143630476912
3682 79,6166230755077
3683 79,6226681994168
3684 79,6296091239124
3685 79,633093946143
3686 79,6375348532768
3687 79,6407454967422
3688 79,619201203374
3689 79,5734179283346
3690 79,5640691597825
3691 79,609918563113
3692 79,6462111755454
3693 79,633265103933
3694 79,6083611111474
3695 79,599668804472
3696 79,5890162256868
3697 79,5650812027127
3698 79,549687675331
3699 79,5498975155144
3700 79,5416307514212
3701 79,519865614261
3702 79,5141312696268
3703 79,544350778695
3704 79,5834757695073
3705 79,6018263390676
3706 79,6160700437088
3707 79,6516798016688
3708 79,6915301812287
3709 79,7040513669216
3710 79,7000643665832
3711 79,7068896472539
3712 79,6973699400837
3713 79,6426441201064
3714 79,5829210336293
3715 79,5441211132001
3716 79,5131777108316
3717 79,4882907738247
3718 79,4881529631367
3719 79,5088889972594
3720 79,513259064931
3721 79,4960398399937
3722 79,4871074691072
3723 79,4998536114424
3724 79,5266636438978
3725 79,546213456251
3726 79,5611673653126
3727 79,5821582178946
3728 79,5906267594769
3729 79,581880639324
3730 79,5820637147505
3731 79,5968221622012
3732 79,585867761751
3733 79,5472341018098
3734 79,5428444068951
3735 79,587524497091
3736 79,6255032173238
3737 79,616596922707
3738 79,5758173977911
3739 79,5270380771696
3740 79,4753458632531
3741 79,4503442031783
3742 79,4808005961921
3743 79,5429392020871
3744 79,5964096516351
3745 79,6260739173682
3746 79,6675821577248
3747 79,7318823797663
3748 79,7901306442595
3749 79,7977639026274
3750 79,7393208126087
3751 79,6594385002716
3752 79,5951426522758
3753 79,5351947819567
3754 79,4802687466056
3755 79,4442950443755
3756 79,4268743442131
3757 79,415903039332
3758 79,407365191112
3759 79,4105653454622
3760 79,4202993764129
3761 79,4162419728208
3762 79,3855901457738
3763 79,3311630206651
3764 79,2760878895426
3765 79,2378555331416
3766 79,222588134952
3767 79,2306726851716
3768 79,2531199506417
3769 79,2676182781683
3770 79,2624216226655
3771 79,2685300148756
3772 79,3037889452886
3773 79,3304956502906
3774 79,3139984209056
3775 79,254277564178
3776 79,1738241762785
3777 79,1023302674014
3778 79,0661622660325
3779 79,0731843124327
3780 79,1090434838809
3781 79,1517609188753
3782 79,1946055816765
3783 79,2237055547759
3784 79,2098586045796
3785 79,1417099913157
3786 79,0462743179521
3787 78,9591271711274
3788 78,8867908905476
3789 78,8076570349788
3790 78,7218986720742
3791 78,6830262102226
3792 78,7455125897986
3793 78,8797066112791
3794 78,952509851729
3795 78,8276046897949
3796 78,5129963492036
3797 78,1812872779558
3798 78,0084173652872
3799 78,0405858033362
3800 78,2106818492623
3801 78,428935549228
3802 78,6111578335329
3803 78,6827254766695
3804 78,6200882360701
3805 78,4785506551818
3806 78,3212933368265
3807 78,1835177182524
3808 78,1043381019823
3809 78,1136988883202
3810 78,2003297439842
3811 78,2676562962447
3812 78,1909269922387
3813 77,9737150468157
3814 77,7712624224351
3815 77,7483649234814
3816 77,9252433695854
3817 78,1484371432072
3818 78,2529452377568
3819 78,178616237667
3820 77,9169896245433
3821 77,5638514846037
3822 77,3274892396587
3823 77,2926517932251
3824 77,289205417282
3825 77,0803639789157
3826 76,6164509080912
3827 76,115833570865
3828 75,8525608488994
3829 75,926321208579
3830 76,2751992478541
3831 76,7678380816756
3832 77,2624728142985
3833 77,6108008805728
3834 77,6867925244353
3835 77,485962369466
3836 77,1753824656748
3837 76,9917941817062
3838 77,0339039444454
3839 77,1345499834996
3840 77,029852796589
3841 76,6556561881486
3842 76,1907922644346
3843 75,8549446173788
3844 75,7386559470109
3845 75,832359223728
3846 76,1438088507369
3847 76,6118998841411
3848 77,0183881641194
3849 77,1474032848278
3850 76,9705377578247
3851 76,6105904117094
3852 76,212391262164
3853 75,9108449633616
3854 75,76007012427
3855 75,5783115745728
3856 75,1005526606148
3857 74,2974508993339
3858 73,3563447287334
3859 72,4570189076206
3860 71,559863419534
3861 70,4704789657042
3862 69,1440204788577
3863 67,9197477848044
3864 67,4516409182817
3865 68,2869378946071
3866 70,3560994121665
3867 72,9262552846812
3868 75,1517625508934
3869 76,5490841063578
3870 77,1470429084537
3871 77,3559201003392
3872 77,5286741328639
3873 77,6884343560762
3874 77,6954143821702
3875 77,5452448569407
3876 77,440887839151
3877 77,536598622018
3878 77,687324147235
3879 77,5626569441533
3880 77,0683989867037
3881 76,5102197169919
3882 76,1540761949385
3883 75,8801809813542
3884 75,4687151387917
3885 75,0158347277313
3886 74,8035187118149
3887 74,7240876589452
3888 74,3125577330234
3889 73,4600418264968
3890 72,7204696920284
3891 72,8084449916837
3892 73,7401378433325
3893 74,7243455302965
3894 75,0132400703406
3895 74,5002442495466
3896 73,593720310296
3897 72,8671183688982
3898 72,7828727579338
3899 73,4072442699947
3900 74,2824578150285
3901 74,7558711133288
3902 74,5503829118797
3903 73,9432831726276
3904 73,4166160247546
3905 73,2438243639002
3906 73,4076380136216
3907 73,7779880720875
3908 74,2641428346924
3909 74,8363045877407
3910 75,4759624013785
3911 76,1205351663655
3912 76,6549417105387
3913 77,0027912494657
3914 77,2047294479848
3915 77,3455744243268
3916 77,4577031896392
3917 77,5288521220349
3918 77,5830663576606
3919 77,6799938969472
3920 77,8359162383957
3921 78,0093235456
3922 78,1631922025943
3923 78,2907130752479
3924 78,3855983414528
3925 78,4396982350367
3926 78,4768699783668
3927 78,5351582884486
3928 78,607131357614
3929 78,6471401052968
3930 78,6436733515619
3931 78,6424295574768
3932 78,6695465640875
3933 78,6782966276131
3934 78,6291148694858
3935 78,5618816616942
3936 78,538983459968
3937 78,5690279882223
3938 78,60882916397
3939 78,6051526583652
3940 78,5140795176206
3941 78,3334143786994
3942 78,1482437879098
3943 78,0887605965124
3944 78,202772782837
3945 78,4024222160379
3946 78,5650081087611
3947 78,6386463070114
3948 78,6386693815348
3949 78,6026950743599
3950 78,575341130339
3951 78,587499762952
3952 78,613600229939
3953 78,5858796220954
3954 78,4813896167823
3955 78,3592655196482
3956 78,2930945494159
3957 78,3015767447241
3958 78,3546173301393
3959 78,416712647307
3960 78,4666377237054
3961 78,5021110615423
3962 78,5374254190066
3963 78,5726450708336
3964 78,5732902074186
3965 78,5084462128319
3966 78,4070915737874
3967 78,3437616117527
3968 78,3577601343094
3969 78,4129805889629
3970 78,4468236345136
3971 78,4348747655366
3972 78,3997742640374
3973 78,3809873596982
3974 78,4025448655854
3975 78,4492607054241
3976 78,4769669126521
3977 78,4618846986661
3978 78,4307687840859
3979 78,4215349609466
3980 78,4289014866887
3981 78,4204962961524
3982 78,3937061506691
3983 78,3777148777262
3984 78,3837918864847
3985 78,3953519824665
3986 78,410948950563
3987 78,4543428728844
3988 78,5288856448231
3989 78,5958010755226
3990 78,611985289846
3991 78,5690356364131
3992 78,4926494507564
3993 78,4255918972119
3994 78,4074828156768
3995 78,4421881580405
3996 78,4846275232618
3997 78,4817212271566
3998 78,4207799757215
3999 78,3227306157358
4000 78,2126637863617
