#Datum: 21.01.2016 16:19:44
#Quelle: pulver_a

#Daten:
cm-1;%T
515;62,5113118285109
516;69,8490474317371
517;75,9556081770175
518;79,0938650675877
519;79,2318022786016
520;77,184729740273
521;73,956213521802
522;70,4100000157425
523;67,053489907463
524;64,0325996935295
525;61,3535210337289
526;59,0727789349827
527;57,1944716385059
528;55,6546403634941
529;54,3249447728076
530;53,2258635549823
531;52,6475067058099
532;53,0214717128384
533;54,6273899993701
534;57,3735325543248
535;60,7774767595656
536;64,1242852155464
537;66,7498448199902
538;68,340440221371
539;69,0500066701997
540;69,3209674083959
541;69,5403978840433
542;69,8020341486872
543;69,943159529579
544;69,7901307938626
545;69,3660429019292
546;68,8687199925767
547;68,4829744296884
548;68,2451475313103
549;68,0690719139063
550;67,8512186292896
551;67,5243226863011
552;67,0368776539535
553;66,3287772410225
554;65,342053418245
555;64,0353522307137
556;62,3776562525311
557;60,3564611454877
558;58,0382848288716
559;55,6431634979801
560;53,5417851319753
561;52,1334900729981
562;51,658351543838
563;52,0517900928174
564;52,9499002199432
565;53,8791759362252
566;54,5248032404192
567;54,8929899405976
568;55,2643708406251
569;55,9970568581252
570;57,328820403704
571;59,2857720649894
572;61,6960181201397
573;64,2510429769611
574;66,5906638041687
575;68,4197738528531
576;69,6202597554411
577;70,2673899033729
578;70,5212506004305
579;70,4968685573777
580;70,2335477845903
581;69,757758258189
582;69,1374871656174
583;68,4680394759756
584;67,8248319677308
585;67,2387264510104
586;66,6997014384947
587;66,1661829140206
588;65,5759742733806
589;64,8692684519891
590;64,0155408398431
591;63,0172593085899
592;61,8829173269302
593;60,6000473850505
594;59,1428805315988
595;57,5040573521763
596;55,7057044202001
597;53,7755207623331
598;51,7263438408796
599;49,5763983216799
600;47,3903838030851
601;45,284887913808
602;43,3823132623933
603;41,7701621986669
604;40,5246312448701
605;39,7744144111642
606;39,7131458494824
607;40,5036853219154
608;42,1285925915455
609;44,3144718608312
610;46,6150319047428
611;48,6189423472194
612;50,154158814526
613;51,3573687019299
614;52,5704863428016
615;54,1442089470294
616;56,2646058877238
617;58,8685408821247
618;61,6746592358134
619;64,3270469621746
620;66,5665242397865
621;68,3108585002626
622;69,6241109505551
623;70,6423256028512
624;71,5059246733485
625;72,3107225018216
626;73,0843033346838
627;73,7964533298821
628;74,3968343570531
629;74,8540521557698
630;75,1713239906456
631;75,3761159568649
632;75,5030274601836
633;75,5887001046014
634;75,6754672293365
635;75,8037456748954
636;75,987173909045
637;76,1946288726285
638;76,3659681858679
639;76,4521365253066
640;76,4402419858598
641;76,3429960675056
642;76,1739650974696
643;75,9386675352461
644;75,6428624177286
645;75,2986380717212
646;74,9188655675269
647;74,5088275761248
648;74,0658069773804
649;73,5871832774086
650;73,0784598769248
651;72,5520414785469
652;72,017329074323
653;71,4740869978386
654;70,9181895941882
655;70,3530469311625
656;69,7919380156568
657;69,2474911526703
658;68,7191982552014
659;68,187989943711
660;67,6198867698351
661;66,9812846379482
662;66,2709496869117
663;65,5412560720315
664;64,8663180753411
665;64,2771199193886
666;63,7192349316857
667;63,0517814736838
668;62,1493582951476
669;61,1219506195856
670;60,189530736429
671;59,3505640608952
672;58,4992278331735
673;57,6100747222933
674;56,7745255858625
675;56,1447410535615
676;55,8187026081294
677;55,7653083180299
678;55,8513839250414
679;55,9210507446257
680;55,86546259917
681;55,6554019943836
682;55,3316572543205
683;54,9663517629844
684;54,6223801780193
685;54,3334548046047
686;54,1090599793563
687;53,9512345175119
688;53,8664852566417
689;53,8653199918408
690;53,9536712022715
691;54,1272895302216
692;54,3766466613986
693;54,6978329629667
694;55,0977666380865
695;55,5882776780579
696;56,1755711060407
697;56,8551265641474
698;57,6145005869177
699;58,4391676891248
700;59,317060818361
701;60,2417838390722
702;61,2160714424826
703;62,2538534831955
704;63,3752683676309
705;64,5914796031758
706;65,8871442491418
707;67,2176118168239
708;68,5296437127962
709;69,7910360888369
710;71,0024183096628
711;72,1809763643909
712;73,3335489532321
713;74,4441936961104
714;75,4836534180281
715;76,4282533293397
716;77,2722379836366
717;78,0270310311908
718;78,7113655133428
719;79,3405745149573
720;79,9217425175074
721;80,4566462255691
722;80,9477084778077
723;81,3993889500089
724;81,8144114140258
725;82,1917671134915
726;82,5302972401212
727;82,8333201034073
728;83,108016804596
729;83,3604651238471
730;83,592848990413
731;83,8052717994424
732;83,9980786661124
733;84,171558361201
734;84,3248803667832
735;84,4562923331144
736;84,562773618569
737;84,6377171472632
738;84,6700859115636
739;84,648251013818
740;84,5642474312456
741;84,4118924949458
742;84,1826373175839
743;83,8730657186157
744;83,5086612636579
745;83,1641958677197
746;82,9505104849207
747;82,9600945567886
748;83,2039668968159
749;83,5915894155572
750;83,9798474371918
751;84,2629142265813
752;84,4378384720736
753;84,5955713139717
754;84,8443406599196
755;85,2254691002682
756;85,6861721987085
757;86,1248722098612
758;86,4650719398663
759;86,6967583305417
760;86,8606080191455
761;87,0009473261006
762;87,132132609329
763;87,2396897612172
764;87,3021510570621
765;87,3071903351276
766;87,2512966940604
767;87,1320406224194
768;86,9457055562542
769;86,6936189067528
770;86,3919010500556
771;86,0773454549375
772;85,8037261551757
773;85,6268387416371
774;85,5841393003428
775;85,6812612878472
776;85,8945996785654
777;86,186866666403
778;86,5229403236465
779;86,8760745155961
780;87,2251815605782
781;87,550610620585
782;87,834018208561
783;88,0621133003393
784;88,2300030971544
785;88,3400744240849
786;88,3964783183569
787;88,3999420318319
788;88,3481070150107
789;88,2421926226183
790;88,095788186179
791;87,9387684557798
792;87,80897320044
793;87,7294823885418
794;87,6817175570078
795;87,5925327420104
796;87,3407595225266
797;86,7673691965567
798;85,6839851895304
799;83,9204279564404
800;81,4585074300307
801;78,6035550845554
802;76,0244806925815
803;74,5204694823455
804;74,597476845762
805;76,1599041595367
806;78,5761967025448
807;81,0666461230653
808;83,0994311838643
809;84,5261508204797
810;85,4548355745758
811;86,0533836098242
812;86,4440991462647
813;86,699942177243
814;86,8702882609926
815;86,9909106575486
816;87,0830857950818
817;87,1559690777257
818;87,2116533600337
819;87,248294706341
820;87,2624093135502
821;87,2515839394166
822;87,2154300534534
823;87,1544350437143
824;87,0698260472611
825;86,965574473968
826;86,8501229452963
827;86,7366159016181
828;86,6424385139356
829;86,5862933470731
830;86,5795679863112
831;86,615593267803
832;86,6681649107037
833;86,7053332879563
834;86,7083810162978
835;86,6786255705861
836;86,6270773765886
837;86,5603680206729
838;86,4792879221948
839;86,390981289387
840;86,3201787821156
841;86,3051446246719
842;86,378303210292
843;86,5451571019805
844;86,7767821723898
845;87,0209442138626
846;87,2236598203506
847;87,3471083164346
848;87,3749379894198
849;87,3066529456776
850;87,1492603922818
851;86,9121519972531
852;86,6048392778289
853;86,2345602989992
854;85,8037151910215
855;85,3097674698668
856;84,7479648645471
857;84,1131677525802
858;83,3976943129915
859;82,5874642167496
860;81,6617695938092
861;80,5982684136517
862;79,3789739932966
863;77,9929372549256
864;76,4373074457744
865;74,7227794464096
866;72,8864825137814
867;71,0079483127162
868;69,2183436957851
869;67,692913333544
870;66,6218828078212
871;66,1657874946975
872;66,4131156638499
873;67,36102236085
874;68,9269870402938
875;70,9792303360479
876;73,3647073530697
877;75,9231744946675
878;78,4925418765146
879;80,9174395630348
880;83,0655510602462
881;84,8449899632035
882;86,2123647130114
883;87,167488067692
884;87,7395654917075
885;87,9719339409373
886;87,9072381447084
887;87,5722344352988
888;86,9665729000925
889;86,0617150921535
890;84,8043856861533
891;83,1130391511481
892;80,8846582464571
893;78,0674377502092
894;74,8222765524255
895;71,6716683141366
896;69,4449851423372
897;68,9336682241028
898;70,4333557323993
899;73,5155536916004
900;77,230731845685
901;80,5999830720881
902;83,0337983015622
903;84,4258824553073
904;84,9672640880528
905;84,9076529777656
906;84,4310969404074
907;83,6496956649081
908;82,638216753615
909;81,4625081839573
910;80,2021870915413
911;78,9711218599781
912;77,9206783341976
913;77,2118629700769
914;76,9644289255761
915;77,2090678881831
916;77,8688385876811
917;78,7804655176136
918;79,7446693153769
919;80,5799603766842
920;81,1576080513723
921;81,4144226415672
922;81,3561457860003
923;81,061207381518
924;80,6774469660438
925;80,3949794965297
926;80,3911574822104
927;80,7685099970109
928;81,5193498965805
929;82,537544852518
930;83,6685628671537
931;84,7674882471954
932;85,7367314272806
933;86,5341547979966
934;87,1600293018203
935;87,6369745572109
936;87,9932931847644
937;88,2536394851706
938;88,4358737023384
939;88,5509397754389
940;88,603727583644
941;88,5948732808936
942;88,52366351658
943;88,3911094919067
944;88,2023076813894
945;87,9681927697675
946;87,7062666985019
947;87,4385639555817
948;87,1866642344188
949;86,9673366437011
950;86,7923672022703
951;86,6705092605789
952;86,6059552461228
953;86,5928186124279
954;86,6130326949096
955;86,6440467750399
956;86,6717616517467
957;86,6961900666066
958;86,7230719638331
959;86,7486337447631
960;86,7515340354958
961;86,6989865964582
962;86,5614690935246
963;86,3246619197587
964;85,9918144423094
965;85,5784485211679
966;85,1062098135796
967;84,6007761726139
968;84,0930004996966
969;83,6182163670756
970;83,2093516216824
971;82,8848933489223
972;82,6390094481906
973;82,4425944910992
974;82,2571032087481
975;82,0514652668629
976;81,8071135534842
977;81,5051831929774
978;81,1071919855255
979;80,5495658796596
980;79,7638304551098
981;78,7160758237331
982;77,446919585736
983;76,0928718977073
984;74,8758551162606
985;74,05481656889
986;73,8462013418713
987;74,3402321229906
988;75,4544863196967
989;76,9555450178868
990;78,5430247729767
991;79,952754858101
992;81,0271320921167
993;81,7267329799288
994;82,0952351422942
995;82,2104280100691
996;82,1481053305081
997;81,9665445529273
998;81,7051966335097
999;81,3886296591021
1000;81,0307356376834
1001;80,6380421804219
1002;80,2123963981186
1003;79,7532311685534
1004;79,2592314039876
1005;78,7291297006156
1006;78,1617806736359
1007;77,5560899041007
1008;76,911092232874
1009;76,225841513382
1010;75,4989289142568
1011;74,7282892647154
1012;73,9119219337516
1013;73,0487833861697
1014;72,1383564671499
1015;71,1788752013658
1016;70,1662922735921
1017;69,0959339919473
1018;67,9662998116154
1019;66,7823466535428
1020;65,555709164329
1021;64,3008018687407
1022;63,0273262196773
1023;61,7314736261758
1024;60,3900598881247
1025;58,9623580809989
1026;57,4016877511377
1027;55,673600523848
1028;53,773088515651
1029;51,7326602501277
1030;49,6169192770772
1031;47,5052770973784
1032;45,4700012785704
1033;43,5606413335437
1034;41,806572405256
1035;40,2425018298589
1036;38,9442331197906
1037;38,0432349233734
1038;37,6907975845792
1039;37,9776965428926
1040;38,8604841603192
1041;40,1550399907161
1042;41,6120565178992
1043;43,0247892003066
1044;44,297532789439
1045;45,4432405795894
1046;46,537398861962
1047;47,6749259994672
1048;48,9466698192423
1049;50,4162631903269
1050;52,0828660132972
1051;53,8548784253717
1052;55,5808806501581
1053;57,1475500319299
1054;58,5854655607372
1055;60,0939466547222
1056;61,9476250846058
1057;64,3405627600599
1058;67,2732252651928
1059;70,5505180056814
1060;73,875274452856
1061;76,9657920356993
1062;79,6328283871854
1063;81,7967008559588
1064;83,4636993046838
1065;84,6913342225933
1066;85,5599048641276
1067;86,1509065838207
1068;86,5266797574773
1069;86,7151273922443
1070;86,7144619923845
1071;86,5246574607003
1072;86,1852124228984
1073;85,7837725305538
1074;85,4225343809883
1075;85,1703966090401
1076;85,0422013414484
1077;85,0159367579187
1078;85,0605312936402
1079;85,1441861876176
1080;85,2238532039895
1081;85,2395007455198
1082;85,1270523409524
1083;84,839119135713
1084;84,3542086124959
1085;83,6697911665822
1086;82,7934911467466
1087;81,7493924114286
1088;80,598546861113
1089;79,4485991941074
1090;78,4233397422195
1091;77,595666015529
1092;76,9359289962899
1093;76,338297877903
1094;75,7293393613835
1095;75,1780791362914
1096;74,9042995943754
1097;75,1593385723791
1098;76,0632426203373
1099;77,5191174585578
1100;79,2587793999053
1101;80,9725576170165
1102;82,4290114224597
1103;83,5236219876788
1104;84,2566290318826
1105;84,6818237687368
1106;84,8645426691191
1107;84,8630012251253
1108;84,72562354087
1109;84,4914943190553
1110;84,1883525473786
1111;83,8316070455872
1112;83,429014883742
1113;82,9901217708964
1114;82,5342359786229
1115;82,0920032173323
1116;81,6987952558727
1117;81,381413382926
1118;81,1434736725428
1119;80,9596225125143
1120;80,7870662170066
1121;80,5902568296362
1122;80,3608728733322
1123;80,1167968020408
1124;79,8816167472107
1125;79,6620254093966
1126;79,4386442163176
1127;79,1715790366287
1128;78,8125555130043
1129;78,317498734409
1130;77,6582252931512
1131;76,83080526014
1132;75,855172507639
1133;74,7642093452002
1134;73,5892189667295
1135;72,3516518805036
1136;71,063669038427
1137;69,7312056939094
1138;68,3526890312637
1139;66,9136401967679
1140;65,3838713776756
1141;63,7257585496755
1142;61,9200052031886
1143;60,0070482582128
1144;58,1241804935802
1145;56,5011893175447
1146;55,3869881854537
1147;54,9276729253947
1148;55,0698838063086
1149;55,5644326911347
1150;56,0773789900857
1151;56,3338478166926
1152;56,2016868849665
1153;55,681713712232
1154;54,8449962675661
1155;53,776538032971
1156;52,5483774517717
1157;51,2079413994953
1158;49,7675660218375
1159;48,2022670160779
1160;46,4685469768114
1161;44,5396640900542
1162;42,4362965244458
1163;40,2352380609299
1164;38,0561346880338
1165;36,0391822898865
1166;34,3267414123241
1167;33,0532165088004
1168;32,3386290451408
1169;32,2788020444346
1170;32,9303072975553
1171;34,2961319067404
1172;36,3202787491641
1173;38,8944923379893
1174;41,8743998783692
1175;45,1006231098574
1176;48,4208545992148
1177;51,70822160939
1178;54,8709208650326
1179;57,8508410538912
1180;60,613570765147
1181;63,1358945701628
1182;65,3963220290911
1183;67,367252930992
1184;68,9995456702163
1185;70,1972378058158
1186;70,8080721383396
1187;70,6757596872472
1188;69,7671089475142
1189;68,3038729556395
1190;66,7767685434084
1191;65,7788598117114
1192;65,7377016766743
1193;66,7205255725922
1194;68,4384035792862
1195;70,4250812040842
1196;72,25227401337
1197;73,6554710627449
1198;74,5418556027321
1199;74,9310468531809
1200;74,8893715895976
1201;74,487648333279
1202;73,7857462672956
1203;72,8368737673191
1204;71,6996302566186
1205;70,4426193506826
1206;69,1319111462911
1207;67,8059806741232
1208;66,4550529939422
1209;65,0210927141614
1210;63,4212382608648
1211;61,5817371836034
1212;59,4642186468077
1213;57,0762269526102
1214;54,4748220348865
1215;51,7776595572157
1216;49,1807062929225
1217;46,9593225509637
1218;45,4269212085922
1219;44,8529617023558
1220;45,3777795976037
1221;46,9718257609387
1222;49,4600451898552
1223;52,5905452736739
1224;56,1038225244753
1225;59,7690306142695
1226;63,3863535109985
1227;66,7801612182393
1228;69,8045153081531
1229;72,3570991200429
1230;74,3790102710579
1231;75,8280851927035
1232;76,6425477250344
1233;76,7283242202334
1234;75,9885993812266
1235;74,3819009365598
1236;71,9756903123462
1237;68,9691131934876
1238;65,678077264941
1239;62,4892047061906
1240;59,7932539298323
1241;57,9123812484426
1242;57,0408083135156
1243;57,217318202414
1244;58,3373239615607
1245;60,1979768352856
1246;62,5582204671549
1247;65,1913985106141
1248;67,9141649406424
1249;70,5895495449891
1250;73,1146966820134
1251;75,4072066961665
1252;77,3991274765249
1253;79,0408125497412
1254;80,3123988660486
1255;81,2369601705888
1256;81,8857585049639
1257;82,3672769771391
1258;82,8005568796619
1259;83,2832353757702
1260;83,8678517658296
1261;84,5554210528936
1262;85,3072893105605
1263;86,0681914017783
1264;86,7894098462521
1265;87,4429845137885
1266;88,0239803781822
1267;88,5423946647944
1268;89,0098180735823
1269;89,4288554147702
1270;89,7930418567787
1271;90,0983653209618
1272;90,3568823291792
1273;90,5979204170559
1274;90,8518123232127
1275;91,1279023430209
1276;91,4054570776921
1277;91,6453133284842
1278;91,8125908044433
1279;91,8931129278656
1280;91,8940046694142
1281;91,8334503007958
1282;91,7317483646967
1283;91,6088198230432
1284;91,4801746305841
1285;91,3396850655761
1286;91,134725770582
1287;90,7651914958267
1288;90,1388918697966
1289;89,2684438006664
1290;88,332993725486
1291;87,6276996318475
1292;87,4103831507792
1293;87,7519299624348
1294;88,5045808911724
1295;89,4060634326202
1296;90,2287957391789
1297;90,8640724736605
1298;91,3076425644548
1299;91,5970904003336
1300;91,7656703569944
1301;91,832811008607
1302;91,8128625042528
1303;91,7237345631884
1304;91,5946489540544
1305;91,4749159040309
1306;91,4341270699644
1307;91,5416134006874
1308;91,8303753633304
1309;92,2716532460046
1310;92,783758273178
1311;93,2716095429143
1312;93,668214745154
1313;93,9529593876137
1314;94,1420222072932
1315;94,2651034870262
1316;94,3468364079407
1317;94,4013626018602
1318;94,4354557725983
1319;94,452093498086
1320;94,4515947948534
1321;94,4324099366613
1322;94,3936466070439
1323;94,3380834704663
1324;94,2730846008644
1325;94,2077969512538
1326;94,14748526748
1327;94,0878920967794
1328;94,0140856657791
1329;93,9072216994979
1330;93,758056250117
1331;93,5802584635891
1332;93,4116841207306
1333;93,299169069832
1334;93,2746176595216
1335;93,3389482690738
1336;93,4640765443207
1337;93,6093504213504
1338;93,739336171879
1339;93,83278623893
1340;93,8820084970059
1341;93,8874112123254
1342;93,8515732401691
1343;93,774783423238
1344;93,6521633947457
1345;93,4743512452087
1346;93,2372840933934
1347;92,9611143983068
1348;92,7034234745094
1349;92,5460529779289
1350;92,5528888772404
1351;92,7264209561189
1352;93,0001344190654
1353;93,2737823854511
1354;93,461594471445
1355;93,522451242689
1356;93,4613313539237
1357;93,3150755074266
1358;93,1364696483496
1359;92,982062755166
1360;92,9015651970242
1361;92,9253741171104
1362;93,0505254190375
1363;93,2365686973943
1364;93,4247925945035
1365;93,5707170850932
1366;93,6598905749232
1367;93,6988174775446
1368;93,6995684658156
1369;93,6720482867592
1370;93,6234269117096
1371;93,558443475457
1372;93,47906252413
1373;93,3848792675248
1374;93,2754483304179
1375;93,1535802094244
1376;93,0235784518171
1377;92,8873946763941
1378;92,7436450554618
1379;92,5906808958946
1380;92,4284443996619
1381;92,257756843691
1382;92,0803134074507
1383;91,8994209765526
1384;91,7193708813239
1385;91,543566976331
1386;91,3746027047148
1387;91,2165975960393
1388;91,0766685413569
1389;90,9610098068211
1390;90,8693933574903
1391;90,7962848989952
1392;90,7367005893406
1393;90,690233947078
1394;90,6607946227676
1395;90,6521369466514
1396;90,6621266102363
1397;90,6804041701916
1398;90,6901815111601
1399;90,6752602683043
1400;90,6283510291678
1401;90,5552299562982
1402;90,4702818830104
1403;90,3899649421182
1404;90,3296609723325
1405;90,2983679452764
1406;90,2901078744899
1407;90,2811757254226
1408;90,2414040972381
1409;90,1492983903162
1410;90,0005942671952
1411;89,808053578254
1412;89,5903323593118
1413;89,3596064097056
1414;89,118846295442
1415;88,866823097524
1416;88,5982315289198
1417;88,2931897035584
1418;87,9128622593232
1419;87,4262220484512
1420;86,8452944911552
1421;86,19827916575
1422;85,4680495404438
1423;84,5918507543102
1424;83,5186058916212
1425;82,2570338683614
1426;80,8598385978908
1427;79,3595098199485
1428;77,7486820352976
1429;76,0419246616506
1430;74,3516551166566
1431;72,8797394647966
1432;71,8065651379292
1433;71,219774944269
1434;71,1689144256914
1435;71,7425391695804
1436;73,0144658701509
1437;74,8378396766608
1438;76,792575449523
1439;78,506769433067
1440;79,8897119822108
1441;81,0103369445102
1442;81,9260734818559
1443;82,6397718340256
1444;83,1409577576538
1445;83,4390503223601
1446;83,5607769484348
1447;83,5552139963509
1448;83,5300776081473
1449;83,6607420061878
1450;84,1140025809781
1451;84,9429725385256
1452;86,045099262514
1453;87,2130853019145
1454;88,2121166749506
1455;88,7897700205853
1456;88,6467542029163
1457;87,6160660956487
1458;86,095683873537
1459;84,897243569649
1460;84,4672029043379
1461;84,7550569959073
1462;85,5666369109803
1463;86,7494084535484
1464;88,1906144163257
1465;89,746871976921
1466;91,2167503294653
1467;92,4222397662119
1468;93,3028580025106
1469;93,9019667321228
1470;94,2941342512947
1471;94,5351931240746
1472;94,6543912630204
1473;94,6856309909964
1474;94,694275811876
1475;94,747767508104
1476;94,8702008637256
1477;95,0393318711668
1478;95,2128154989444
1479;95,3577261704243
1480;95,4624931217519
1481;95,5322295181052
1482;95,5779253461267
1483;95,6095481666233
1484;95,6341243784104
1485;95,6561966084894
1486;95,6783255525334
1487;95,7007418197933
1488;95,7237887947383
1489;95,7466376918456
1490;95,7698598774718
1491;95,797539055279
1492;95,8318269537549
1493;95,8708179921754
1494;95,9111941074178
1495;95,9500108039898
1496;95,9849215926845
1497;96,0159039369855
1498;96,0467689337779
1499;96,0817948345049
1500;96,1191147470855
1501;96,1531699695001
1502;96,1802865807274
1503;96,2003116604186
1504;96,2152339106499
1505;96,2270739729632
1506;96,2319332660281
1507;96,2190135421666
1508;96,1966383110878
1509;96,1886202669816
1510;96,1973516780786
1511;96,2092885353796
1512;96,2125604234549
1513;96,2043687888142
1514;96,1883124817501
1515;96,1677918485333
1516;96,1416086913468
1517;96,1093968211876
1518;96,0768182017178
1519;96,052330412355
1520;96,0387555629963
1521;96,0313334029591
1522;96,0228827279112
1523;96,0117317653227
1524;96,0008466054819
1525;95,9905696543931
1526;95,9789002554231
1527;95,9635351718102
1528;95,9442684730234
1529;95,9220512068369
1530;95,8967533027741
1531;95,8687507929997
1532;95,8386029839746
1533;95,8058729952386
1534;95,7739735147908
1535;95,750725731764
1536;95,7390624248308
1537;95,7341926410132
1538;95,7253303955942
1539;95,6994767518973
1540;95,6457626988743
1541;95,5729506028766
1542;95,509037963632
1543;95,4655467525286
1544;95,4351583035734
1545;95,4124248590063
1546;95,3974285263631
1547;95,3877459189768
1548;95,3762110918776
1549;95,3558594709262
1550;95,3259378660968
1551;95,2909715362558
1552;95,2530849843873
1553;95,2067974101408
1554;95,1467134675194
1555;95,0768257497726
1556;95,010554857232
1557;94,9581238510284
1558;94,9052814315462
1559;94,8166400113102
1560;94,7040871422719
1561;94,6179293726042
1562;94,5585518289678
1563;94,4995097648546
1564;94,4228910142681
1565;94,3254537662927
1566;94,2167385444144
1567;94,1052409805964
1568;93,9872723006468
1569;93,848607541369
1570;93,6847524775568
1571;93,5152874352042
1572;93,3644924534204
1573;93,2335153528541
1574;93,1004064757847
1575;92,9317889068959
1576;92,7069304250601
1577;92,4486467489119
1578;92,2043803935609
1579;91,9915485961361
1580;91,7919782248014
1581;91,5814530589373
1582;91,3485168137342
1583;91,099527134136
1584;90,8543694405654
1585;90,637750877661
1586;90,4733282538683
1587;90,3801490660692
1588;90,3690738591325
1589;90,4390443971599
1590;90,5799530369294
1591;90,7772670767944
1592;91,0156638821492
1593;91,2796149552796
1594;91,5515459546794
1595;91,8113313777055
1596;92,0402469741596
1597;92,2273803926059
1598;92,3722339501573
1599;92,4811799477536
1600;92,5612161297278
1601;92,6165543081257
1602;92,6489463381276
1603;92,6603649904145
1604;92,6557187307604
1605;92,6430933554574
1606;92,6317080864414
1607;92,6283993096548
1608;92,6366170301786
1609;92,6575300414436
1610;92,6900263477762
1611;92,7324997683335
1612;92,784028031323
1613;92,8454761920096
1614;92,9181660036044
1615;93,0003421465862
1616;93,0810162106246
1617;93,1422938825838
1618;93,1773212432163
1619;93,1970295872107
1620;93,2136881861377
1621;93,2261191959618
1622;93,217947098481
1623;93,1688221912438
1624;93,07727218405
1625;92,9692100573725
1626;92,8786587403914
1627;92,8314055239038
1628;92,8421011220602
1629;92,9099289351654
1630;93,014958639167
1631;93,1276394506272
1632;93,2242069115527
1633;93,290221182058
1634;93,3108840084657
1635;93,2632532750698
1636;93,1339826272453
1637;92,9536106385211
1638;92,7740381456878
1639;92,6185853213857
1640;92,4876767216591
1641;92,3807257949088
1642;92,3047951781036
1643;92,2688528168115
1644;92,2794584258078
1645;92,3409937948264
1646;92,4505699573743
1647;92,5886851728431
1648;92,7268263066229
1649;92,8545844226071
1650;92,9836023340628
1651;93,1363315192381
1652;93,3402368509136
1653;93,594170439008
1654;93,8376038502652
1655;94,022847399451
1656;94,1642315456996
1657;94,286456269595
1658;94,3979610493383
1659;94,4960970087188
1660;94,5806945427089
1661;94,6560173239337
1662;94,7239932397824
1663;94,7811917922333
1664;94,8272376838991
1665;94,8672133145446
1666;94,9059346856512
1667;94,9459827848875
1668;94,987527030761
1669;95,0290016873562
1670;95,0688666522722
1671;95,1081884890735
1672;95,1500781944931
1673;95,1968278816851
1674;95,2498652733804
1675;95,3092434413241
1676;95,3730077760627
1677;95,4394995913726
1678;95,5052280806517
1679;95,5653799350217
1680;95,6170178636559
1681;95,6634513497717
1682;95,7132218808438
1683;95,7715537554032
1684;95,8282088116806
1685;95,8686718805521
1686;95,8948973580994
1687;95,9174600087948
1688;95,9414326801951
1689;95,964333651986
1690;95,9802646213298
1691;95,9864219351233
1692;95,987589885135
1693;95,9894779309884
1694;95,9918273891593
1695;95,9887280997537
1696;95,9767568354849
1697;95,9624973055907
1698;95,956130789555
1699;95,9607853750424
1700;95,9692784577393
1701;95,9760508626342
1702;95,9850392025478
1703;95,9993289113516
1704;96,0153236240971
1705;96,0244730169252
1706;96,0206753261706
1707;96,0084438123672
1708;95,9957611191893
1709;95,9835521274924
1710;95,9674189979354
1711;95,9435747827642
1712;95,9124477279063
1713;95,876835681908
1714;95,8397125091474
1715;95,8020986791541
1716;95,7597564884937
1717;95,7047584162543
1718;95,6402871996021
1719;95,5848877312655
1720;95,5516868261121
1721;95,5366343112015
1722;95,5275085025801
1723;95,5125142370276
1724;95,4872569736528
1725;95,4564066515102
1726;95,4285404379046
1727;95,4079981506696
1728;95,3924875776985
1729;95,3803395920638
1730;95,3747304936909
1731;95,3844412736547
1732;95,4205150409372
1733;95,4873044289056
1734;95,5732125906781
1735;95,6560673809789
1736;95,7245954921491
1737;95,7853196653619
1738;95,8485121804546
1739;95,9161782176092
1740;95,9823265273746
1741;96,041032191775
1742;96,0910251753789
1743;96,1343662433889
1744;96,1732851101696
1745;96,2106636620236
1746;96,2504168343877
1747;96,2947826519932
1748;96,3427614755811
1749;96,3927804830398
1750;96,4440591490724
1751;96,4984486097963
1752;96,5567781376464
1753;96,6168715664341
1754;96,6786241696406
1755;96,742905576841
1756;96,8075605074791
1757;96,866861230907
1758;96,9168997479393
1759;96,9592175027422
1760;96,9990947067608
1761;97,0387190625468
1762;97,0750730168379
1763;97,1048321328576
1764;97,1263176370354
1765;97,1401371482484
1766;97,1465399526343
1767;97,1475112755556
1768;97,1494388859079
1769;97,1608534460831
1770;97,1847973271863
1771;97,2146169798168
1772;97,2381213438911
1773;97,2511578898102
1774;97,2612797504337
1775;97,2744206446441
1776;97,2876319997268
1777;97,2945770835395
1778;97,292242830523
1779;97,2835685838178
1780;97,274197337703
1781;97,2663382707183
1782;97,2596097415459
1783;97,2542337238403
1784;97,2512498327704
1785;97,250946569575
1786;97,2495273826744
1787;97,2434677896402
1788;97,2330409172047
1789;97,2226853562298
1790;97,2171684017966
1791;97,2171264269718
1792;97,2190938732837
1793;97,2210207917435
1794;97,2261276070222
1795;97,2379948330898
1796;97,2552607227662
1797;97,2725424406601
1798;97,2838038487538
1799;97,2874071150143
1800;97,2877886420819
1801;97,2924640363573
1802;97,3067815603677
1803;97,3297073744158
1804;97,354106984908
1805;97,3722661576328
1806;97,3806837919317
1807;97,3828515398494
1808;97,3858590283924
1809;97,3949983042327
1810;97,4108830280156
1811;97,4313038247724
1812;97,4549489844295
1813;97,4822027870389
1814;97,5117381381902
1815;97,5364361986963
1816;97,545275113385
1817;97,5317923987456
1818;97,4998556891121
1819;97,4618437219089
1820;97,4294366279466
1821;97,4070951334307
1822;97,3935391425757
1823;97,3852967335312
1824;97,3800160743023
1825;97,3779687698016
1826;97,3812635755119
1827;97,3905139310503
1828;97,4022631571196
1829;97,4104268065711
1830;97,4112903098535
1831;97,409062327099
1832;97,4122875004517
1833;97,4247129081872
1834;97,4430949182886
1835;97,4611438765805
1836;97,4748561027968
1837;97,483277945382
1838;97,4865847859502
1839;97,4860738909515
1840;97,4838931162143
1841;97,4815926010228
1842;97,4783708361475
1843;97,470864666288
1844;97,4584575109793
1845;97,4477996379041
1846;97,4481916607143
1847;97,4622094718979
1848;97,4843912177987
1849;97,5064364018654
1850;97,5217961760735
1851;97,5282972926302
1852;97,5277636726803
1853;97,5243960877715
1854;97,5223440256009
1855;97,523727473229
1856;97,528086556241
1857;97,5318011576528
1858;97,5317106335768
1859;97,5274045541268
1860;97,5212171661415
1861;97,516156177553
1862;97,5139070049848
1863;97,5137274919763
1864;97,513481004669
1865;97,5113607971969
1866;97,506661531975
1867;97,4989781702348
1868;97,488189192221
1869;97,4773873816928
1870;97,4741762583805
1871;97,4844538803412
1872;97,5056656759071
1873;97,5282942993126
1874;97,5428276676396
1875;97,5464342248512
1876;97,5444157677578
1877;97,5442101026514
1878;97,5472952906435
1879;97,5474569102654
1880;97,5378643156974
1881;97,5196700968549
1882;97,5022744506835
1883;97,495386644749
1884;97,501368358603
1885;97,5143756160332
1886;97,526327813948
1887;97,5325942338691
1888;97,5319202720194
1889;97,5238367143562
1890;97,5086608780316
1891;97,4895966408116
1892;97,472026415485
1893;97,459855362785
1894;97,452896282404
1895;97,4475789264485
1896;97,4405294842018
1897;97,4317937032147
1898;97,4245469497388
1899;97,4217267962688
1900;97,4224173868308
1901;97,4210428187628
1902;97,4105049150516
1903;97,3878371042537
1904;97,358853650732
1905;97,3358712567782
1906;97,3293712731993
1907;97,3395985563836
1908;97,3545219610491
1909;97,3581047051019
1910;97,3431675013503
1911;97,3163619609707
1912;97,2928784954471
1913;97,2851368264074
1914;97,2956554980294
1915;97,3173352464425
1916;97,3382673592577
1917;97,348895185707
1918;97,3485953033762
1919;97,3461567670254
1920;97,3509292373587
1921;97,3641128117803
1922;97,3802380854039
1923;97,3949875085162
1924;97,4105230748313
1925;97,4314752768309
1926;97,4570767385148
1927;97,4801569613966
1928;97,4935445149199
1929;97,4966971641108
1930;97,4962479434282
1931;97,5000107532395
1932;97,5119434641634
1933;97,5294165059196
1934;97,5459139830975
1935;97,5563059195496
1936;97,5605563100004
1937;97,5636356114252
1938;97,5699818978803
1939;97,5788682921494
1940;97,5861049321261
1941;97,5903711959614
1942;97,5965078750945
1943;97,6109141522462
1944;97,6331977193925
1945;97,6543786878815
1946;97,6649804280498
1947;97,6640803915429
1948;97,6596213143891
1949;97,6601804414343
1950;97,6658661239784
1951;97,6669546783958
1952;97,6522004742475
1953;97,6207350421594
1954;97,5876018254855
1955;97,5756870241983
1956;97,5989276605056
1957;97,6506923925446
1958;97,7082185189702
1959;97,7507002845955
1960;97,7736630993802
1961;97,7859036284996
1962;97,7949744657134
1963;97,7996342518551
1964;97,7966686097668
1965;97,7896695759156
1966;97,7866203570005
1967;97,7896180812326
1968;97,790725679237
1969;97,7801112515861
1970;97,7569702764662
1971;97,7315363063874
1972;97,7171051111748
1973;97,718588445941
1974;97,7245901757384
1975;97,7094102339225
1976;97,6479824220621
1977;97,5369436832171
1978;97,4039316039962
1979;97,2913980570113
1980;97,2269479638885
1981;97,2091717428561
1982;97,2183125291466
1983;97,2349890005888
1984;97,2494645025428
1985;97,259222437287
1986;97,2650077420522
1987;97,2703816526754
1988;97,2817890953876
1989;97,3046579751024
1990;97,3381701004416
1991;97,3749484269233
1992;97,4069113331059
1993;97,4314907864811
1994;97,4520542877165
1995;97,4740106102179
1996;97,5026679715465
1997;97,5438482916913
1998;97,602581937626
1999;97,6784514334655
2000;97,7629263705273
2001;97,8435402331325
2002;97,9110956770901
2003;97,9610609130207
2004;97,9876953114916
2005;97,9805723665345
2006;97,9330488768042
2007;97,8549720614816
2008;97,7733759717914
2009;97,7157161728503
2010;97,6918737305131
2011;97,6936428787763
2012;97,7083467482923
2013;97,7294756991681
2014;97,7549114321149
2015;97,7794793021209
2016;97,7929498481527
2017;97,7863356137234
2018;97,7596276691104
2019;97,7228410225443
2020;97,6892262643296
2021;97,6670587659759
2022;97,6568151550043
2023;97,6548833405334
2024;97,6589774030444
2025;97,66945077292
2026;97,6861052103885
2027;97,7057281931301
2028;97,7241362176887
2029;97,7393006382817
2030;97,7501704477848
2031;97,752251626485
2032;97,7363897083892
2033;97,6952847896314
2034;97,6329526222126
2035;97,5676664206897
2036;97,5229482127299
2037;97,5118344187142
2038;97,5271613059482
2039;97,5467074492275
2040;97,5496234971597
2041;97,530689605014
2042;97,5009177196394
2043;97,4756450131808
2044;97,4615589067486
2045;97,4517632792376
2046;97,4297979590638
2047;97,3808940758552
2048;97,3077722374539
2049;97,2398226776348
2050;97,2198054939155
2051;97,2713981788378
2052;97,3771143108854
2053;97,4892508851542
2054;97,5635465520459
2055;97,5860546360759
2056;97,5725495872648
2057;97,5463545880141
2058;97,519315302783
2059;97,4917410166753
2060;97,4635118772609
2061;97,440518257229
2062;97,4308461139133
2063;97,4365672066971
2064;97,4492942612561
2065;97,454168266166
2066;97,4411088082076
2067;97,4146323207316
2068;97,3916180060103
2069;97,387170725246
2070;97,4022378589453
2071;97,4254430594924
2072;97,4455174785856
2073;97,4591637259105
2074;97,4669238311112
2075;97,4659087950298
2076;97,451160311894
2077;97,4237829517417
2078;97,3938808630533
2079;97,3734698092956
2080;97,3672528817021
2081;97,3713946474275
2082;97,3800636251927
2083;97,3913620414002
2084;97,4074094707936
2085;97,4306795668818
2086;97,4612202404796
2087;97,4963949493991
2088;97,5323535053195
2089;97,5664414053547
2090;97,599429829836
2091;97,6350130320085
2092;97,6750940061413
2093;97,7141463536729
2094;97,7391737937208
2095;97,7379762573287
2096;97,7097355089614
2097;97,6676166980502
2098;97,6297499042837
2099;97,6066717503108
2100;97,5964639963464
2101;97,5904543876924
2102;97,5823865057876
2103;97,5723850968065
2104;97,5637688429515
2105;97,5575757959244
2106;97,5510203231687
2107;97,5411198694335
2108;97,5292773346198
2109;97,5219428580796
2110;97,5265195469518
2111;97,5461483399885
2112;97,5775378699472
2113;97,6129474324359
2114;97,6442600723019
2115;97,6663402238661
2116;97,6782576889729
2117;97,682653398815
2118;97,6842437678722
2119;97,6880370943783
2120;97,6972403427795
2121;97,7113444572857
2122;97,7261633971418
2123;97,7372841670345
2124;97,7451625157579
2125;97,7570694437469
2126;97,7829228715906
2127;97,8280221302636
2128;97,8890876945311
2129;97,9563610036498
2130;98,0182695630245
2131;98,0638969079061
2132;98,0829614750318
2133;98,0669120915846
2134;98,0133762874159
2135;97,9317319882546
2136;97,8449267205204
2137;97,7839526884072
2138;97,7754919581932
2139;97,8278619077486
2140;97,9232096000326
2141;98,0227143062125
2142;98,0848093541884
2143;98,0869489932208
2144;98,0371213799292
2145;97,9674023266106
2146;97,914186183384
2147;97,898373906892
2148;97,9177222648684
2149;97,9544502942817
2150;97,9907646893984
2151;98,0208491624902
2152;98,0526098702293
2153;98,0995229240616
2154;98,1661141084658
2155;98,232899760265
2156;98,2517620024518
2157;98,1646801722996
2158;97,946045812482
2159;97,6401301639649
2160;97,3485037806813
2161;97,1636231142798
2162;97,1123717516179
2163;97,1602305392495
2164;97,2518471167969
2165;97,3414791203913
2166;97,401271132031
2167;97,420951870287
2168;97,4079680076566
2169;97,3837934416004
2170;97,3714713421312
2171;97,3799989079191
2172;97,3972647107088
2173;97,3980035832584
2174;97,3623677487897
2175;97,2928561165064
2176;97,2167140307383
2177;97,1696729091679
2178;97,1719240068498
2179;97,2152564420726
2180;97,2706076792259
2181;97,3074816213013
2182;97,3091380600132
2183;97,2751166108179
2184;97,2152832250611
2185;97,1440196830322
2186;97,0773662355841
2187;97,030055804594
2188;97,011059382834
2189;97,0204767321095
2190;97,0501572119154
2191;97,0868664264784
2192;97,1162730801398
2193;97,1282237350171
2194;97,1227550951004
2195;97,1116777806657
2196;97,1107055358001
2197;97,1262804878516
2198;97,1496964950162
2199;97,165841626262
2200;97,1680562463939
2201;97,1630257220566
2202;97,1610636522972
2203;97,1643281856687
2204;97,1668451945827
2205;97,1646985869103
2206;97,16285221006
2207;97,1710375687436
2208;97,1949846553422
2209;97,2325686445119
2210;97,2758405580424
2211;97,3136770271524
2212;97,3335244708258
2213;97,3257471176133
2214;97,2909391317782
2215;97,2434973204822
2216;97,2052540496382
2217;97,192175535492
2218;97,204389403179
2219;97,2270221807663
2220;97,2403346886081
2221;97,2314220413162
2222;97,2004426151025
2223;97,1589238499466
2224;97,1223010579194
2225;97,1016303993587
2226;97,0994878781214
2227;97,1116853230976
2228;97,1316056198078
2229;97,1526708936441
2230;97,1682988439164
2231;97,172662347643
2232;97,1638336157945
2233;97,1457933530444
2234;97,1254301960414
2235;97,1067872717942
2236;97,0892026504269
2237;97,0714921770674
2238;97,0564454190349
2239;97,0492081249398
2240;97,0510107819597
2241;97,0556978068809
2242;97,0534885885007
2243;97,0385012052171
2244;97,0131907434508
2245;96,9861539111408
2246;96,9654490462791
2247;96,9528855289704
2248;96,9440813798026
2249;96,9345349511626
2250;96,92599967535
2251;96,9260359871674
2252;96,9399705796577
2253;96,9631837651632
2254;96,9826972151344
2255;96,9876861212944
2256;96,9790179479598
2257;96,9689215413406
2258;96,9716693140601
2259;96,9941955445318
2260;97,0334230049104
2261;97,0795008317424
2262;97,1204243054668
2263;97,145279394215
2264;97,1473621566696
2265;97,1277960324744
2266;97,0970559359304
2267;97,0705221258207
2268;97,0589879275409
2269;97,0618541964394
2270;97,0697783524516
2271;97,0747442697964
2272;97,0772426469582
2273;97,0833774380799
2274;97,0956493845402
2275;97,1080301036856
2276;97,1104753593147
2277;97,097849133946
2278;97,073991632551
2279;97,047895009514
2280;97,0265848841266
2281;97,0111519392908
2282;96,9983656087866
2283;96,985064187614
2284;96,9717960070441
2285;96,9628090412743
2286;96,9630097795494
2287;96,9738868433361
2288;96,9920112406821
2289;97,0112931389088
2290;97,0272733958804
2291;97,0396341674266
2292;97,0507923040327
2293;97,0627014207203
2294;97,074641563734
2295;97,0844115771185
2296;97,0902410735196
2297;97,092638375744
2298;97,0934902584985
2299;97,0952932626348
2300;97,099341789648
2301;97,1057172997442
2302;97,1132423761023
2303;97,1209771725124
2304;97,1286949514208
2305;97,1367271182304
2306;97,1448079594023
2307;97,1520334051072
2308;97,1578150899004
2309;97,1627091477856
2310;97,1667268891919
2311;97,1681454788367
2312;97,1637747084068
2313;97,153499524136
2314;97,1412991947752
2315;97,1330979964386
2316;97,1298479004951
2317;97,1262785618063
2318;97,1128123431167
2319;97,0823330446869
2320;97,0332073592985
2321;96,9720793836783
2322;96,913817218481
2323;96,8790779585564
2324;96,8855218809374
2325;96,9359532759096
2326;97,0155931938923
2327;97,1001459291912
2328;97,1695679157585
2329;97,2167808319942
2330;97,2435028789692
2331;97,2538436078448
2332;97,248548655525
2333;97,2325798021242
2334;97,216057103918
2335;97,2085720451289
2336;97,2099318221227
2337;97,2100711513572
2338;97,2004037367017
2339;97,182091454413
2340;97,1647081434901
2341;97,1568913953907
2342;97,1620232065608
2343;97,1787860620701
2344;97,203862965336
2345;97,2303608040442
2346;97,2504194643122
2347;97,2598269190505
2348;97,263401161409
2349;97,2707402532927
2350;97,2854080803713
2351;97,3013108874108
2352;97,3064611035813
2353;97,297250979837
2354;97,2872517691337
2355;97,2962893684508
2356;97,3294941183207
2357;97,3694812032656
2358;97,3912218813106
2359;97,3790174520731
2360;97,3356851741168
2361;97,2806264155448
2362;97,237661334173
2363;97,220679669196
2364;97,2267469350298
2365;97,2456449602544
2366;97,2731023108165
2367;97,3113547010519
2368;97,3594545356989
2369;97,4072918974564
2370;97,4407864880135
2371;97,4512022343667
2372;97,4393106242886
2373;97,413472266668
2374;97,3853972177103
2375;97,3652862977186
2376;97,3572692820503
2377;97,3579666252256
2378;97,3600666009832
2379;97,3581839092442
2380;97,3519190714084
2381;97,3443579941382
2382;97,3388059393114
2383;97,3370774711061
2384;97,3395969211984
2385;97,345639851923
2386;97,3531831301536
2387;97,3593778105088
2388;97,3621086698399
2389;97,3613122083742
2390;97,35857869049
2391;97,3555729550736
2392;97,3531657826075
2393;97,3519006434365
2394;97,352384461109
2395;97,3544608579589
2396;97,356215366982
2397;97,3547053644252
2398;97,3483384084333
2399;97,3386036165411
2400;97,3292558241554
2401;97,3235803314407
2402;97,3221526739982
2403;97,3228282030739
2404;97,3226351345726
2405;97,319765995125
2406;97,3140298971057
2407;97,3057054357741
2408;97,2944034295947
2409;97,2796214863033
2410;97,2626769202229
2411;97,2476569056414
2412;97,239601789579
2413;97,2411076463452
2414;97,2504771102162
2415;97,2630342254534
2416;97,2740598889642
2417;97,2807327788844
2418;97,28230850738
2419;97,2796027684326
2420;97,2745410372911
2421;97,2694075558698
2422;97,2656307521159
2423;97,2629938349939
2424;97,2601230085643
2425;97,2558433373846
2426;97,2502435788648
2427;97,24475859969
2428;97,2412546675392
2429;97,240476135021
2430;97,2408974244239
2431;97,2395600321878
2432;97,2350990170859
2433;97,2301780021294
2434;97,2298387353028
2435;97,2362545661194
2436;97,2452358987384
2437;97,2489501146779
2438;97,2425869765392
2439;97,2279679283513
2440;97,2106152331427
2441;97,194413934399
2442;97,1802007217704
2443;97,1688489341349
2444;97,1634538437943
2445;97,1667550600325
2446;97,1767092696858
2447;97,1861958970964
2448;97,1882687163894
2449;97,1817845034534
2450;97,1716198253336
2451;97,1635435461327
2452;97,1593456982832
2453;97,1569492556317
2454;97,1544471969848
2455;97,1530606347655
2456;97,1560875176204
2457;97,1659510824074
2458;97,1830801256547
2459;97,2069616093032
2460;97,236409902195
2461;97,2677761177584
2462;97,294074470169
2463;97,3081982562767
2464;97,3082305581473
2465;97,2991625235778
2466;97,288774169471
2467;97,282027888083
2468;97,2794173845887
2469;97,2792522695958
2470;97,2796316525597
2471;97,2782167498087
2472;97,2722883889626
2473;97,2609346899426
2474;97,2468702019367
2475;97,2346153915188
2476;97,2263962285925
2477;97,2205359633278
2478;97,2141993938074
2479;97,2070293550394
2480;97,2015204344606
2481;97,2002258227766
2482;97,2031502601481
2483;97,2075928727083
2484;97,2099855302805
2485;97,2082296750885
2486;97,2032150240563
2487;97,1982536190082
2488;97,1960973910242
2489;97,1957782892903
2490;97,1928436355376
2491;97,18358190272
2492;97,1690863258854
2493;97,1546217472036
2494;97,1449527643242
2495;97,1407774470992
2496;97,1396299596022
2497;97,1392590632122
2498;97,139403271335
2499;97,1408111646147
2500;97,1435831431661
2501;97,1467188823857
2502;97,1488224603684
2503;97,1492569613923
2504;97,1492362380289
2505;97,1519222661733
2506;97,1604095518423
2507;97,1744326443174
2508;97,1889716681198
2509;97,1969683355524
2510;97,1942289612292
2511;97,1821632475106
2512;97,1663268539455
2513;97,1528019005614
2514;97,1454193992864
2515;97,1446218185547
2516;97,1471987301907
2517;97,1470302904647
2518;97,1378587748056
2519;97,1176184295164
2520;97,0913274329523
2521;97,0694136787739
2522;97,0615405779669
2523;97,069944245488
2524;97,0874198892523
2525;97,1020678725566
2526;97,1056830806395
2527;97,0993843378709
2528;97,0919591775705
2529;97,0923171916309
2530;97,1023797249232
2531;97,1161335777279
2532;97,125089029156
2533;97,1250284924068
2534;97,1184586889345
2535;97,1115343334846
2536;97,1089874273156
2537;97,1114773631322
2538;97,1166519039026
2539;97,1218154718178
2540;97,1256020739037
2541;97,1279819266439
2542;97,1295407893272
2543;97,1308964234873
2544;97,1324291437753
2545;97,1343328571014
2546;97,1369044031365
2547;97,1404936528939
2548;97,1445929038224
2549;97,1468895893822
2550;97,1441312752588
2551;97,1351766283448
2552;97,1236080344389
2553;97,1165781694742
2554;97,1198376483547
2555;97,1329099805665
2556;97,1487469705268
2557;97,1584683238173
2558;97,1575655614022
2559;97,1487830824704
2560;97,1394667688494
2561;97,1355100477067
2562;97,1369298843026
2563;97,1388727988884
2564;97,136889736886
2565;97,1311085813167
2566;97,1252406347214
2567;97,1221708713337
2568;97,1214858065814
2569;97,1212910667844
2570;97,1210324237267
2571;97,12121147661
2572;97,1207620900444
2573;97,116511046216
2574;97,1063960195149
2575;97,0926613905769
2576;97,0806269991828
2577;97,0738450140497
2578;97,0708076137135
2579;97,0664883928126
2580;97,0566734530219
2581;97,0407577717999
2582;97,0212674664031
2583;97,0017041032475
2584;96,9846475349631
2585;96,9705784087784
2586;96,9575865886839
2587;96,9428430003446
2588;96,9258022294568
2589;96,9105112048662
2590;96,9038416096828
2591;96,9101139796582
2592;96,9269147447722
2593;96,9463641939894
2594;96,9606613811988
2595;96,9665659389661
2596;96,9653886865399
2597;96,9602644348186
2598;96,9544014903609
2599;96,9510420798778
2600;96,9529445888068
2601;96,9604395040825
2602;96,9702226277771
2603;96,9771865601801
2604;96,9783064608557
2605;96,9751440454184
2606;96,9727773146532
2607;96,976151129684
2608;96,9866246098229
2609;97,0009590033965
2610;97,0133027545198
2611;97,0189351514787
2612;97,0172324546344
2613;97,0116455485594
2614;97,0067932890206
2615;97,0052406978536
2616;97,0065460183601
2617;97,0087715582439
2618;97,0105425053958
2619;97,0118936782454
2620;97,0137234577928
2621;97,0167559550719
2622;97,0209148982724
2623;97,0255099462962
2624;97,0299971062493
2625;97,0344894837136
2626;97,0393006343578
2627;97,0438843263305
2628;97,0464690610099
2629;97,0450911073859
2630;97,0390987852781
2631;97,0295550242931
2632;97,0181646129577
2633;97,005884315292
2634;96,9924844757896
2635;96,9772270671228
2636;96,9599345562055
2637;96,9416658139764
2638;96,924534993716
2639;96,9106253254301
2640;96,9005918400185
2641;96,8930578569198
2642;96,8854569816184
2643;96,8756461965714
2644;96,862822063064
2645;96,8470614765317
2646;96,8283817589782
2647;96,8066888435785
2648;96,7827242635098
2649;96,7585815697248
2650;96,7364144409526
2651;96,7157591785946
2652;96,6916006998037
2653;96,6551181722894
2654;96,5971280553036
2655;96,5125700401475
2656;96,4043002348452
2657;96,2851841871688
2658;96,177496074131
2659;96,1081499633208
2660;96,0994424634131
2661;96,1584636275395
2662;96,2714192230602
2663;96,40773540845
2664;96,5329155716001
2665;96,6230628517139
2666;96,6729571748953
2667;96,6940600172022
2668;96,7051957276309
2669;96,7221339456748
2670;96,7514777750581
2671;96,7906979565435
2672;96,8326628618661
2673;96,8711508616314
2674;96,9040906866627
2675;96,9331701684905
2676;96,96095887826
2677;96,988176795332
2678;97,0131870153881
2679;97,0337128392472
2680;97,0490012857879
2681;97,0606015726111
2682;97,0713215564591
2683;97,0833484763649
2684;97,0969038251882
2685;97,1101798045069
2686;97,1203835900671
2687;97,1251260272771
2688;97,1234801278221
2689;97,1164849466775
2690;97,1070491732981
2691;97,098994970648
2692;97,095186504973
2693;97,0958060075987
2694;97,098528036995
2695;97,1009232529938
2696;97,10277068983
2697;97,1055571665918
2698;97,1096171087131
2699;97,1125617443298
2700;97,1113855235819
2701;97,1060297033593
2702;97,100047256737
2703;97,0973719613717
2704;97,0988256336192
2705;97,1021056737377
2706;97,1047676625209
2707;97,1066803490155
2708;97,1097963151998
2709;97,116233011777
2710;97,1266843986022
2711;97,1399607923799
2712;97,1534524471421
2713;97,164343774072
2714;97,1712226224516
2715;97,1749579677517
2716;97,177809014822
2717;97,181300438173
2718;97,184826815035
2719;97,1863550182378
2720;97,18448097025
2721;97,1797745585366
2722;97,1741732804081
2723;97,1692098026288
2724;97,1649537782809
2725;97,1606383356996
2726;97,1560292799336
2727;97,1518245774089
2728;97,1486825004765
2729;97,1463040768566
2730;97,1439444316091
2731;97,1417423560746
2732;97,1409913291104
2733;97,1427906706694
2734;97,1467159434348
2735;97,1511949754384
2736;97,1550793412236
2737;97,1584921108003
2738;97,1621921267556
2739;97,1665832352364
2740;97,1715262422529
2741;97,1766728797622
2742;97,1814689714973
2743;97,1848802978758
2744;97,1855925237127
2745;97,182863041021
2746;97,1773307310063
2747;97,1710932722721
2748;97,1669181370763
2749;97,1668381839865
2750;97,1707487509072
2751;97,1760605056064
2752;97,1791413107122
2753;97,1777475708689
2754;97,1723585074394
2755;97,1651871256222
2756;97,1580150848651
2757;97,1511392444128
2758;97,1442529535929
2759;97,1378587411716
2760;97,133402650872
2761;97,1319365531332
2762;97,132705081344
2763;97,1330550850023
2764;97,1297775392466
2765;97,1207908881554
2766;97,1059063994936
2767;97,0862763777802
2768;97,0632373977848
2769;97,0376723878987
2770;97,0103837827898
2771;96,9829042071796
2772;96,9576736209335
2773;96,9370473260031
2774;96,9217240557312
2775;96,9099389717947
2776;96,8983336822256
2777;96,8839807094994
2778;96,8659119241983
2779;96,8450068435128
2780;96,8227612961001
2781;96,800364471936
2782;96,7786405619165
2783;96,7581563708598
2784;96,7389138545751
2785;96,720076729438
2786;96,7002665797363
2787;96,6779643352392
2788;96,6513732092886
2789;96,6183717166968
2790;96,5778368795828
2791;96,531969368981
2792;96,4871396088921
2793;96,4513929661304
2794;96,4299784801171
2795;96,4224619082894
2796;96,4235971660923
2797;96,4268656046199
2798;96,4277866303763
2799;96,4250312836411
2800;96,4194691307854
2801;96,4125790567112
2802;96,4055110326681
2803;96,3990744373826
2804;96,3940491983288
2805;96,3911366784566
2806;96,3905233602294
2807;96,3916186193719
2808;96,3933807381204
2809;96,3949931361905
2810;96,3962542829019
2811;96,3972624763354
2812;96,3975892044112
2813;96,3956923517089
2814;96,3893453763638
2815;96,377026385915
2816;96,3590329579085
2817;96,3369708448655
2818;96,3118679289652
2819;96,282944661958
2820;96,248654239292
2821;96,209049030931
2822;96,1667912832551
2823;96,1254551531918
2824;96,0866644338595
2825;96,0486692141758
2826;96,0072655340192
2827;95,9578804541795
2828;95,8973948641739
2829;95,8252349139229
2830;95,7435840475311
2831;95,6561638612841
2832;95,565457981853
2833;95,4698646394803
2834;95,3631481673399
2835;95,2369997231878
2836;95,0846244085859
2837;94,9021119856259
2838;94,686441938142
2839;94,4321768548649
2840;94,1297168622328
2841;93,7656338227147
2842;93,3230528149422
2843;92,7802550768326
2844;92,1081873285883
2845;91,2695005427831
2846;90,2219280754275
2847;88,9288414658324
2848;87,3798309660729
2849;85,6201735453372
2850;83,7773429557868
2851;82,0618261619045
2852;80,7229525962387
2853;79,9651674451597
2854;79,8626686602286
2855;80,3233872190935
2856;81,1300425032798
2857;82,0387695854378
2858;82,8786565827843
2859;83,596704481131
2860;84,2316646471273
2861;84,8468198415948
2862;85,4722495700827
2863;86,0903714045465
2864;86,6622510162626
2865;87,1654633461128
2866;87,6140641833583
2867;88,0510266288711
2868;88,523896955126
2869;89,0615239273111
2870;89,6636539083724
2871;90,3047216972944
2872;90,9461261461344
2873;91,5496920043113
2874;92,0870804167584
2875;92,5433203183485
2876;92,9155796331102
2877;93,2096408514672
2878;93,4361126287358
2879;93,6072141404198
2880;93,7342462580414
2881;93,8259919723789
2882;93,8885119177363
2883;93,9262613350794
2884;93,943339892652
2885;93,9433120401662
2886;93,9273516160151
2887;93,8925804213559
2888;93,8330126210988
2889;93,7433122779006
2890;93,6225480551155
2891;93,4745602540754
2892;93,304364349282
2893;93,1134470367374
2894;92,8976070435336
2895;92,6486917413689
2896;92,3585606006934
2897;92,02225973312
2898;91,6384277310212
2899;91,2073436275896
2900;90,7285335104702
2901;90,1987992759457
2902;89,609234352869
2903;88,9400101450125
2904;88,1589488020181
2905;87,2325926683109
2906;86,1550322211553
2907;84,9807170699752
2908;83,8339310628304
2909;82,8756069136526
2910;82,2381311188467
2911;81,9660659175328
2912;81,9998111865641
2913;82,2099778294704
2914;82,4575179064133
2915;82,6447673781096
2916;82,7372012585082
2917;82,7567644117485
2918;82,7576999769074
2919;82,7962932036433
2920;82,904344751503
2921;83,0756181463212
2922;83,2701162098119
2923;83,4321757857821
2924;83,5105312656512
2925;83,468843152536
2926;83,2836682367329
2927;82,9370507926176
2928;82,4151837690407
2929;81,7196619621596
2930;80,8870021176218
2931;80,0024301850839
2932;79,1940691746088
2933;78,6042850951385
2934;78,3495465992128
2935;78,4869127494789
2936;79,0009191947522
2937;79,8135893639797
2938;80,8118829008929
2939;81,8818563511995
2940;82,9366526249212
2941;83,9265826763422
2942;84,8285735359748
2943;85,6248556766236
2944;86,2877324885968
2945;86,7815702886892
2946;87,0793157833462
2947;87,1807778237476
2948;87,1205323964964
2949;86,9613849549967
2950;86,7770963206949
2951;86,6315814224627
2952;86,5623689017428
2953;86,5749572192425
2954;86,6518510920428
2955;86,7733623705888
2956;86,9396007086141
2957;87,1803821545145
2958;87,5458051125662
2959;88,0817743936745
2960;88,8039292179934
2961;89,6845040523199
2962;90,658973690947
2963;91,6476628277991
2964;92,5799434019498
2965;93,4091364856574
2966;94,1143465551852
2967;94,694126008453
2968;95,1593819327502
2969;95,528492018896
2970;95,8227757381432
2971;96,0609536322114
2972;96,2551509652178
2973;96,4116879716473
2974;96,5356731770786
2975;96,6343359101335
2976;96,7157679787367
2977;96,7853450942596
2978;96,8447741320143
2979;96,8949989814316
2980;96,9390654297192
2981;96,9811096546912
2982;97,0228036157259
2983;97,0620050902234
2984;97,0955115675246
2985;97,1225459274285
2986;97,1448408359952
2987;97,1637138894918
2988;97,1782421017652
2989;97,1868534441204
2990;97,1901182319621
2991;97,1912593127648
2992;97,1940914815479
2993;97,2009851896639
2994;97,2126058341003
2995;97,2285602132118
2996;97,2474825060003
2997;97,2666897836978
2998;97,2826026960809
2999;97,292294006076
3000;97,2952022774444
3001;97,2937531482768
3002;97,292326259657
3003;97,2949353344797
3004;97,3029471816206
3005;97,3144498625454
3006;97,32580342426
3007;97,3339980689542
3008;97,3378225976364
3009;97,3374024177117
3010;97,3334116965267
3011;97,3269868614327
3012;97,3198354419913
3013;97,3137457123483
3014;97,3099078926429
3015;97,3090027181527
3016;97,3118126610416
3017;97,3190963109024
3018;97,3304435683996
3019;97,3435333071162
3020;97,3551052361745
3021;97,3629797608203
3022;97,3672181219088
3023;97,3694684444787
3024;97,3713385356194
3025;97,3732722703564
3026;97,3746525331088
3027;97,3747548793492
3028;97,3736544110367
3029;97,3723407189741
3030;97,3718235148171
3031;97,3718232426966
3032;97,3703357984819
3033;97,3650168740963
3034;97,3556162184447
3035;97,34520865396
3036;97,3386568086219
3037;97,3393395409078
3038;97,3469966173606
3039;97,3584452351865
3040;97,3700253177738
3041;97,3791754334152
3042;97,3841997614574
3043;97,3837721979458
3044;97,3777547012831
3045;97,3684710734268
3046;97,360153773334
3047;97,3561251631044
3048;97,3563153703475
3049;97,3578273904823
3050;97,3579529425529
3051;97,3562863536458
3052;97,3538511440355
3053;97,3509046072378
3054;97,3463967554722
3055;97,3394247217036
3056;97,3302703350522
3057;97,3194997180814
3058;97,3066825666979
3059;97,2909281602434
3060;97,2726379736069
3061;97,2539272815233
3062;97,2370769192363
3063;97,2232004055869
3064;97,2127623811244
3065;97,2066234350876
3066;97,2054897910496
3067;97,2082718035457
3068;97,2118195436008
3069;97,2127749532384
3070;97,2095429225586
3071;97,2026481166538
3072;97,1941120200338
3073;97,1870765365438
3074;97,185319470344
3075;97,1917808171156
3076;97,2068379757463
3077;97,2280172200714
3078;97,2512703547854
3079;97,2722390484143
3080;97,2867271805133
3081;97,2915119706026
3082;97,2861774382284
3083;97,2743007630049
3084;97,2618588990305
3085;97,2534867084972
3086;97,2498260546905
3087;97,248272042828
3088;97,2460236150144
3089;97,2423193121628
3090;97,2380959167177
3091;97,2341689590906
3092;97,2302240534497
3093;97,2255187381712
3094;97,2200868056705
3095;97,2148193955966
3096;97,2103996826357
3097;97,2065816354663
3098;97,2026791540395
3099;97,1982200415373
3100;97,1924373150402
3101;97,1833543323899
3102;97,1686561822909
3103;97,1486207531615
3104;97,1280723697129
3105;97,1142987375502
3106;97,1120658077317
3107;97,1203638530253
3108;97,1339725872834
3109;97,1478988798282
3110;97,1600276126388
3111;97,1699279012114
3112;97,176459514525
3113;97,1778674098544
3114;97,1742764400202
3115;97,1688664353105
3116;97,1654020826063
3117;97,1646678053697
3118;97,1642668665802
3119;97,1622238886159
3120;97,1598552794594
3121;97,1601297726926
3122;97,1634719883194
3123;97,1662183486552
3124;97,1635860054538
3125;97,1534935503649
3126;97,1370913981211
3127;97,1164807627253
3128;97,0932610473095
3129;97,0694358889324
3130;97,0484638180499
3131;97,0339646127446
3132;97,0267923644782
3133;97,0236467188147
3134;97,0192207775017
3135;97,0103142489658
3136;96,9980309623807
3137;96,9857928287763
3138;96,9751918951259
3139;96,9641973434214
3140;96,9498327909926
3141;96,9322256382927
3142;96,9150896729793
3143;96,9019821064994
3144;96,8929172839718
3145;96,8852272637853
3146;96,8770448702708
3147;96,8688867767508
3148;96,8620105138615
3149;96,8564553920826
3150;96,8512438885544
3151;96,8456794361148
3152;96,8395991806629
3153;96,8327373469885
3154;96,8247790619556
3155;96,8161120854246
3156;96,8076992616531
3157;96,7996564426236
3158;96,7902152796191
3159;96,7765720998878
3160;96,7569734895735
3161;96,7321595917286
3162;96,7051342678646
3163;96,6796563773739
3164;96,6583999257048
3165;96,6416444629828
3166;96,6272118004837
3167;96,6118879277733
3168;96,5935719960161
3169;96,5726557869649
3170;96,5515726476346
3171;96,532936637278
3172;96,5178545881662
3173;96,5056150745953
3174;96,49443998957
3175;96,4821376325823
3176;96,4663729646839
3177;96,4455267725777
3178;96,4205217938063
3179;96,3958202426426
3180;96,3772749468824
3181;96,3675425203194
3182;96,3632015190506
3183;96,356890251614
3184;96,3430431096274
3185;96,3221757896757
3186;96,2999426028256
3187;96,2820344075598
3188;96,2695306225703
3189;96,2584189906288
3190;96,2431716992437
3191;96,2211561006022
3192;96,1943789875664
3193;96,1674167908988
3194;96,1435191810768
3195;96,1222978083954
3196;96,1008078454727
3197;96,0766815466206
3198;96,0502443247425
3199;96,0237422930215
3200;95,9986214282516
3201;95,9735352188426
3202;95,9449880307122
3203;95,9102026223692
3204;95,8699302261989
3205;95,828853741977
3206;95,7930462961611
3207;95,7663644901235
3208;95,7485471056106
3209;95,7361579337787
3210;95,7249148930621
3211;95,7111266562866
3212;95,6917562923546
3213;95,664750855371
3214;95,6307153275096
3215;95,5941975730352
3216;95,5618050121493
3217;95,5375104706703
3218;95,5194437133807
3219;95,5018103529077
3220;95,4803339117104
3221;95,455661846594
3222;95,4313093457296
3223;95,4087882629097
3224;95,3854831981601
3225;95,3573160534559
3226;95,3228767019346
3227;95,2846741154446
3228;95,2468151129711
3229;95,2120025423396
3230;95,1805231000677
3231;95,1510936486015
3232;95,1218065041546
3233;95,0903785493191
3234;95,0544478418979
3235;95,0125518743031
3236;94,9651064083643
3237;94,9141750809088
3238;94,8618985644163
3239;94,8088307106414
3240;94,7534973680765
3241;94,6933153305228
3242;94,6259580422996
3243;94,5502496164803
3244;94,4663304312817
3245;94,3752790565151
3246;94,2782887002355
3247;94,1753317169378
3248;94,0635547294833
3249;93,9363723961646
3250;93,7845077931333
3251;93,5991522577602
3252;93,3752930110007
3253;93,1122787537766
3254;92,8106932724692
3255;92,4680287283226
3256;92,0768511173318
3257;91,6266401064102
3258;91,1071514543722
3259;90,5105464651412
3260;89,8315326943829
3261;89,0665004216013
3262;88,21280527283
3263;87,2689561906501
3264;86,23611660992
3265;85,1204127607094
3266;83,934414496767
3267;82,6965838199866
3268;81,4296220882838
3269;80,1602119800928
3270;78,9217873523045
3271;77,7596638051964
3272;76,7359069384047
3273;75,9298894281184
3274;75,430108935326
3275;75,3162013504714
3276;75,636753985251
3277;76,3931870888657
3278;77,5373388550076
3279;78,9820859796002
3280;80,618889268987
3281;82,3360559855623
3282;84,0342494517786
3283;85,637123472998
3284;87,0951202912648
3285;88,3829013047965
3286;89,4938430484819
3287;90,4352940065455
3288;91,2249199802522
3289;91,8859759765948
3290;92,441339585849
3291;92,9093092495404
3292;93,3034796632023
3293;93,6349870965248
3294;93,9138860928215
3295;94,1491398608879
3296;94,3490801868259
3297;94,5226517830379
3298;94,6791276963556
3299;94,8251650647607
3300;94,9619622208418
3301;95,0861880525085
3302;95,1945103497137
3303;95,2876401458874
3304;95,3705009510781
3305;95,4491245162236
3306;95,5274138710861
3307;95,605968407812
3308;95,6828820843
3309;95,7553471260368
3310;95,8210133812007
3311;95,8784899743525
3312;95,9271097485294
3313;95,966895014971
3314;95,9993979749779
3315;96,0285075924036
3316;96,0594626308231
3317;96,0959102629427
3318;96,1373146059264
3319;96,1791491068397
3320;96,2157265023708
3321;96,2433039536686
3322;96,2615506659024
3323;96,2732353821043
3324;96,2827189797342
3325;96,2936907941596
3326;96,3072131455516
3327;96,3218490888644
3328;96,3362336743324
3329;96,3515079178822
3330;96,370514070883
3331;96,3942606633237
3332;96,4197387161064
3333;96,4418955921915
3334;96,4578086048585
3335;96,4686761401891
3336;96,4779411023131
3337;96,4880803494434
3338;96,4993536636841
3339;96,51096140669
3340;96,5225984991203
3341;96,5347619113518
3342;96,5479671722326
3343;96,5618939363088
3344;96,5750705586029
3345;96,585183268656
3346;96,5900422343051
3347;96,5891130069452
3348;96,584820618729
3349;96,5821541994848
3350;96,5858109084894
3351;96,5964924114746
3352;96,6097645448431
3353;96,6193161676289
3354;96,6221883570685
3355;96,6211261809308
3356;96,6219737562074
3357;96,6290671765756
3358;96,6428284366854
3359;96,660365120918
3360;96,6770357432578
3361;96,6881129940086
3362;96,6914142819207
3363;96,689866188219
3364;96,6904835951943
3365;96,6989144288871
3366;96,7145108767292
3367;96,7315933179175
3368;96,7456695944786
3369;96,7573881011071
3370;96,7700340356994
3371;96,7842716008629
3372;96,7962859213976
3373;96,8005418870862
3374;96,7938004840576
3375;96,7775840495369
3376;96,7584795297644
3377;96,7457871029554
3378;96,7463868981771
3379;96,759930980406
3380;96,779180835534
3381;96,796068988676
3382;96,8075542334047
3383;96,8154434017648
3384;96,8216480940633
3385;96,8253434730034
3386;96,8249932550917
3387;96,8215728437025
3388;96,8185176582018
3389;96,8189189139163
3390;96,8236813521888
3391;96,8321046466012
3392;96,843005343668
3393;96,8546110090424
3394;96,8639736088295
3395;96,8677092179444
3396;96,8643146571723
3397;96,8562887850716
3398;96,8498376280801
3399;96,8515025659651
3400;96,8637627583543
3401;96,883260502049
3402;96,9034111591364
3403;96,9192441445041
3404;96,9302738393242
3405;96,9392992150999
3406;96,9489677888088
3407;96,9595127250586
3408;96,969132917306
3409;96,9760010923242
3410;96,9801386025166
3411;96,983918360125
3412;96,9906940638428
3413;97,0021955819153
3414;97,0166909275921
3415;97,0298416287162
3416;97,0377748624188
3417;97,0395643747002
3418;97,0368868162406
3419;97,0317411107224
3420;97,0250778543733
3421;97,0177757877916
3422;97,0122658283015
3423;97,0120023561512
3424;97,0185628108791
3425;97,0294676089326
3426;97,0396044146063
3427;97,0453616675682
3428;97,0472965641188
3429;97,0483756767166
3430;97,0497134670551
3431;97,0487580565031
3432;97,0420109532105
3433;97,028988356171
3434;97,0128403806534
3435;96,9972214594962
3436;96,9833403199715
3437;96,9703927774831
3438;96,9583034015772
3439;96,9491635259268
3440;96,9455966345528
3441;96,947852677822
3442;96,9527561057962
3443;96,9557564288239
3444;96,9544245177548
3445;96,9503347409854
3446;96,9477114352699
3447;96,950035115593
3448;96,9575504580086
3449;96,9677185772981
3450;96,9776006229845
3451;96,9854211737009
3452;96,9903427151122
3453;96,9919588415251
3454;96,9907362587686
3455;96,9886057995218
3456;96,9883602588433
3457;96,9922970526238
3458;97,0017976654938
3459;97,0179773662083
3460;97,0415544215192
3461;97,0710770163891
3462;97,1016694043015
3463;97,1269242154286
3464;97,1430880857395
3465;97,1514203315293
3466;97,1564757956181
3467;97,1625990660635
3468;97,1721118834965
3469;97,1856509628094
3470;97,2024883654372
3471;97,2199410530897
3472;97,2336997391336
3473;97,240486622013
3474;97,24115465299
3475;97,2407592789473
3476;97,2448883577575
3477;97,2556535808378
3478;97,2711106884996
3479;97,2881350031308
3480;97,3053721041595
3481;97,3233860716745
3482;97,3424588749478
3483;97,3608990435059
3484;97,3757416319054
3485;97,3847923802953
3486;97,3878249577517
3487;97,3862960144205
3488;97,3825570579818
3489;97,3792051620707
3490;97,3781873800681
3491;97,3796097695313
3492;97,3815265565043
3493;97,3817545912712
3494;97,3804330657259
3495;97,3803542956225
3496;97,3840250088298
3497;97,3904840005296
3498;97,3959138118844
3499;97,3977672056086
3500;97,397655081264
3501;97,3996200279767
3502;97,4058095004919
3503;97,4144812042645
3504;97,4225761375744
3505;97,4295853392318
3506;97,4377103133412
3507;97,4483928968254
3508;97,459791444009
3509;97,4679269027155
3510;97,4699273800064
3511;97,4659330522147
3512;97,4580943205676
3513;97,4484180281637
3514;97,4379587748641
3515;97,4274792710067
3516;97,4181881013002
3517;97,4117576695112
3518;97,409840060237
3519;97,4132216593434
3520;97,4207776937569
3521;97,4288942495379
3522;97,4323909640639
3523;97,4271600112416
3524;97,4128420581
3525;97,3929267292099
3526;97,3718255312344
3527;97,3517493898957
3528;97,3322899974548
3529;97,3126482570606
3530;97,2940852168359
3531;97,2803214806751
3532;97,2756247511269
3533;97,2822073264515
3534;97,2988559859947
3535;97,3217116844376
3536;97,3468399191201
3537;97,3727305827872
3538;97,4004542838116
3539;97,4311670240377
3540;97,4637456936766
3541;97,4951561015988
3542;97,5230040815086
3543;97,547331690819
3544;97,5699814286528
3545;97,5927019419017
3546;97,6162150611971
3547;97,6407005553307
3548;97,6661661374374
3549;97,6917167184991
3550;97,714814428548
3551;97,7320256795961
3552;97,7412067944168
3553;97,7437379974571
3554;97,7448071206206
3555;97,7509249935217
3556;97,7663183227489
3557;97,7907242245688
3558;97,8193716719758
3559;97,8450017655726
3560;97,8613310347646
3561;97,8664044352429
3562;97,8633678361999
3563;97,8577286916046
3564;97,8533811272466
3565;97,8508703318308
3566;97,8488010837285
3567;97,8462273725782
3568;97,843592874441
3569;97,8419594298502
3570;97,8426211307723
3571;97,8480725230067
3572;97,8617595039729
3573;97,884864683233
3574;97,9131008250559
3575;97,9385125016918
3576;97,9557799051417
3577;97,9662372551358
3578;97,9745993506578
3579;97,98275551366
3580;97,9880447793456
3581;97,9872162199866
3582;97,9803523516538
3583;97,970009875813
3584;97,9581295398795
3585;97,9454240703193
3586;97,9341086559687
3587;97,9291623924634
3588;97,9348576087198
3589;97,9496587951302
3590;97,9671259150554
3591;97,982116389592
3592;97,9941810610498
3593;98,005350187235
3594;98,0155899976987
3595;98,0218195410331
3596;98,0220203320783
3597;98,0194604266092
3598;98,0207009919788
3599;98,0289934325726
3600;98,0406104175888
3601;98,0476964076351
3602;98,0454861761331
3603;98,0363862659892
3604;98,0275754452265
3605;98,0255080020249
3606;98,0326213272699
3607;98,0464017202796
3608;98,0603925704052
3609;98,0676794171459
3610;98,0658805760517
3611;98,0584619720119
3612;98,0508324345688
3613;98,046393258063
3614;98,0452077057968
3615;98,0459265285551
3616;98,0484507554268
3617;98,0548466946869
3618;98,0676407680902
3619;98,0853970957488
3620;98,1005564505453
3621;98,1049212355614
3622;98,0972936972217
3623;98,0840962567622
3624;98,0739115163199
3625;98,0714873953856
3626;98,0750485398264
3627;98,0787228732076
3628;98,0778963821019
3629;98,0729353702827
3630;98,067988863228
3631;98,0657079089251
3632;98,064711273249
3633;98,063060830042
3634;98,0612208179082
3635;98,0612582714242
3636;98,0646897020072
3637;98,0712255157872
3638;98,0787040834701
3639;98,0836856384688
3640;98,0832939201456
3641;98,0777757554613
3642;98,0711437010362
3643;98,067960233755
3644;98,0690142570426
3645;98,070564335398
3646;98,0676140628058
3647;98,0582777331112
3648;98,0456253089106
3649;98,0352021640046
3650;98,0296092157573
3651;98,0268722202135
3652;98,0237277517998
3653;98,018904816856
3654;98,0146993019338
3655;98,0160148501648
3656;98,0259656298054
3657;98,041068766418
3658;98,0535249984805
3659;98,0592411949704
3660;98,0605799518
3661;98,0618185123013
3662;98,0652974809398
3663;98,0710897743836
3664;98,0790461788046
3665;98,0889888876037
3666;98,0991055576822
3667;98,1062833451754
3668;98,109212174655
3669;98,1109605811771
3670;98,1157637737325
3671;98,1229520930978
3672;98,1271621022614
3673;98,1251904937138
3674;98,1202373816311
3675;98,1185295491152
3676;98,1204906274504
3677;98,1192647493077
3678;98,1103894352712
3679;98,0964048202341
3680;98,0830619983753
3681;98,0746914547444
3682;98,0719299300875
3683;98,0719097174031
3684;98,0707611124029
3685;98,0654869177943
3686;98,0551240907668
3687;98,0415081668336
3688;98,0292944735893
3689;98,0227976560865
3690;98,0216878384574
3691;98,0229130966991
3692;98,025635343418
3693;98,0314597950075
3694;98,0412578030519
3695;98,0539167506188
3696;98,0666730084171
3697;98,077018680811
3698;98,0844834366643
3699;98,0906862404779
3700;98,0975432427337
3701;98,1046764008099
3702;98,1091865397717
3703;98,1085570565511
3704;98,1035355167366
3705;98,096623165295
3706;98,0888799532042
3707;98,0788570299085
3708;98,0639266836502
3709;98,0427623652202
3710;98,0183199140217
3711;97,9993075892113
3712;97,9962446958392
3713;98,0131283937116
3714;98,0431708684288
3715;98,0751534995132
3716;98,1010792858534
3717;98,1179502054241
3718;98,1255192786951
3719;98,1243332946715
3720;98,1162033565254
3721;98,1046129064187
3722;98,0937652933064
3723;98,0865410819462
3724;98,0830838628956
3725;98,081627035616
3726;98,0793703510814
3727;98,0731106069181
3728;98,06084627993
3729;98,0436733348828
3730;98,0263221520936
3731;98,0147266632998
3732;98,0115691297974
3733;98,0127243972192
3734;98,0098295266622
3735;97,9991005736272
3736;97,9866389385257
3737;97,9828227425358
3738;97,9916708757079
3739;98,0074629929476
3740;98,0204883501768
3741;98,0229618377113
3742;98,0119832968058
3743;97,992241261048
3744;97,9763959362177
3745;97,9760010697783
3746;97,9880897037378
3747;98,0001722664067
3748;98,0061152728184
3749;98,0102033341205
3750;98,0205444729542
3751;98,0380166386364
3752;98,053059467442
3753;98,0576429167512
3754;98,0532620768294
3755;98,0461902278511
3756;98,0415566413834
3757;98,0417582500025
3758;98,0471982686754
3759;98,0571258921145
3760;98,0702240444598
3761;98,0846635619239
3762;98,0976272242456
3763;98,1055487556533
3764;98,1053934127563
3765;98,0970988025029
3766;98,0846546482076
3767;98,0744734437584
3768;98,071861371156
3769;98,0779764708154
3770;98,0889656524016
3771;98,0982531929107
3772;98,1012875398736
3773;98,0981457916025
3774;98,0915289121451
3775;98,0837755390008
3776;98,0758576996267
3777;98,0687089725028
3778;98,0648406230538
3779;98,0672404129592
3780;98,0756995030481
3781;98,0857368070468
3782;98,0925120996118
3783;98,0953333388797
3784;98,0974857685881
3785;98,1018244927624
3786;98,1066618013671
3787;98,1069464954938
3788;98,0996254381198
3789;98,0869814725796
3790;98,0747350394787
3791;98,0670883421896
3792;98,0636849331948
3793;98,0610979752489
3794;98,057270327071
3795;98,0544312493272
3796;98,057114776449
3797;98,0666849470568
3798;98,0787718629179
3799;98,0867701238804
3800;98,0873794790313
3801;98,0825042658294
3802;98,07684525597
3803;98,0738542792814
3804;98,0732479452406
3805;98,07255394533
3806;98,070322405527
3807;98,0671203761002
3808;98,0642856057675
3809;98,0634330021152
3810;98,0656307693175
3811;98,0705775092668
3812;98,0769637533928
3813;98,083603282558
3814;98,0912748945485
3815;98,1027391243386
3816;98,1184505372688
3817;98,1326350941292
3818;98,1376310944589
3819;98,1313937229198
3820;98,1194569842693
3821;98,1101447387873
3822;98,1071308908212
3823;98,1068590655964
3824;98,1034475117005
3825;98,0951606809387
3826;98,0860879856841
3827;98,0819252226639
3828;98,0837813186658
3829;98,0868489100356
3830;98,0845872017548
3831;98,0742483359168
3832;98,0586345421071
3833;98,0432916227551
3834;98,0320979059017
3835;98,025707358125
3836;98,0237358213789
3837;98,0270747453193
3838;98,0362763960821
3839;98,0476649132761
3840;98,0537265507766
3841;98,0487677085332
3842;98,0332202169064
3843;98,0132515219642
3844;97,9969415960322
3845;97,99037808304
3846;97,9950018215096
3847;98,0078486743579
3848;98,0235072939644
3849;98,0359997003693
3850;98,0408620214582
3851;98,0376214315979
3852;98,0309591035373
3853;98,0285128140311
3854;98,0334584624678
3855;98,0425592409924
3856;98,0517667094388
3857;98,0587133045151
3858;98,0630444902774
3859;98,0655829482775
3860;98,0668025929314
3861;98,0665573622855
3862;98,064435412554
3863;98,0606716334534
3864;98,0562282804029
3865;98,0522863866685
3866;98,0489199861077
3867;98,0457081954908
3868;98,0438984437174
3869;98,0469418440067
3870;98,056408274157
3871;98,067126825524
3872;98,0708648769818
3873;98,0653011350348
3874;98,0566137776011
3875;98,0538708632719
3876;98,0608102526929
3877;98,0728986483332
3878;98,0825137555726
3879;98,085346876715
3880;98,081810176879
3881;98,0744681164601
3882;98,0655410232638
3883;98,0567343520053
3884;98,0501974632285
3885;98,0487228644954
3886;98,0532675523579
3887;98,0605808870299
3888;98,0653411422636
3889;98,0647108643262
3890;98,0602828416154
3891;98,0567834699525
3892;98,058256115739
3893;98,0648184665858
3894;98,0730502386709
3895;98,0790426866797
3896;98,0805162222892
3897;98,0776724880106
3898;98,0728232380809
3899;98,0689641339468
3900;98,0677357597347
3901;98,0687552312605
3902;98,0707932495305
3903;98,0728865585574
3904;98,074269555585
3905;98,0740000665058
3906;98,0717432310393
3907;98,0684364425895
3908;98,0656257320912
3909;98,0642256503212
3910;98,0636934447695
3911;98,0622138625119
3912;98,0581516656914
3913;98,051656448956
3914;98,0446897624187
3915;98,0398469257852
3916;98,0386680436435
3917;98,0407101006096
3918;98,0435141798655
3919;98,0440993170967
3920;98,0410964081598
3921;98,0354126676598
3922;98,0289613476605
3923;98,0232432730278
3924;98,0192307876924
3925;98,0180980574804
3926;98,0213341466599
3927;98,0294374176342
3928;98,0405892196372
3929;98,0509477567401
3930;98,0567353851974
3931;98,0565547883689
3932;98,0522270465244
3933;98,0471763426268
3934;98,0437459848241
3935;98,0420582056302
3936;98,0410876219177
3937;98,0402233134279
3938;98,0400439211548
3939;98,0419376870352
3940;98,0470502055789
3941;98,0551912365203
3942;98,0640926368977
3943;98,0696819773776
3944;98,0680980899843
3945;98,0587504529335
3946;98,0458086667973
3947;98,036516028677
3948;98,0368018650954
3949;98,0465615514881
3950;98,0588794433084
3951;98,0651384894618
3952;98,0613991205048
3953;98,0501614468748
3954;98,0370707363467
3955;98,0267361976872
3956;98,0210755207403
3957;98,020113989568
3958;98,023027671244
3959;98,0283437388249
3960;98,0341952018824
3961;98,0393441579566
3962;98,0439032755457
3963;98,0486329210912
3964;98,0533919412994
3965;98,0564075834332
3966;98,0550440751824
3967;98,0475310450541
3968;98,0346458081952
3969;98,0201957180683
3970;98,0093362124444
3971;98,005257434491
3972;98,0067433694902
3973;98,0091837154983
3974;98,0084398870944
3975;98,003894161674
3976;97,9978979078305
3977;97,9929532280556
3978;97,9901232291347
3979;97,9896656641992
3980;97,9914924020851
3981;97,9938237871527
3982;97,992106074345
3983;97,9811851182352
3984;97,9599152212239
3985;97,9336862258927
3986;97,9118351110886
3987;97,9019000623114
3988;97,9054732830928
3989;97,918516031772
3990;97,9350128508921
3991;97,9506269286852
3992;97,9638684060618
3993;97,9747747741124
3994;97,983076685899
3995;97,9877717571127
3996;97,9883442305022
3997;97,9859639693215
3998;97,9830319410526
3999;97,9811073807786
4000;97,9797070237622
