#Datum: 21.01.2016 16:19:44
#Quelle: sonnenblumen_ohnespacer

#Daten:
cm-1;%T
1100;41,4384674510998
1101;41,7674952952248
1102;42,1254630379474
1103;42,5137932349595
1104;42,9504009716636
1105;43,4229088031072
1106;43,8970700528954
1107;44,3618029686172
1108;44,8207499846338
1109;45,2503034185525
1110;45,6121574882881
1111;45,899754666158
1112;46,1312616168133
1113;46,3064090214317
1114;46,4128103102403
1115;46,4678250464642
1116;46,512167585708
1117;46,5669470575885
1118;46,6364353188599
1119;46,7445308405108
1120;46,9239329254797
1121;47,1735842730074
1122;47,4668262205487
1123;47,7929232209574
1124;48,1499077657791
1125;48,5064249811126
1126;48,8128854219062
1127;49,0447890117221
1128;49,1993116636325
1129;49,258842133096
1130;49,1978070413477
1131;49,0211149831906
1132;48,7587621699321
1133;48,4266871473287
1134;48,0297957152345
1135;47,5976052315799
1136;47,1759142112729
1137;46,7851991749223
1138;46,4250069950046
1139;46,1131927850734
1140;45,8788580437137
1141;45,7201164723486
1142;45,6095051416574
1143;45,5365641577437
1144;45,5047879276549
1145;45,4933851901291
1146;45,4654863416813
1147;45,4102796813655
1148;45,3374247362887
1149;45,2370956718651
1150;45,0873319496556
1151;44,8949870848372
1152;44,6883846895018
1153;44,4745480528746
1154;44,2433638663621
1155;44,007383169729
1156;43,7957290312555
1157;43,6136755185127
1158;43,449900227747
1159;43,3176657662934
1160;43,2457881504415
1161;43,235044142243
1162;43,2666369981448
1163;43,3460728555855
1164;43,4951373976994
1165;43,7086018638356
1166;43,9621635320397
1167;44,2551830016387
1168;44,6037068710043
1169;44,9997769504405
1170;45,4194012016755
1171;45,8627432163453
1172;46,3458751001038
1173;46,8611513671673
1174;47,3857039112617
1175;47,9202150511358
1176;48,4801728564891
1177;49,0579003237265
1178;49,6311322896556
1179;50,200015347096
1180;50,7794178222529
1181;51,3634104540135
1182;51,9326607173785
1183;52,4890244345742
1184;53,048544498582
1185;53,6074846990791
1186;54,1486276988543
1187;54,6743461429275
1188;55,2010742765644
1189;55,7273727810542
1190;56,2386311527707
1191;56,7371033133549
1192;57,2373537932711
1193;57,7375172480506
1194;58,2232751108505
1195;58,6949973175239
1196;59,163883985758
1197;59,6258107543486
1198;60,0650021306763
1199;60,479477390769
1200;60,8781136684756
1201;61,2570429911791
1202;61,6035463586301
1203;61,9193576832863
1204;62,216841145484
1205;62,4960800155688
1206;62,7481111538905
1207;62,9767572577699
1208;63,1951680531598
1209;63,4042844260482
1210;63,5964984011893
1211;63,7771629006324
1212;63,9600751602157
1213;64,1437956588729
1214;64,3140825789865
1215;64,4672227676259
1216;64,6094286675751
1217;64,7360962456006
1218;64,8337604365408
1219;64,9012645848185
1220;64,9486805100812
1221;64,9767358999094
1222;64,9771776510628
1223;64,9520870931955
1224;64,913019371293
1225;64,862301115243
1226;64,7954639581269
1227;64,7210467226464
1228;64,6570011999658
1229;64,6079818119355
1230;64,5662432586615
1231;64,5325126020697
1232;64,5145560656738
1233;64,5078466491707
1234;64,5004616167182
1235;64,4962776848535
1236;64,5123406565817
1237;64,5550009763798
1238;64,6201992792894
1239;64,7150510257701
1240;64,8558616710816
1241;65,0453707593684
1242;65,2737375258629
1243;65,5401194621418
1244;65,8516062234842
1245;66,2029690160374
1246;66,5780724138854
1247;66,9685553901949
1248;67,3715934074873
1249;67,7723426220395
1250;68,1479682355636
1251;68,4881095422881
1252;68,7957399471208
1253;69,0705785723732
1254;69,3082215582266
1255;69,5140730728463
1256;69,7018186517885
1257;69,8777413728669
1258;70,0399684595814
1259;70,1912268443261
1260;70,337772783669
1261;70,4773925950114
1262;70,6036724151279
1263;70,721874027054
1264;70,8465980668132
1265;70,9842913454024
1266;71,1313750828488
1267;71,2875575822246
1268;71,455690858459
1269;71,6287583591754
1270;71,7915572674584
1271;71,9361531499823
1272;72,0643789980796
1273;72,1771298638712
1274;72,2747481296045
1275;72,3674873067654
1276;72,4719891635646
1277;72,5959305691644
1278;72,7375755414417
1279;72,9006173495596
1280;73,097225978804
1281;73,3356230224317
1282;73,6155777616128
1283;73,9350407185749
1284;74,2885319077612
1285;74,6586079680383
1286;75,0199112202842
1287;75,3525925073932
1288;75,645310852013
1289;75,8887961623252
1290;76,07735365062
1291;76,2176889814703
1292;76,32757195145
1293;76,4229149116503
1294;76,5113815058517
1295;76,5977566973022
1296;76,6860911312681
1297;76,774542702206
1298;76,856951051374
1299;76,9330552246814
1300;77,0113510770552
1301;77,1004589968087
1302;77,2037768630425
1303;77,3228397619264
1304;77,4576579717558
1305;77,6012582859868
1306;77,7404732653914
1307;77,8649125762776
1308;77,9710721532799
1309;78,0578868130218
1310;78,1247891808344
1311;78,1753903973512
1312;78,2164415555291
1313;78,2507532486067
1314;78,2761179738084
1315;78,2925197556976
1316;78,3048723219681
1317;78,3177072942066
1318;78,3340233697249
1319;78,3616483319394
1320;78,4140284436294
1321;78,5010281396736
1322;78,6238544121847
1323;78,780038906271
1324;78,9665218608187
1325;79,1757190317721
1326;79,3938862318776
1327;79,6059480948194
1328;79,7995702976487
1329;79,96472391462
1330;80,0937341744154
1331;80,1841465350331
1332;80,2388920733226
1333;80,2614307076231
1334;80,2531704437024
1335;80,217311781876
1336;80,1608012156752
1337;80,0884063546222
1338;79,9985933008883
1339;79,8907633118786
1340;79,7745913043471
1341;79,6660457790717
1342;79,5744962654874
1343;79,4989037889668
1344;79,4334759082746
1345;79,3716246288097
1346;79,3086649603451
1347;79,2461995200573
1348;79,1918708620654
1349;79,1519814747823
1350;79,1269952652414
1351;79,115295539423
1352;79,1163701767524
1353;79,1275612222748
1354;79,1419922409442
1355;79,1541545530834
1356;79,1624246090802
1357;79,1654040041953
1358;79,1597012817507
1359;79,1440395442667
1360;79,1216711502071
1361;79,0957180134022
1362;79,0657594765759
1363;79,033406271519
1364;79,0070444448153
1365;78,9946546044865
1366;78,9962015359386
1367;79,0065061444389
1368;79,0191388124008
1369;79,0251849658239
1370;79,0116382300809
1371;78,9610423400986
1372;78,8492311163938
1373;78,6457518875941
1374;78,3313945684216
1375;77,9339278789718
1376;77,5415712233036
1377;77,2738318754742
1378;77,2409579366684
1379;77,5022718809084
1380;78,0270786430721
1381;78,70948337357
1382;79,4343522848738
1383;80,1217700378898
1384;80,7333863310815
1385;81,2677150196716
1386;81,7437104808208
1387;82,170278552174
1388;82,5338229682023
1389;82,8173068417651
1390;83,0152668363043
1391;83,126865019251
1392;83,1517610485947
1393;83,0997392555689
1394;82,9963805941171
1395;82,8778019783398
1396;82,7798562735998
1397;82,7262615941491
1398;82,7242551489899
1399;82,7750559013339
1400;82,8812491343616
1401;83,0450418833796
1402;83,2643846060215
1403;83,5300724285285
1404;83,8227150214725
1405;84,1116661034076
1406;84,3593644450664
1407;84,5258286233387
1408;84,581175643442
1409;84,5178946054912
1410;84,3404604242337
1411;84,0513866816972
1412;83,6619426328836
1413;83,2134932012479
1414;82,7654905701919
1415;82,3679178220357
1416;82,0555151532698
1417;81,8559411035034
1418;81,7935024887848
1419;81,8758198018488
1420;82,0621218966503
1421;82,280839175484
1422;82,4861286027953
1423;82,6533182796007
1424;82,7516254003592
1425;82,7587710151091
1426;82,6787415148726
1427;82,5154705625084
1428;82,2618888449459
1429;81,9272623745844
1430;81,5421599770235
1431;81,1354009533689
1432;80,7278807196818
1433;80,342364932996
1434;79,9853288601027
1435;79,6299988128858
1436;79,2476763008744
1437;78,8590419492306
1438;78,516534403152
1439;78,2313832131006
1440;77,9772835634826
1441;77,7355397282208
1442;77,5051254616614
1443;77,2876138525011
1444;77,0828665619512
1445;76,8881700613045
1446;76,6892869154415
1447;76,4574748192316
1448;76,1678104389352
1449;75,8093993481722
1450;75,3592631713263
1451;74,7776382128924
1452;74,0564325633113
1453;73,2549873330685
1454;72,4502474753109
1455;71,680442063424
1456;70,9888032904504
1457;70,4746609496125
1458;70,1842705221344
1459;70,0337216441486
1460;69,9322140759125
1461;69,8385434027596
1462;69,7174404287211
1463;69,5328045037536
1464;69,2954879781543
1465;69,1230901838233
1466;69,2562216978638
1467;69,9642267818639
1468;71,3907794558638
1469;73,4587870094033
1470;75,9274392575446
1471;78,5528845509764
1472;81,1208612958991
1473;83,3331343955775
1474;84,9388751329279
1475;86,0059715834409
1476;86,7863934546281
1477;87,4267683260173
1478;87,9326728295486
1479;88,313957466044
1480;88,6304465870224
1481;88,9154410791607
1482;89,1501729108476
1483;89,3304151989874
1484;89,4894643136311
1485;89,6428619101672
1486;89,7732939223682
1487;89,8781561063488
1488;89,9849057618008
1489;90,0950806175782
1490;90,1785390975562
1491;90,235914774399
1492;90,2980783139355
1493;90,367757561936
1494;90,4225102880018
1495;90,4614210824944
1496;90,51000565764
1497;90,5725466563038
1498;90,6222333475915
1499;90,6563377138754
1500;90,6961409472184
1501;90,7425774489152
1502;90,7779037280654
1503;90,8006459897992
1504;90,8279481866145
1505;90,8686264821165
1506;90,9206383168855
1507;90,9692521965609
1508;91,0037559659
1509;91,028287042337
1510;91,0393698663652
1511;91,044203796448
1512;91,0609031145665
1513;91,0900370940963
1514;91,1122842925224
1515;91,1220830365301
1516;91,1349912511732
1517;91,1599795122363
1518;91,1834280139636
1519;91,1964642532215
1520;91,2086848566545
1521;91,2298500336562
1522;91,249337764287
1523;91,2592875329704
1524;91,2713718524175
1525;91,2890465890247
1526;91,2999694552498
1527;91,3003503840504
1528;91,3043435370356
1529;91,3181875703118
1530;91,3279786781445
1531;91,3252962432454
1532;91,3203526031218
1533;91,3221515953148
1534;91,3254934135115
1535;91,3260559249679
1536;91,3299805661039
1537;91,3377498243401
1538;91,3347020663062
1539;91,3207767378068
1540;91,3191145857439
1541;91,332783442693
1542;91,3426251944444
1543;91,3421222957712
1544;91,3407110042675
1545;91,3429386940953
1546;91,3433500870543
1547;91,3383693421478
1548;91,3349721775509
1549;91,3376937080068
1550;91,3385148205538
1551;91,3312026861437
1552;91,3226966365915
1553;91,3159535611235
1554;91,3072470291238
1555;91,2955557103877
1556;91,2875723106608
1557;91,2860631429979
1558;91,2870617596317
1559;91,2864292515274
1560;91,2783639193578
1561;91,2736011657596
1562;91,2624535391686
1563;91,2422067202586
1564;91,2255028896247
1565;91,2228109078766
1566;91,2254180973079
1567;91,2188156937804
1568;91,2050798123583
1569;91,1960093723518
1570;91,1919200863998
1571;91,1847834227754
1572;91,18028012248
1573;91,1835717845932
1574;91,1857177208719
1575;91,1780533757839
1576;91,1708109455801
1577;91,17352902025
1578;91,1749623860454
1579;91,1686145335566
1580;91,1642017821597
1581;91,169798663576
1582;91,1787827197468
1583;91,1815920985663
1584;91,1833545440738
1585;91,191926514994
1586;91,2009598528571
1587;91,201677121473
1588;91,2007143452323
1589;91,2058979225464
1590;91,2117675955821
1591;91,2121570493736
1592;91,2133646830421
1593;91,2211407689954
1594;91,2276395912783
1595;91,2255444782127
1596;91,2222114137159
1597;91,2257720895096
1598;91,2301410829088
1599;91,2279817965848
1600;91,2252163033659
1601;91,2294232056123
1602;91,2342488881559
1603;91,2309060571449
1604;91,224675716506
1605;91,2239249841197
1606;91,2240546031123
1607;91,2171629727311
1608;91,2094322318878
1609;91,2093054114923
1610;91,208556861109
1611;91,1982036400666
1612;91,1873430562128
1613;91,1870827163657
1614;91,1894559656367
1615;91,1817222116577
1616;91,1705965476816
1617;91,1700492596164
1618;91,1706750104327
1619;91,1598381238139
1620;91,1450974273818
1621;91,1338107149752
1622;91,1217624988465
1623;91,1050371153023
1624;91,0921563346402
1625;91,0889506621438
1626;91,0845244148684
1627;91,0703735800819
1628;91,0538226140286
1629;91,043068480847
1630;91,030370683846
1631;91,0088744703002
1632;90,9854582767066
1633;90,9639383275706
1634;90,9320827114802
1635;90,8846402130528
1636;90,8330072744874
1637;90,7822839614393
1638;90,721784118378
1639;90,6391903747846
1640;90,537628664047
1641;90,424632158364
1642;90,302431150799
1643;90,1715407680113
1644;90,0396845618804
1645;89,9141381281795
1646;89,7960844148927
1647;89,6929387706678
1648;89,6244465294616
1649;89,5989902243958
1650;89,5923429082907
1651;89,5678845644111
1652;89,5157975570669
1653;89,4782206021329
1654;89,463168606618
1655;89,4511602656316
1656;89,452036239524
1657;89,4805869748695
1658;89,5332080846961
1659;89,5977576916677
1660;89,6737640139628
1661;89,7681578086614
1662;89,8733687825145
1663;89,9702801867102
1664;90,0533739291143
1665;90,1263941210747
1666;90,1811112072805
1667;90,2092656737603
1668;90,2194112075777
1669;90,2288679893974
1670;90,2349001624356
1671;90,2240780947036
1672;90,2049853430865
1673;90,1886264605536
1674;90,1655082296685
1675;90,1269302220486
1676;90,0862652345171
1677;90,0598911485752
1678;90,0344232623333
1679;89,9908533331325
1680;89,9370979802602
1681;89,8927322898827
1682;89,8502972606645
1683;89,784549665051
1684;89,703351575563
1685;89,6364447815091
1686;89,5772556119892
1687;89,5028745457953
1688;89,4174362853886
1689;89,3308521418093
1690;89,2364481168378
1691;89,1259589191803
1692;89,0157658578998
1693;88,9175348083867
1694;88,8036406835463
1695;88,6436350449626
1696;88,4648896010094
1697;88,31608183902
1698;88,1828097216551
1699;88,011565858761
1700;87,8018604250662
1701;87,6134709037308
1702;87,4689961157491
1703;87,3385982263757
1704;87,2118579498724
1705;87,0987529410666
1706;86,9952046652727
1707;86,8858202665094
1708;86,7749199149372
1709;86,6696493687522
1710;86,5506493544844
1711;86,3943880234969
1712;86,2098803798026
1713;86,0151283287216
1714;85,7954544562724
1715;85,5214944205953
1716;85,1860748101743
1717;84,7861190427035
1718;84,3043681457187
1719;83,7586707150065
1720;83,2010304160035
1721;82,631438436247
1722;81,9784130362754
1723;81,1727180534527
1724;80,218455959531
1725;79,1547679668856
1726;77,9692515042043
1727;76,5971234625981
1728;74,9844445968635
1729;73,129518356779
1730;71,0848865304674
1731;68,9009604162231
1732;66,4821178617401
1733;63,4997623894908
1734;59,7238067807331
1735;55,6450039398546
1736;52,0146321399942
1737;48,85624743629
1738;45,7150614444854
1739;42,3280403598721
1740;38,9327912980109
1741;35,964573522187
1742;33,5577581489029
1743;31,6308317689242
1744;30,1810479199197
1745;29,2652297237891
1746;28,8884008761353
1747;29,0533444123776
1748;29,8065908887554
1749;31,1823510957108
1750;33,2064457816748
1751;35,9137305994539
1752;39,1804808278033
1753;42,6836751017106
1754;46,2442326989172
1755;49,9991051290298
1756;54,1066737070541
1757;58,3769397133815
1758;62,386101893154
1759;65,9445123057857
1760;69,1689304328966
1761;72,1875208976699
1762;74,9626193629281
1763;77,3557386527453
1764;79,2872781432211
1765;80,8122795911473
1766;82,0719692630274
1767;83,1873701120162
1768;84,1698354818888
1769;84,9663931892264
1770;85,5936279737556
1771;86,1442390356616
1772;86,6692842259943
1773;87,1302940729844
1774;87,4963821072341
1775;87,798926153749
1776;88,0675687504084
1777;88,3016191182047
1778;88,5062631102143
1779;88,7018470611765
1780;88,8909937862058
1781;89,0541050902932
1782;89,1902962872031
1783;89,3204638907779
1784;89,4488031559956
1785;89,5613201611036
1786;89,6577116209539
1787;89,7555356437954
1788;89,8541200804484
1789;89,9349342179124
1790;89,9978724044976
1791;90,0650790489054
1792;90,1442133873666
1793;90,2164999245203
1794;90,2750877445019
1795;90,3338301613983
1796;90,3936974380704
1797;90,4420515476298
1798;90,480865348102
1799;90,5276908212985
1800;90,5842974560522
1801;90,6324595853059
1802;90,6677449196399
1803;90,7046152917364
1804;90,7462349130479
1805;90,7817965612215
1806;90,8100623546686
1807;90,8428508670022
1808;90,8804722195055
1809;90,9106616792157
1810;90,9337021638298
1811;90,9634601313459
1812;90,999682099298
1813;91,0270086545342
1814;91,0449245999626
1815;91,067899880359
1816;91,0980218232752
1817;91,122909093349
1818;91,1394939115503
1819;91,1596833073346
1820;91,1869676819662
1821;91,2115342840194
1822;91,2304996395889
1823;91,2505329224394
1824;91,2723072408079
1825;91,2889482426076
1826;91,301187546876
1827;91,3166080462724
1828;91,3338192970493
1829;91,3465016924624
1830;91,3586580567676
1831;91,3792933482584
1832;91,4036719491888
1833;91,4197766185702
1834;91,4284148055641
1835;91,4402354013068
1836;91,4576041416686
1837;91,4714643762326
1838;91,4796323129481
1839;91,491198710671
1840;91,5079201640038
1841;91,5202280921872
1842;91,5246303910829
1843;91,5294458965778
1844;91,5420953045335
1845;91,5569945262935
1846;91,5675812193917
1847;91,5761403822358
1848;91,5831982193338
1849;91,5847815396215
1850;91,5825511436245
1851;91,5842643232
1852;91,5913409760765
1853;91,5979248141589
1854;91,6020637199823
1855;91,6079750208072
1856;91,6161689706045
1857;91,6198034610436
1858;91,6182124390622
1859;91,619165125458
1860;91,6246592942125
1861;91,6277961472291
1862;91,6261953814035
1863;91,6258555220076
1864;91,6287590305546
1865;91,6290967107911
1866;91,625107662296
1867;91,6226891732804
1868;91,6240599268979
1869;91,6239261511865
1870;91,6209571932178
1871;91,6201437886536
1872;91,6207574722614
1873;91,6168645611126
1874;91,6095927852191
1875;91,6066478722094
1876;91,60873161369
1877;91,6082910280752
1878;91,6035390547003
1879;91,6009616511065
1880;91,602628159476
1881;91,6034971817154
1882;91,6015959239979
1883;91,6011127114474
1884;91,6037209978325
1885;91,604990007825
1886;91,6035575279676
1887;91,6039826167169
1888;91,6072645375595
1889;91,6087315931081
1890;91,6076620623409
1891;91,6095986202592
1892;91,6153576796535
1893;91,6188375462937
1894;91,6181322766215
1895;91,6180649557465
1896;91,6199829171023
1897;91,6192279809733
1898;91,6152431320701
1899;91,6137837564564
1900;91,6158144900177
1901;91,6152506406048
1902;91,6098321353342
1903;91,6043817252805
1904;91,601933184113
1905;91,5990842214176
1906;91,5941281572591
1907;91,5910955844576
1908;91,5907181085876
1909;91,5882065031527
1910;91,5825186226949
1911;91,5774769204066
1912;91,5746232773366
1913;91,5709292902878
1914;91,5662062609009
1915;91,5638371783532
1916;91,5626282765046
1917;91,5574591622171
1918;91,5488261926515
1919;91,5433993831176
1920;91,5424397275762
1921;91,5397127867918
1922;91,532659311343
1923;91,5253463790342
1924;91,5199455378123
1925;91,513505857253
1926;91,5055411970235
1927;91,5006825272081
1928;91,4998447305119
1929;91,4981279718356
1930;91,4938151919314
1931;91,4899533640521
1932;91,4878243467552
1933;91,4839711680974
1934;91,4777417814369
1935;91,4731721433758
1936;91,4713441570693
1937;91,4693486654844
1938;91,4666837100065
1939;91,4660597110318
1940;91,4668567097684
1941;91,4648785615923
1942;91,459813607281
1943;91,4563681463366
1944;91,4562445537056
1945;91,4556505233416
1946;91,4526929233585
1947;91,4501255659307
1948;91,4489816638352
1949;91,4466070517163
1950;91,4428017158479
1951;91,441238645596
1952;91,4427459286234
1953;91,4435116039371
1954;91,4422380435853
1955;91,4418671766249
1956;91,4430598251234
1957;91,4430539449436
1958;91,441218409509
1959;91,4401829712327
1960;91,4401625422406
1961;91,4383832610967
1962;91,4351552513839
1963;91,434265699464
1964;91,4361503238041
1965;91,436487278194
1966;91,4328803653687
1967;91,4275180617966
1968;91,4221350422759
1969;91,4159281686101
1970;91,409587045786
1971;91,405847946644
1972;91,4046986914112
1973;91,4030594203439
1974;91,4001249107831
1975;91,3979451335813
1976;91,3960667709481
1977;91,3913410321044
1978;91,3839459818771
1979;91,377925075071
1980;91,3744382021059
1981;91,370307330151
1982;91,3642121458778
1983;91,3587780433334
1984;91,3550700799542
1985;91,3503035655788
1986;91,3436825292578
1987;91,3383147694421
1988;91,335537022671
1989;91,3323541645413
1990;91,326505497152
1991;91,3193009514271
1992;91,3119154705921
1993;91,3037648515107
1994;91,2957984241797
1995;91,2904746458279
1996;91,2874217311453
1997;91,2834721315542
1998;91,2775182262661
1999;91,2713977007529
2000;91,2656681729916
2001;91,2591785082507
2002;91,2528301675905
2003;91,249096298815
2004;91,2470642633185
2005;91,2426000932852
2006;91,2350793266379
2007;91,2279114267948
2008;91,2223393488103
2009;91,2160858757263
2010;91,2086614341643
2011;91,2024274153759
2012;91,1971623359654
2013;91,1895022743985
2014;91,1788355429872
2015;91,1684136457292
2016;91,1594635356726
2017;91,1495509944496
2018;91,138006604985
2019;91,1275148361572
2020;91,1189388087488
2021;91,1099500361629
2022;91,0999423321318
2023;91,091228421524
2024;91,0843700056472
2025;91,0772645859349
2026;91,0699067819172
2027;91,0649025192994
2028;91,0624468734302
2029;91,0596663905858
2030;91,0558656910619
2031;91,0537653105277
2032;91,0541793819994
2033;91,054641893465
2034;91,0541866047667
2035;91,054675110053
2036;91,056260638067
2037;91,0565430445688
2038;91,0554786066243
2039;91,0560789570851
2040;91,0589314971311
2041;91,0608824952467
2042;91,0604419921339
2043;91,0596996055365
2044;91,0596317649486
2045;91,0585037733797
2046;91,0562823703288
2047;91,0556474015202
2048;91,0570118280917
2049;91,0571926020434
2050;91,0546688024156
2051;91,05174419268
2052;91,0500753224403
2053;91,0484474560429
2054;91,0462977304722
2055;91,0450927877721
2056;91,0447986707559
2057;91,0432001009986
2058;91,0401983016164
2059;91,0387748114074
2060;91,0401752194713
2061;91,0420638032174
2062;91,0426567555316
2063;91,0428006834032
2064;91,0429171409418
2065;91,0419900428075
2066;91,0407322364489
2067;91,0416059819648
2068;91,0444754676375
2069;91,0462194021542
2070;91,0456739477056
2071;91,0450138321198
2072;91,0453306154249
2073;91,0449054856686
2074;91,0429788902242
2075;91,0411724777889
2076;91,040119219851
2077;91,0385426626866
2078;91,0365119578268
2079;91,0358670718955
2080;91,0364306584628
2081;91,0358217661943
2082;91,0338428867225
2083;91,0330222136101
2084;91,0340897458337
2085;91,0349916932797
2086;91,0350980117336
2087;91,0360556664415
2088;91,0376404327904
2089;91,0372257800562
2090;91,03454386806
2091;91,0326983500906
2092;91,0331914481649
2093;91,0340708483561
2094;91,0340698752682
2095;91,0343316925296
2096;91,0348788292925
2097;91,0337183303942
2098;91,0309205835011
2099;91,0295378421025
2100;91,0308732811059
2101;91,032575854241
2102;91,0327855681156
2103;91,0324644045541
2104;91,032488816637
2105;91,0321474473294
2106;91,031749133393
2107;91,0329923302935
2108;91,0354813551692
2109;91,0365030780208
2110;91,0354372152775
2111;91,0348632033319
2112;91,0362375913575
2113;91,0380327541552
2114;91,0390862795086
2115;91,0400553842306
2116;91,0405479552496
2117;91,038684153494
2118;91,034789109521
2119;91,0318976117476
2120;91,0313327327015
2121;91,0312022316798
2122;91,0302459118666
2123;91,0295425284418
2124;91,0293623028168
2125;91,0280753928826
2126;91,0254611039403
2127;91,0235518046043
2128;91,022895590484
2129;91,0213994401536
2130;91,0180989761252
2131;91,0147118986703
2132;91,0122580210291
2133;91,0094648345508
2134;91,005700210953
2135;91,0022044574007
2136;90,999241735184
2137;90,9952325514111
2138;90,9898594133079
2139;90,9849674041906
2140;90,981337943113
2141;90,9775435111003
2142;90,9728101075781
2143;90,9679648951267
2144;90,962852829582
2145;90,9560213658246
2146;90,9477454495008
2147;90,9402451605194
2148;90,9342256129261
2149;90,928280915786
2150;90,9221510602669
2151;90,9171905317992
2152;90,9131412975311
2153;90,9080488668797
2154;90,9021105659708
2155;90,8980374189501
2156;90,8966997705479
2157;90,8957745283453
2158;90,8934968734954
2159;90,8904323031891
2160;90,8868949678337
2161;90,8821747743996
2162;90,8771717217426
2163;90,874266276795
2164;90,8735756880324
2165;90,8726150740451
2166;90,8704318514298
2167;90,868694951749
2168;90,8679615199751
2169;90,8664474623723
2170;90,8634314083753
2171;90,860378768159
2172;90,8577278708556
2173;90,8540743091839
2174;90,8495599225568
2175;90,8465353905753
2176;90,8456815949186
2177;90,8448394058269
2178;90,8428176252753
2179;90,8410292845311
2180;90,8402309047735
2181;90,8390350190569
2182;90,8369193010723
2183;90,8353967044153
2184;90,8348355605926
2185;90,8333033172372
2186;90,8299761974185
2187;90,8266794702603
2188;90,8246523270128
2189;90,8226808791182
2190;90,819786120884
2191;90,8169869088115
2192;90,8151121774446
2193;90,8135189003468
2194;90,8121276430009
2195;90,8120799499378
2196;90,8132472701004
2197;90,8136294194923
2198;90,8122609734944
2199;90,810332504353
2200;90,8086767222231
2201;90,8066461884824
2202;90,8041034116892
2203;90,8019122808344
2204;90,7999124876336
2205;90,7970869793329
2206;90,794120871377
2207;90,7928694501526
2208;90,7928899554865
2209;90,7916482301159
2210;90,7886996350732
2211;90,7863864271064
2212;90,7856820009823
2213;90,7847115184708
2214;90,7823309943509
2215;90,7798272497887
2216;90,7778648657538
2217;90,7749159179646
2218;90,7700847314369
2219;90,7646777423572
2220;90,7597527842744
2221;90,7548176497796
2222;90,7499956314554
2223;90,7466758726557
2224;90,7448719618773
2225;90,7425861321994
2226;90,7388571872495
2227;90,7349102291388
2228;90,7314439165982
2229;90,7274934166278
2230;90,7228719183206
2231;90,7189710611882
2232;90,7161290315355
2233;90,7128597959002
2234;90,7086043914447
2235;90,7045881162592
2236;90,70109608823
2237;90,6966951739242
2238;90,6911132691416
2239;90,6860697552309
2240;90,6821627494328
2241;90,6776342827232
2242;90,6714189723778
2243;90,6648880162936
2244;90,6595115600113
2245;90,6551875538667
2246;90,6517891335137
2247;90,6497558563706
2248;90,6481452828098
2249;90,6446465002086
2250;90,638647048034
2251;90,6321343184962
2252;90,6266463412966
2253;90,6217156269309
2254;90,6168257966097
2255;90,6125019735355
2256;90,6084150529068
2257;90,6032184021573
2258;90,596899338659
2259;90,5911503421824
2260;90,5865438592391
2261;90,5818455846564
2262;90,5766783277432
2263;90,5720441855764
2264;90,5677912339585
2265;90,5622365473618
2266;90,555360788421
2267;90,5493893762031
2268;90,5453396965601
2269;90,5415149189471
2270;90,5363969548187
2271;90,5304609437089
2272;90,5241789228711
2273;90,5171076232992
2274;90,5096811715078
2275;90,5034700334411
2276;90,4983419713614
2277;90,4923330232485
2278;90,4850255652122
2279;90,4786512561454
2280;90,4744406919646
2281;90,4706372877298
2282;90,4653559254309
2283;90,4589295030275
2284;90,4523065746896
2285;90,4454090873017
2286;90,4386885840457
2287;90,4335206522582
2288;90,4298823551844
2289;90,4254564096576
2290;90,4191073985255
2291;90,41241994718
2292;90,407095127256
2293;90,4025070857402
2294;90,3973625332261
2295;90,3913726363486
2296;90,3839536020858
2297;90,374482000869
2298;90,3635341924575
2299;90,3539511310355
2300;90,3463954679493
2301;90,3396524903791
2302;90,3319360215074
2303;90,3246176773486
2304;90,3181528004405
2305;90,3127561925726
2306;90,308280068865
2307;90,3065569512923
2308;90,3063534457924
2309;90,3049789610573
2310;90,3001276683318
2311;90,2938632962606
2312;90,2870139413524
2313;90,280716087719
2314;90,2755208106462
2315;90,2736515983466
2316;90,271856064754
2317;90,266637378969
2318;90,2557283899241
2319;90,2432355934808
2320;90,2303103881973
2321;90,2178685584589
2322;90,2085446859096
2323;90,2089630275691
2324;90,2186013266732
2325;90,2291437956477
2326;90,2338526235372
2327;90,2317402505363
2328;90,2225363839866
2329;90,2063445240988
2330;90,1889273507617
2331;90,1829832746045
2332;90,1896520871352
2333;90,2021810152395
2334;90,2103806580316
2335;90,2133087658377
2336;90,210850678837
2337;90,2068872633959
2338;90,2051390109539
2339;90,2070243479203
2340;90,2077263398694
2341;90,2039312977861
2342;90,1941935413154
2343;90,1800948117315
2344;90,167075933244
2345;90,1652015964958
2346;90,1818574826345
2347;90,2044449477447
2348;90,2161529103853
2349;90,2117009636093
2350;90,198251362393
2351;90,187790280916
2352;90,1897454143644
2353;90,200578354532
2354;90,2044516972902
2355;90,1989711643735
2356;90,1953610744385
2357;90,1966496756206
2358;90,1974399355979
2359;90,1955184829663
2360;90,196547465846
2361;90,2017869568475
2362;90,2035539606878
2363;90,1992918315275
2364;90,1929988612456
2365;90,1863120142525
2366;90,1822192582825
2367;90,1866525291878
2368;90,1981536811018
2369;90,2068762274964
2370;90,2076383373371
2371;90,2044216840142
2372;90,2011878074772
2373;90,1971885309019
2374;90,1917024925041
2375;90,186012101725
2376;90,180138988455
2377;90,1729647544617
2378;90,1660246852605
2379;90,1630739837873
2380;90,1658055890543
2381;90,17275705695
2382;90,1818308881816
2383;90,1912539023754
2384;90,1985127734716
2385;90,2012690359961
2386;90,1998001306074
2387;90,1966114999364
2388;90,1934623587417
2389;90,1905071164562
2390;90,1881356027339
2391;90,1872569266259
2392;90,1873814994279
2393;90,1866179709346
2394;90,1841787385669
2395;90,1810713413418
2396;90,1779726872292
2397;90,1743681251084
2398;90,1701161363922
2399;90,1658951804914
2400;90,1617624789546
2401;90,1572406712687
2402;90,153109131822
2403;90,1510513688928
2404;90,1510567718413
2405;90,1510775793658
2406;90,1497354564019
2407;90,1475758165612
2408;90,1452947060411
2409;90,142637178763
2410;90,1395820242745
2411;90,1368974268168
2412;90,1349692009133
2413;90,1334672864914
2414;90,1323543836693
2415;90,1317684719316
2416;90,1309559317028
2417;90,1289916645018
2418;90,1265165027509
2419;90,1250457871514
2420;90,12465314179
2421;90,1241064576307
2422;90,1230710416932
2423;90,122209975851
2424;90,1213128200607
2425;90,1195039540313
2426;90,1172619768445
2427;90,1160073320512
2428;90,1155997415641
2429;90,1144248730105
2430;90,1120536663965
2431;90,109592390487
2432;90,1072839213425
2433;90,1041317291948
2434;90,1002083263571
2435;90,0969663427619
2436;90,0947243652919
2437;90,0920407656495
2438;90,0881970858648
2439;90,0842849627405
2440;90,0812477021635
2441;90,078742488748
2442;90,0764201735534
2443;90,0743920204284
2444;90,0719111358658
2445;90,0675297412894
2446;90,0612421819181
2447;90,0548278268667
2448;90,0495904041009
2449;90,0453608069424
2450;90,0419711099439
2451;90,0398100965465
2452;90,0383972750402
2453;90,0361691032418
2454;90,0323583669999
2455;90,0277568011236
2456;90,0233102320334
2457;90,0193057263323
2458;90,0159658194318
2459;90,0132553317743
2460;90,0100647123524
2461;90,0052754587992
2462;89,9997243226221
2463;89,9954389223309
2464;89,9928716056078
2465;89,9905616629866
2466;89,9874690543966
2467;89,9838213158415
2468;89,9797221799056
2469;89,9749570579823
2470;89,9703409305542
2471;89,967258091942
2472;89,9655058942245
2473;89,9633370560658
2474;89,959878019738
2475;89,9558277137214
2476;89,9516749641158
2477;89,9470399520315
2478;89,9419562570816
2479;89,9370532754858
2480;89,932304422255
2481;89,9272404943049
2482;89,9223613765992
2483;89,9185284811272
2484;89,9150145879128
2485;89,9101070024523
2486;89,9037032840224
2487;89,8973852869666
2488;89,8918953820148
2489;89,8865653402664
2490;89,8813091709854
2491;89,8769961749489
2492;89,8735119382461
2493;89,8695094023742
2494;89,8645479313464
2495;89,8596290874425
2496;89,8552343125827
2497;89,85066146064
2498;89,8456778814603
2499;89,8410107172748
2500;89,8367491272885
2501;89,8319412289884
2502;89,8261960119843
2503;89,8200916640119
2504;89,8137539611505
2505;89,8065732106603
2506;89,7985945375749
2507;89,7906424399042
2508;89,7828809823212
2509;89,7747528911882
2510;89,7664093452344
2511;89,7586375621147
2512;89,7513327850416
2513;89,7436016531591
2514;89,7353495350142
2515;89,7271881740414
2516;89,7189069655733
2517;89,7097247235299
2518;89,6999165623912
2519;89,6904575884091
2520;89,6812280039532
2521;89,6713803543271
2522;89,661294433763
2523;89,6522767778796
2524;89,6445132788746
2525;89,6372712177829
2526;89,6308691763452
2527;89,6262420091707
2528;89,6226230354833
2529;89,6179478085053
2530;89,6117411351431
2531;89,6054902931843
2532;89,6000279128168
2533;89,5947439327302
2534;89,5895971202483
2535;89,5856101768543
2536;89,5828733954018
2537;89,5801489503987
2538;89,5770089959576
2539;89,5744384286021
2540;89,572772596469
2541;89,5708451956734
2542;89,5676936207718
2543;89,563461562609
2544;89,5583195450722
2545;89,5522819931174
2546;89,546401215833
2547;89,5422453727812
2548;89,5396822488374
2549;89,5368714097984
2550;89,5328723941147
2551;89,5285991843089
2552;89,5248042976572
2553;89,5208167527097
2554;89,5157838159975
2555;89,5096746348343
2556;89,502666373918
2557;89,4949435506733
2558;89,4873547158104
2559;89,4808432685544
2560;89,4750038767365
2561;89,4684756724418
2562;89,4607231180024
2563;89,4521267622527
2564;89,4427139791649
2565;89,4325212923519
2566;89,4228393452957
2567;89,4150372327535
2568;89,4082395882514
2569;89,4002490582922
2570;89,3908208010506
2571;89,3819307982916
2572;89,3746355169164
2573;89,3677918081433
2574;89,360251082003
2575;89,3523087126452
2576;89,3444861251344
2577;89,3366804496296
2578;89,3289796520365
2579;89,3216743917084
2580;89,3141613076565
2581;89,3054841468076
2582;89,2961566473451
2583;89,2877164381938
2584;89,2802798451732
2585;89,2723304210269
2586;89,2631578178678
2587;89,2537016919088
2588;89,2447141086262
2589;89,2358960398554
2590;89,2271684226264
2591;89,2190384024233
2592;89,2113970499323
2593;89,2036793770219
2594;89,1964529845514
2595;89,1909863197907
2596;89,1868312945333
2597;89,1816175018824
2598;89,1738036554023
2599;89,1641607399356
2600;89,1542094141642
2601;89,1446924196927
2602;89,1358121475913
2603;89,1273992475735
2604;89,1185806602471
2605;89,1087097766307
2606;89,0986449835889
2607;89,089558207654
2608;89,0806484133592
2609;89,069956567624
2610;89,0574718881482
2611;89,0453703283359
2612;89,0348711185721
2613;89,0248124891755
2614;89,0137486327398
2615;89,0015878317018
2616;88,9886544532635
2617;88,9748663545862
2618;88,9604027268066
2619;88,9457044331356
2620;88,9304367146735
2621;88,9138329251243
2622;88,8961739835976
2623;88,8784542967696
2624;88,8606973988343
2625;88,8423300548685
2626;88,8240214420349
2627;88,8070406340532
2628;88,7907798461575
2629;88,7732806275755
2630;88,7546601971056
2631;88,7377453008737
2632;88,724546730047
2633;88,7140494739484
2634;88,7042165688361
2635;88,6943362618137
2636;88,684635745763
2637;88,6753529682429
2638;88,6670615494819
2639;88,6603686405088
2640;88,6544990929192
2641;88,6475552961679
2642;88,6387721022698
2643;88,6291351971548
2644;88,6193747273856
2645;88,6089954986012
2646;88,5978585873937
2647;88,5870017325132
2648;88,576980509505
2649;88,5667062740663
2650;88,5546836826024
2651;88,5402850863174
2652;88,523372820186
2653;88,504019264616
2654;88,4831600259223
2655;88,4622308506238
2656;88,4415395450576
2657;88,4200351370656
2658;88,3970058405831
2659;88,3728724919184
2660;88,3481669048768
2661;88,3231382280069
2662;88,2986665280724
2663;88,2761148220092
2664;88,2557861819056
2665;88,2367214761108
2666;88,2183403113818
2667;88,2011104433523
2668;88,1854716881306
2669;88,1714791853451
2670;88,1597090490298
2671;88,1510449098888
2672;88,1451694536945
2673;88,1405108338412
2674;88,1359446488176
2675;88,1313745266837
2676;88,1266500054765
2677;88,1214279290091
2678;88,1162676466604
2679;88,1123299416186
2680;88,1097600075997
2681;88,1078704769294
2682;88,1070706515308
2683;88,1088741617556
2684;88,113573084146
2685;88,1195311976873
2686;88,1253130306277
2687;88,1310373901594
2688;88,1371971373028
2689;88,1437285582729
2690;88,1508378562593
2691;88,1592258239402
2692;88,1687790241797
2693;88,1783294125605
2694;88,1872435572927
2695;88,1958745186151
2696;88,2038890090835
2697;88,2096410815334
2698;88,2120366377054
2699;88,2118274393894
2700;88,2103580983625
2701;88,208169659631
2702;88,2054475255084
2703;88,2025674465302
2704;88,1993028379351
2705;88,1944141749282
2706;88,1868077534887
2707;88,1764893559262
2708;88,1640475397575
2709;88,1500178256372
2710;88,1349834667422
2711;88,1193291005044
2712;88,1026761955009
2713;88,0846110035023
2714;88,0661746981004
2715;88,0494654770081
2716;88,035420545567
2717;88,0230001085577
2718;88,0107257101498
2719;87,997866973819
2720;87,9839589627908
2721;87,9685240203335
2722;87,9517098119031
2723;87,934037123323
2724;87,9151837764178
2725;87,8942621500024
2726;87,871704437263
2727;87,8496644536599
2728;87,8301539845341
2729;87,8140211964358
2730;87,8021328408819
2731;87,7960044462317
2732;87,7962487386385
2733;87,8013454565695
2734;87,808807456215
2735;87,8169643662723
2736;87,8251546038171
2737;87,8330219053852
2738;87,8402422179738
2739;87,8463531888204
2740;87,850481735465
2741;87,8518623119542
2742;87,8507996862077
2743;87,8483136778789
2744;87,8446572226087
2745;87,8391279051864
2746;87,8315827040732
2747;87,8230611380971
2748;87,8143935142792
2749;87,8051191914276
2750;87,7944481366491
2751;87,7826730707269
2752;87,7710415138791
2753;87,7605586294495
2754;87,7511302434486
2755;87,7414483379784
2756;87,7296540015808
2757;87,7147297546444
2758;87,6974815590272
2759;87,679801600736
2760;87,6629834871653
2761;87,6470749820694
2762;87,6314518383165
2763;87,6152553180266
2764;87,5975278537665
2765;87,5778255844822
2766;87,556670022222
2767;87,5347009677524
2768;87,5115774767992
2769;87,4864537400227
2770;87,4591923834698
2771;87,4301087793483
2772;87,3987183055422
2773;87,363838662268
2774;87,3250072836594
2775;87,2829197842392
2776;87,2384213493552
2777;87,1917902744805
2778;87,1428953703551
2779;87,0912839702922
2780;87,0362804751243
2781;86,9778182631487
2782;86,917041098703
2783;86,8553357730853
2784;86,7929828528651
2785;86,7294701250312
2786;86,6647706276783
2787;86,5994854997032
2788;86,5341024525365
2789;86,4689604898461
2790;86,4044773507307
2791;86,3404164158419
2792;86,2753159860956
2793;86,2076362471037
2794;86,1371172741056
2795;86,0641072510926
2796;85,9881247192136
2797;85,9082511272725
2798;85,8245094239564
2799;85,7376244352737
2800;85,6476663647076
2801;85,553957115199
2802;85,4559254428373
2803;85,3529979348918
2804;85,2441057774052
2805;85,1284535987163
2806;85,006354328811
2807;84,8781584931613
2808;84,7428221588113
2809;84,5986878291337
2810;84,4451101798019
2811;84,2820079058558
2812;84,1083833133431
2813;83,9227678240921
2814;83,7247423870328
2815;83,5145940754854
2816;83,2918511963886
2817;83,0555467637508
2818;82,8053874343005
2819;82,5409036269061
2820;82,2595623521994
2821;81,957249317367
2822;81,6305644211859
2823;81,2773725500107
2824;80,8954709197044
2825;80,4823163640598
2826;80,0360120540577
2827;79,5552755806537
2828;79,0388605463848
2829;78,4866174506714
2830;77,9007660885496
2831;77,2840638381684
2832;76,6359956776219
2833;75,951136809092
2834;75,2198375676888
2835;74,4279019380188
2836;73,5551770728238
2837;72,5760386597479
2838;71,4613526322372
2839;70,1784240577577
2840;68,6896080063505
2841;66,9549186509877
2842;64,94083431616
2843;62,6311656285995
2844;60,0353100795458
2845;57,1925111390277
2846;54,1714318727176
2847;51,0642222586794
2848;47,9772817251165
2849;45,0233321726492
2850;42,3170868580543
2851;39,9726357926742
2852;38,0984255559278
2853;36,7862451194114
2854;36,0956221073189
2855;36,0420521649224
2856;36,5969804229365
2857;37,6979694929778
2858;39,2606780978645
2859;41,1870195423545
2860;43,3695197285966
2861;45,6941595364482
2862;48,0442408807065
2863;50,3069953737084
2864;52,381782986546
2865;54,1871822458589
2866;55,6668405926344
2867;56,7971839052246
2868;57,5980561285542
2869;58,1406337752992
2870;58,5422766552649
2871;58,94163451643
2872;59,45875890347
2873;60,1562991913093
2874;61,0211163109094
2875;61,9768461723053
2876;62,9201756312205
2877;63,7593551575476
2878;64,4355253704384
2879;64,9232764824792
2880;65,2206325204273
2881;65,3391580364681
2882;65,2971006398188
2883;65,1141845370192
2884;64,808241737596
2885;64,3946250363902
2886;63,8870578197112
2887;63,2979803619001
2888;62,6387168769815
2889;61,9203047803692
2890;61,1538866117846
2891;60,3496802644854
2892;59,5160037102345
2893;58,6598409045717
2894;57,7876599846119
2895;56,9045986841857
2896;56,0126358012872
2897;55,1096818979849
2898;54,1902588305974
2899;53,2473033901564
2900;52,2743729638254
2901;51,2669677469748
2902;50,2219481195553
2903;49,1360641001498
2904;48,0055143482108
2905;46,8262653164467
2906;45,5934118924654
2907;44,3000499408287
2908;42,937810011065
2909;41,4990122185584
2910;39,9785170844907
2911;38,3752714409234
2912;36,6947424322865
2913;34,9506796328145
2914;33,1637048309095
2915;31,3587123499793
2916;29,5651939546448
2917;27,8193351833017
2918;26,1625119181073
2919;24,6355535267213
2920;23,2738595192137
2921;22,1059148088746
2922;21,1525196370542
2923;20,4252914990251
2924;19,9266724913944
2925;19,65223827031
2926;19,5933526709305
2927;19,7395827968648
2928;20,0820480013695
2929;20,6163204486898
2930;21,3416876262777
2931;22,2572578258661
2932;23,3590610284988
2933;24,6398581252573
2934;26,0889926519572
2935;27,6903305043287
2936;29,4202548398432
2937;31,2481070449043
2938;33,1384431257425
2939;35,0530759465457
2940;36,952927038911
2941;38,8004680945363
2942;40,561507405473
2943;42,204167516611
2944;43,6960916583229
2945;45,003872133079
2946;46,0963196155801
2947;46,949311335613
2948;47,5504797455591
2949;47,9051071923267
2950;48,0430076112685
2951;48,0212032488516
2952;47,9169281621854
2953;47,8122185914432
2954;47,7781656370856
2955;47,8666833428283
2956;48,1111069363472
2957;48,5306679302724
2958;49,1339634345638
2959;49,9210803780989
2960;50,8864176324767
2961;52,0218472798746
2962;53,3174772712917
2963;54,7589342810191
2964;56,3238544928221
2965;57,9809670885961
2966;59,692468249224
2967;61,4181286619686
2968;63,1197653968789
2969;64,7651885573009
2970;66,3304599381223
2971;67,8000480651424
2972;69,1660726991292
2973;70,4274513156823
2974;71,5879269065587
2975;72,6527436246569
2976;73,6265245086016
2977;74,5141305153151
2978;75,3222738341343
2979;76,058816468789
2980;76,7306500328516
2981;77,3428424251541
2982;77,8988382321467
2983;78,399839378471
2984;78,8443006110148
2985;79,2297686255071
2986;79,5555183852421
2987;79,8220976332542
2988;80,028133601643
2989;80,1691331126664
2990;80,2402604074634
2991;80,2392124963705
2992;80,1650633595894
2993;80,0139433761768
2994;79,7762773244911
2995;79,4393189711631
2996;78,9936507347015
2997;78,4377865536262
2998;77,7768255629376
2999;77,0182020207469
3000;76,1713638416497
3001;75,2528472232999
3002;74,290722336904
3003;73,3235893045571
3004;72,3965716608481
3005;71,5581664119951
3006;70,8572916735894
3007;70,3385906317124
3008;70,0377227112206
3009;69,9794481592283
3010;70,1772404622272
3011;70,6308832277576
3012;71,3227368484818
3013;72,2178593740045
3014;73,2696454294896
3015;74,426476039927
3016;75,6357357180438
3017;76,8473049994522
3018;78,0190985265223
3019;79,1216537305367
3020;80,1377552819105
3021;81,0584296346232
3022;81,8801608737782
3023;82,6046933795149
3024;83,2389470629006
3025;83,7929187900274
3026;84,2762887468319
3027;84,6962809268489
3028;85,0584805147766
3029;85,3694027463372
3030;85,6370554816054
3031;85,8685545055575
3032;86,068613448115
3033;86,2416902470585
3034;86,394366290516
3035;86,5332435654814
3036;86,6606695916
3037;86,7743373665677
3038;86,8714638984112
3039;86,9523802054694
3040;87,0206635706315
3041;87,0814078719511
3042;87,1392612325264
3043;87,1964901163689
3044;87,2522911180604
3045;87,3045898466335
3046;87,3521860182649
3047;87,3942893392668
3048;87,4293716707443
3049;87,4567073801044
3050;87,4787384286214
3051;87,4995508774648
3052;87,5206268685176
3053;87,5399044040799
3054;87,5552693915471
3055;87,5670440411007
3056;87,576531772849
3057;87,5838232886145
3058;87,5880291065686
3059;87,5885878460932
3060;87,5857797232572
3061;87,5812442209939
3062;87,5780886530754
3063;87,5790029136942
3064;87,5838884247284
3065;87,591014931576
3066;87,6010098523692
3067;87,6178233413606
3068;87,6447023322391
3069;87,6805957804734
3070;87,7215729386819
3071;87,7644210706082
3072;87,8076662240832
3073;87,8501625057911
3074;87,8901315213394
3075;87,9253997319562
3076;87,9544388436582
3077;87,9780405411816
3078;88,0001155447997
3079;88,025245116186
3080;88,0542962713091
3081;88,0835558853231
3082;88,1089739703221
3083;88,130359158317
3084;88,1506976183478
3085;88,172247585839
3086;88,1941281746623
3087;88,2132782838411
3088;88,227406839549
3089;88,2374193328918
3090;88,2472102309439
3091;88,2602841609504
3092;88,2764295317965
3093;88,2924417130381
3094;88,3058038838632
3095;88,3163295083446
3096;88,3242942841624
3097;88,3292113456999
3098;88,3314778991481
3099;88,3336308969468
3100;88,3384495547196
3101;88,3465122140162
3102;88,3564538602384
3103;88,3666092433431
3104;88,3752944238428
3105;88,3804079941634
3106;88,3806377113743
3107;88,3774656059102
3108;88,3751821736921
3109;88,3780566505603
3110;88,3870758405092
3111;88,3984948392828
3112;88,4056102036908
3113;88,4036379109229
3114;88,3940481449341
3115;88,3836099162473
3116;88,3783407219403
3117;88,3788510788241
3118;88,3818610658577
3119;88,3852269512634
3120;88,3902457214044
3121;88,3992977481183
3122;88,4123168028449
3123;88,4260776586584
3124;88,4366797838907
3125;88,4422222698802
3126;88,4430032967671
3127;88,4402274286341
3128;88,4355711956632
3129;88,431533090231
3130;88,4305498896187
3131;88,4328110902607
3132;88,435963640884
3133;88,4379235799497
3134;88,4387545682447
3135;88,4385571901832
3136;88,435225585227
3137;88,4269391055191
3138;88,4162381897377
3139;88,4089444790068
3140;88,4084366357635
3141;88,4127686967236
3142;88,4177460681569
3143;88,4210045403968
3144;88,4224467783489
3145;88,422610393293
3146;88,4218335545286
3147;88,4200144684934
3148;88,4158944096732
3149;88,4074383243864
3150;88,3944426359553
3151;88,3805995196783
3152;88,3717075292006
3153;88,371184588038
3154;88,3773604699414
3155;88,3850495911972
3156;88,3896443829451
3157;88,3900564956851
3158;88,3882352402445
3159;88,3863144830454
3160;88,3846529809664
3161;88,382533774858
3162;88,379757286211
3163;88,3766742976586
3164;88,3732154564921
3165;88,3690425737884
3166;88,3646155056418
3167;88,3611312339295
3168;88,3592183143588
3169;88,3583337178492
3170;88,3574775478484
3171;88,3558094787198
3172;88,3529281289817
3173;88,349269920331
3174;88,3460579451316
3175;88,3441128325562
3176;88,3428441035323
3177;88,3410331474944
3178;88,338256603453
3179;88,3349190203912
3180;88,3313331145901
3181;88,3277272736847
3182;88,324816549888
3183;88,3231801559596
3184;88,3221003832598
3185;88,3200604057432
3186;88,3165295808134
3187;88,3124796865821
3188;88,3091937955385
3189;88,3073410190286
3190;88,3070657275202
3191;88,3078145032584
3192;88,3083773195767
3193;88,3079182667188
3194;88,306881589651
3195;88,3061232884069
3196;88,3054803153066
3197;88,3042341240137
3198;88,302666685612
3199;88,3019042542241
3200;88,3021289631531
3201;88,3022011031386
3202;88,3013550965346
3203;88,3001990252852
3204;88,299744712608
3205;88,3002417106061
3206;88,3013115160612
3207;88,3023935902423
3208;88,3029383591542
3209;88,3027315227065
3210;88,302247031901
3211;88,3021154310471
3212;88,3022799487372
3213;88,3022400148286
3214;88,3020484351747
3215;88,3022124780711
3216;88,3026477011341
3217;88,3026436942338
3218;88,3020289158991
3219;88,3015227852433
3220;88,3016254131253
3221;88,3019158018538
3222;88,3017482429941
3223;88,3009009061245
3224;88,2993920012262
3225;88,2971810730153
3226;88,294453078013
3227;88,291754166678
3228;88,2893904997023
3229;88,2865005806877
3230;88,2811025587071
3231;88,2719766782246
3232;88,2610471668035
3233;88,2533401462125
3234;88,2532482580684
3235;88,2602285545986
3236;88,2690288270718
3237;88,2746090925106
3238;88,2759120058258
3239;88,2748028728701
3240;88,2729475620205
3241;88,2709321024903
3242;88,2689826450768
3243;88,266504039127
3244;88,2616588548274
3245;88,2534890780155
3246;88,2444024969051
3247;88,2386704481605
3248;88,2382477205783
3249;88,241288047579
3250;88,2445654198393
3251;88,2458781875129
3252;88,2440686692992
3253;88,2387257718073
3254;88,2311187676594
3255;88,2242200129787
3256;88,2204439374812
3257;88,2196702372144
3258;88,2198791286301
3259;88,2193552043562
3260;88,2176641162988
3261;88,2150489707848
3262;88,2117352188932
3263;88,2078977414138
3264;88,2039357861636
3265;88,2003702805006
3266;88,1967932837956
3267;88,1906718098834
3268;88,1788363882283
3269;88,1615672142122
3270;88,1445582164737
3271;88,1348138021895
3272;88,1339564757404
3273;88,1368747974634
3274;88,1376228933548
3275;88,1352237489374
3276;88,1327524315169
3277;88,1324277643783
3278;88,1334522159253
3279;88,1338824922328
3280;88,1325557702949
3281;88,1289870008588
3282;88,1229657755108
3283;88,1150671768237
3284;88,1068005706498
3285;88,0996618782952
3286;88,0940609327064
3287;88,0889633433378
3288;88,0823744519661
3289;88,0726104137703
3290;88,0601605907942
3291;88,0482976080451
3292;88,0406646350752
3293;88,0378923435008
3294;88,0376304277953
3295;88,0381114707533
3296;88,0401562930972
3297;88,0448516446677
3298;88,0506880281504
3299;88,0545937184502
3300;88,0549840608208
3301;88,0518729762034
3302;88,0444808174059
3303;88,031578144105
3304;88,015083789983
3305;88,0012090767073
3306;87,9959962182966
3307;88,0003083694364
3308;88,0100799045399
3309;88,0205075258792
3310;88,0288655461806
3311;88,0344015524421
3312;88,0376241963661
3313;88,0397747979805
3314;88,0415453336924
3315;88,0421013681994
3316;88,0403206555934
3317;88,0367827273584
3318;88,0332435663208
3319;88,0302188987092
3320;88,0264291351704
3321;88,0206518732972
3322;88,0127908888474
3323;88,0033600796052
3324;87,9935911927578
3325;87,9861633088848
3326;87,9836900146028
3327;87,9855869312084
3328;87,9879822559559
3329;87,9876429369829
3330;87,9846494961127
3331;87,9806743673947
3332;87,9763202934146
3333;87,9711992344408
3334;87,9648934415968
3335;87,9564288289221
3336;87,9445206397642
3337;87,9303356689858
3338;87,9186372657452
3339;87,9137149272848
3340;87,9145912894574
3341;87,9162331730094
3342;87,9152133859834
3343;87,9123485773597
3344;87,9099823775988
3345;87,9086054068526
3346;87,9064235870507
3347;87,9008413793538
3348;87,8903692493269
3349;87,8766472166898
3350;87,8645984420316
3351;87,8589483747999
3352;87,8598540224255
3353;87,8629973032047
3354;87,8642005705606
3355;87,8626223207186
3356;87,859342776441
3357;87,8547513059146
3358;87,8486193010555
3359;87,8416167732605
3360;87,8352633075
3361;87,8303366172689
3362;87,8260192964954
3363;87,820579247825
3364;87,812528886254
3365;87,801332865706
3366;87,7875147190367
3367;87,77249976426
3368;87,7586762245965
3369;87,7493342519376
3370;87,7472550937364
3371;87,7521051580337
3372;87,7594904387736
3373;87,7638541387357
3374;87,7627658291547
3375;87,7579032120761
3376;87,7522381305228
3377;87,7472852495182
3378;87,7430337895651
3379;87,7391218846337
3380;87,7353838576159
3381;87,7317447899923
3382;87,7280786272533
3383;87,7239093715984
3384;87,7183745434037
3385;87,7111258952598
3386;87,7029988682444
3387;87,6948162712874
3388;87,685432771703
3389;87,6726887124483
3390;87,6571676756926
3391;87,6437765717495
3392;87,6378103618322
3393;87,6395709780663
3394;87,6440728227291
3395;87,6457066346294
3396;87,6416864352852
3397;87,6314621140652
3398;87,6156242132925
3399;87,5970303088448
3400;87,5814994701366
3401;87,5747345374822
3402;87,577696962738
3403;87,5857092566157
3404;87,592466463092
3405;87,5945280556093
3406;87,5920701479571
3407;87,5868059432008
3408;87,5800874439997
3409;87,5725928269316
3410;87,5646983379388
3411;87,5567561446793
3412;87,5491989666497
3413;87,5424490182532
3414;87,5368788815613
3415;87,5327842177618
3416;87,5300450563466
3417;87,5275937778448
3418;87,5237234398209
3419;87,5176293365365
3420;87,5105822154034
3421;87,5047130562488
3422;87,5003921219519
3423;87,4956165775164
3424;87,4883566919675
3425;87,4787502790169
3426;87,4682734990704
3427;87,4576186151088
3428;87,4465799067728
3429;87,4356099987052
3430;87,4258714659599
3431;87,4172995308233
3432;87,4079680337877
3433;87,3962648898794
3434;87,3832033281387
3435;87,3716259388219
3436;87,3634273821136
3437;87,3582310500957
3438;87,3542811911237
3439;87,349918743794
3440;87,3437840230926
3441;87,3350700091754
3442;87,3239068341066
3443;87,3110093883937
3444;87,2968511967312
3445;87,2816353128814
3446;87,2657720862314
3447;87,2496493705353
3448;87,2329721682812
3449;87,2150136358602
3450;87,1955547438808
3451;87,1750298084271
3452;87,1537859923602
3453;87,1317508370218
3454;87,1088955266253
3455;87,085390717162
3456;87,0612042384064
3457;87,0362479541686
3458;87,0108208254591
3459;86,9856428049666
3460;86,9609586003414
3461;86,9367420737851
3462;86,9135247896555
3463;86,8921473713201
3464;86,8726930470118
3465;86,8544403546438
3466;86,8369703794729
3467;86,8206723246494
3468;86,8059300132008
3469;86,7926998155622
3470;86,7811525578815
3471;86,7720505514346
3472;86,7661189698033
3473;86,7635557915537
3474;86,764575855835
3475;86,769781790509
3476;86,7797631852797
3477;86,7943369491582
3478;86,8119617299856
3479;86,8300236027677
3480;86,8464181831564
3481;86,8614208347728
3482;86,8778766933587
3483;86,8985764645072
3484;86,9233299139837
3485;86,9491760476602
3486;86,9732405090478
3487;86,9949004218601
3488;87,0153816262911
3489;87,0362732348133
3490;87,0584053603126
3491;87,0815390844
3492;87,1045966924848
3493;87,1264055589031
3494;87,1465724335694
3495;87,1654340223338
3496;87,1830898102384
3497;87,1992868004843
3498;87,2142478963948
3499;87,2290246523896
3500;87,2444473253772
3501;87,2595892268936
3502;87,2718504910369
3503;87,2794183235686
3504;87,2836909089404
3505;87,2882599759284
3506;87,2952917529694
3507;87,3039722188589
3508;87,3125031140883
3509;87,3204638459484
3510;87,328647818578
3511;87,3375391825877
3512;87,3466591676656
3513;87,3553455513048
3514;87,363357069298
3515;87,370607647272
3516;87,3766228778867
3517;87,3813060454132
3518;87,3855303397174
3519;87,3904153772906
3520;87,3960877535165
3521;87,402071764311
3522;87,4080106179498
3523;87,4140819242187
3524;87,4205998369209
3525;87,4273126812129
3526;87,4331562252028
3527;87,4370421010968
3528;87,4391709989396
3529;87,4408529792342
3530;87,4428400393424
3531;87,4444813637192
3532;87,444658679523
3533;87,4430498715892
3534;87,4402720369095
3535;87,4376972679643
3536;87,4370133825897
3537;87,4391994358098
3538;87,4426290460056
3539;87,444016628008
3540;87,4414486686422
3541;87,4364627777032
3542;87,431517801207
3543;87,4272779260775
3544;87,4239416603036
3545;87,4232508304566
3546;87,4271046308461
3547;87,4341561483383
3548;87,4403330490288
3549;87,4428511029908
3550;87,4422678075442
3551;87,4410455432924
3552;87,4412903666884
3553;87,4434589152195
3554;87,4465572496054
3555;87,4490971490972
3556;87,4500328871747
3557;87,4494041980922
3558;87,4481070374229
3559;87,4468955700022
3560;87,4464365401661
3561;87,4473899325393
3562;87,450148745762
3563;87,4543949138315
3564;87,4596084300656
3565;87,4657631273583
3566;87,4725157387553
3567;87,4776991623629
3568;87,4792522084097
3569;87,4790091734943
3570;87,4798116939072
3571;87,4818810070046
3572;87,4839464784304
3573;87,4858003257977
3574;87,488612887275
3575;87,4932764206201
3576;87,4986426420265
3577;87,5028165308398
3578;87,5050266296042
3579;87,5052946081822
3580;87,5037467741558
3581;87,5020527682171
3582;87,5013194305076
3583;87,5008814252052
3584;87,4991638543328
3585;87,4981197801289
3586;87,502410661276
3587;87,5131164795241
3588;87,5243683789612
3589;87,5302152521278
3590;87,531736789535
3591;87,5318443917369
3592;87,5310957027046
3593;87,5290356361893
3594;87,5262337583614
3595;87,5241296853919
3596;87,521941731038
3597;87,5183309675932
3598;87,5136879151785
3599;87,5099320729381
3600;87,5063322275192
3601;87,5023796387961
3602;87,4976491398539
3603;87,4920323517152
3604;87,4857570279115
3605;87,4800576849204
3606;87,4759972928758
3607;87,4742843252879
3608;87,4740331681751
3609;87,4734935387354
3610;87,4726123144391
3611;87,470838996146
3612;87,4674373196082
3613;87,4624306384002
3614;87,4575772941265
3615;87,4553558484638
3616;87,4559024361336
3617;87,4575132230013
3618;87,4577482733571
3619;87,4544763665262
3620;87,4481926588471
3621;87,4431825901406
3622;87,4422571302087
3623;87,4438968469396
3624;87,4458282100735
3625;87,446913649581
3626;87,4469693070027
3627;87,4462122811003
3628;87,4441146902737
3629;87,4409697822042
3630;87,4405423025955
3631;87,4431487820012
3632;87,4447059440779
3633;87,4429082060545
3634;87,4388045414114
3635;87,4346738574971
3636;87,4317915951017
3637;87,4296909610384
3638;87,4274560919941
3639;87,4248833567541
3640;87,4220981573073
3641;87,4195040101938
3642;87,4164984710306
3643;87,4124360911957
3644;87,4079112489231
3645;87,4046454571315
3646;87,4039300426135
3647;87,4043469636519
3648;87,4044742798528
3649;87,4034504268772
3650;87,4008030841675
3651;87,3987746333223
3652;87,4008622522362
3653;87,4057252379244
3654;87,4086479426046
3655;87,4061412394559
3656;87,3986525878681
3657;87,3907083335957
3658;87,3851402357264
3659;87,3813249838672
3660;87,3796238343446
3661;87,3824311248362
3662;87,3887898013304
3663;87,3947421999416
3664;87,3964909406319
3665;87,3948293027175
3666;87,3932297504019
3667;87,3936931827161
3668;87,39654157182
3669;87,3998067916188
3670;87,4010673308792
3671;87,4016608611942
3672;87,4035128416386
3673;87,4062034020194
3674;87,409339775834
3675;87,4104567519734
3676;87,407054813367
3677;87,4028692195062
3678;87,3993490144336
3679;87,3951932877714
3680;87,3919239769684
3681;87,3910620810081
3682;87,3906050145606
3683;87,3897305459438
3684;87,388242046203
3685;87,3864895594324
3686;87,3853973701914
3687;87,384912860049
3688;87,3838560059232
3689;87,3818194958472
3690;87,3828805244486
3691;87,388022871376
3692;87,3929884874703
3693;87,3951759611014
3694;87,3964992099893
3695;87,3980843748493
3696;87,3984193210919
3697;87,3984524335656
3698;87,4010089677143
3699;87,406578899292
3700;87,4117907236414
3701;87,4141807367772
3702;87,4141697227029
3703;87,4140656198491
3704;87,4146778563791
3705;87,4144894758203
3706;87,413559569522
3707;87,4128575834089
3708;87,4121937688776
3709;87,4107478655325
3710;87,4103517409462
3711;87,4120710850316
3712;87,4128539675852
3713;87,4100685536946
3714;87,4070837255229
3715;87,4053192590267
3716;87,4026659687585
3717;87,3986919734493
3718;87,3948611146946
3719;87,3918124120111
3720;87,3872760709801
3721;87,38160780441
3722;87,3781108074925
3723;87,3771299252369
3724;87,3771990129177
3725;87,3754329811754
3726;87,3718289616314
3727;87,3697863259043
3728;87,3704203949963
3729;87,3728861085777
3730;87,3765423848356
3731;87,379554620371
3732;87,3764688267512
3733;87,3659679075866
3734;87,3549581613954
3735;87,347734638169
3736;87,3419405211841
3737;87,3359180302848
3738;87,330597758882
3739;87,3266872752875
3740;87,32315013348
3741;87,3210300329938
3742;87,3223735919112
3743;87,3261182170211
3744;87,3287716966911
3745;87,3279320995401
3746;87,3272538987984
3747;87,32769274089
3748;87,3287569881036
3749;87,3295733906096
3750;87,327554566986
3751;87,3229618899366
3752;87,3167121151918
3753;87,3083260575136
3754;87,299655417455
3755;87,2930936583944
3756;87,2891690912257
3757;87,2859939491565
3758;87,2813709631717
3759;87,2758926619144
3760;87,2708020942132
3761;87,2666423919311
3762;87,2638878103456
3763;87,2619248613856
3764;87,2611030460578
3765;87,26010185873
3766;87,2572384451477
3767;87,253629633763
3768;87,2507015640199
3769;87,2469698447851
3770;87,240710000898
3771;87,2357726148995
3772;87,2355165563985
3773;87,2357800820293
3774;87,2331250148889
3775;87,2293254233701
3776;87,2264027129306
3777;87,2226204025604
3778;87,2161788414816
3779;87,2092146273245
3780;87,2057854186671
3781;87,20592720534
3782;87,2065989167134
3783;87,2051428764825
3784;87,2011637665837
3785;87,1954473231818
3786;87,1893429111544
3787;87,1844562003027
3788;87,1817219939923
3789;87,1798134509051
3790;87,1766888729589
3791;87,1728562736932
3792;87,1701256909984
3793;87,1689546909703
3794;87,167842222348
3795;87,1651994240141
3796;87,1609443643216
3797;87,1565685924065
3798;87,1539056156464
3799;87,1551502314313
3800;87,1588777716155
3801;87,1596497787387
3802;87,1557539279792
3803;87,1526672825946
3804;87,1514023433588
3805;87,1487668325761
3806;87,1425191164189
3807;87,1339097020539
3808;87,1287410628226
3809;87,125888012234
3810;87,120294403484
3811;87,1127443024032
3812;87,107502097311
3813;87,1068192408745
3814;87,1081556644055
3815;87,1073867971303
3816;87,1044921584162
3817;87,1026609466536
3818;87,1014474881501
3819;87,0997689393137
3820;87,0962025722288
3821;87,0888463780713
3822;87,0808168119765
3823;87,0774888762396
3824;87,0765151287864
3825;87,0727041854577
3826;87,0657383537824
3827;87,060880757356
3828;87,0611630229461
3829;87,0620304378376
3830;87,0598283715904
3831;87,0552395191854
3832;87,0506009656109
3833;87,045781230182
3834;87,0387813396078
3835;87,031159184784
3836;87,027600788227
3837;87,0283195938215
3838;87,0297763575373
3839;87,0314148036763
3840;87,0330048637296
3841;87,0315065338509
3842;87,0250262198315
3843;87,015845877248
3844;87,008144979372
3845;87,0017640928502
3846;86,9977561448464
3847;86,9977774971283
3848;86,9988956292801
3849;86,9974284035597
3850;86,9947852076106
3851;86,9948034541973
3852;86,9979357522472
3853;86,9979252654964
3854;86,9927356929629
3855;86,9908173791831
3856;86,9907610336076
3857;86,9867346511041
3858;86,9791180320834
3859;86,9716562162961
3860;86,9661269053416
3861;86,96209665368
3862;86,9594359816393
3863;86,9574955047879
3864;86,9552735855101
3865;86,9513154575152
3866;86,9485355246427
3867;86,9478406939849
3868;86,945910555277
3869;86,9406922997612
3870;86,9340591840854
3871;86,9302612365892
3872;86,929416798506
3873;86,9273441695291
3874;86,922347957836
3875;86,9169360918609
3876;86,9141011825487
3877;86,9134551417017
3878;86,9123433931189
3879;86,9088002124372
3880;86,9037407025093
3881;86,8994468987342
3882;86,8957195567076
3883;86,8909212315079
3884;86,8856422293026
3885;86,8817095804823
3886;86,8804586411041
3887;86,8811198203152
3888;86,8812120557364
3889;86,8788252141538
3890;86,8734710133643
3891;86,8666504998681
3892;86,8621471528391
3893;86,8616645474607
3894;86,8625274638138
3895;86,8609792102662
3896;86,8565545417455
3897;86,8507771630658
3898;86,8461447066464
3899;86,8435545824102
3900;86,8432612727224
3901;86,844736450408
3902;86,8455692665143
3903;86,8441307517543
3904;86,8408179498838
3905;86,8369795221597
3906;86,8331000476299
3907;86,8283763713798
3908;86,8226836496457
3909;86,8171382227303
3910;86,8122031072088
3911;86,8076491447669
3912;86,8031570608437
3913;86,7983455968398
3914;86,7937728466689
3915;86,7895578164212
3916;86,7866462256285
3917;86,7856182410329
3918;86,7853164997866
3919;86,7837671190931
3920;86,7803856549096
3921;86,7762011135843
3922;86,7719433671459
3923;86,767249550647
3924;86,7620305039783
3925;86,7566515175947
3926;86,751334487525
3927;86,7460854137388
3928;86,7411008088287
3929;86,7368188636102
3930;86,7328024019642
3931;86,7279588367908
3932;86,7221065799236
3933;86,7156198536522
3934;86,7094164816709
3935;86,7047146793916
3936;86,7016249212315
3937;86,6991234984538
3938;86,6958236197008
3939;86,6913203612886
3940;86,6860537978216
3941;86,6802416878638
3942;86,6741397132119
3943;86,668392435493
3944;86,6639398867552
3945;86,6603908855216
3946;86,6559319480123
3947;86,6496086176576
3948;86,6423990499846
3949;86,6360629337499
3950;86,6317032123153
3951;86,6292171928963
3952;86,6272730291016
3953;86,6240662915589
3954;86,618993646354
3955;86,6131427383508
3956;86,6076470753546
3957;86,602790196624
3958;86,5985840476044
3959;86,5954793623144
3960;86,593551337741
3961;86,5915242214266
3962;86,5878996991073
3963;86,5823358659318
3964;86,5758259432858
3965;86,5695002950166
3966;86,563906088774
3967;86,5594158548379
3968;86,5562690446794
3969;86,5539280446351
3970;86,5511788074403
3971;86,5472334232371
3972;86,5421958407436
3973;86,5364096368202
3974;86,5302054101908
3975;86,5241492886136
3976;86,5190409732572
3977;86,5153109330304
3978;86,5129329281123
3979;86,5118810682199
3980;86,5118498928521
3981;86,5115834904982
3982;86,5095050763086
3983;86,5055763444274
3984;86,5016120461987
3985;86,4991481258748
3986;86,4977756279676
3987;86,496106717822
3988;86,4935924800519
3989;86,4906941654883
3990;86,487706943094
3991;86,4842875656584
3992;86,4801146511493
3993;86,4753209127369
3994;86,4701177291325
3995;86,4644271310838
3996;86,4581999634562
3997;86,451925533793
3998;86,4464274274957
3999;86,4420540891379
4000;86,438224938115
