#Datum: 21.01.2016 16:19:43
#Quelle: Stickstoff

#Daten:
#cm-1 %T
450 79,6111103660653
451 79,7666959086772
452 79,8820305426372
453 79,9859505994095
454 80,1122438920194
455 80,2603678222053
456 80,4102478377565
457 80,5511311427543
458 80,694254329182
459 80,8512078963743
460 81,0207918130858
461 81,1962205148963
462 81,3634759793178
463 81,5028361891384
464 81,6107581498493
465 81,7079226145156
466 81,8137114776174
467 81,9385376917861
468 82,08463912208
469 82,2377028332704
470 82,3654482774042
471 82,4359840921475
472 82,4665701070569
473 82,5134193661203
474 82,5970378102409
475 82,684471107789
476 82,7584987689139
477 82,8393137302054
478 82,9417936320414
479 83,0489762699452
480 83,1442975833726
481 83,2322747597778
482 83,3174122779271
483 83,3907360677256
484 83,4542941104686
485 83,5221644282589
486 83,5932377003615
487 83,6548331269707
488 83,7085029164737
489 83,767089522317
490 83,8296490804632
491 83,8842495814999
492 83,9332253832589
493 83,9928653387914
494 84,0679440377633
495 84,1404850634972
496 84,1994113342965
497 84,2506477601267
498 84,3017020414178
499 84,3516594850402
500 84,3975692538156
501 84,4405472673886
502 84,4784731393534
503 84,5069166057435
504 84,5351023469904
505 84,5784514638847
506 84,6330999860152
507 84,674685359533
508 84,6897194494512
509 84,6934471807728
510 84,7041878738828
511 84,7269851059578
512 84,7630401335367
513 84,8094082380584
514 84,8528597062093
515 84,8734753864926
516 84,8709754126336
517 84,8697256962928
518 84,887949309115
519 84,9138292461902
520 84,9311416197294
521 84,9459281745866
522 84,9681745315106
523 84,9925340506271
524 85,0136079033541
525 85,0398104592754
526 85,0757639061985
527 85,1068907306175
528 85,1211340110572
529 85,1287305607549
530 85,1408870102351
531 85,1545544415168
532 85,1661584113087
533 85,1805963405046
534 85,2004404008717
535 85,2185676942824
536 85,2305319488677
537 85,2408307099416
538 85,2530450221334
539 85,2596187679812
540 85,2619759471285
541 85,2733900417046
542 85,2948160092173
543 85,3079732258869
544 85,3048244208418
545 85,3005537713077
546 85,3064408818655
547 85,3122252205036
548 85,3094382535162
549 85,3093205310601
550 85,321434601911
551 85,3355968983949
552 85,3399030548511
553 85,3393440457912
554 85,3431227572818
555 85,3507017245742
556 85,3607178940169
557 85,3772048673548
558 85,3961931604767
559 85,4041935848812
560 85,3995481809803
561 85,3977261480526
562 85,4041364959112
563 85,4022225514255
564 85,3829256912822
565 85,3628690895852
566 85,3580442420102
567 85,3611560985708
568 85,3623226535783
569 85,3675425911967
570 85,3842654261168
571 85,4036950870318
572 85,4135889277424
573 85,4138736640778
574 85,4073927154401
575 85,3932487487928
576 85,3777570914681
577 85,3749593368412
578 85,3852898546095
579 85,3937468741988
580 85,3944446263524
581 85,3994486473746
582 85,4133795799948
583 85,422374999918
584 85,4177826359391
585 85,4074847595932
586 85,3986248620891
587 85,3874524679272
588 85,3767674458712
589 85,3782145003995
590 85,3911173623854
591 85,3964915324852
592 85,3835798561061
593 85,3640263641647
594 85,350593554126
595 85,3412571234658
596 85,332200784055
597 85,3276511856299
598 85,3273411636268
599 85,3221545322832
600 85,3102323383093
601 85,302570316401
602 85,3041887741236
603 85,3061854346362
604 85,3039254743352
605 85,3032770159584
606 85,304924540593
607 85,2975898771063
608 85,2771333718514
609 85,2573434037696
610 85,2510801176257
611 85,2532711083338
612 85,2547411002408
613 85,2563314319373
614 85,2605938302919
615 85,2612911012361
616 85,2524452179112
617 85,2396356970718
618 85,2313781664613
619 85,2283364787936
620 85,229214574624
621 85,2360792885169
622 85,2460949061459
623 85,2505260191954
624 85,248645188476
625 85,2502088041188
626 85,256681577634
627 85,2568263518665
628 85,2475776532886
629 85,2428314544923
630 85,2523554668334
631 85,2649969541768
632 85,2652893653007
633 85,2522723055856
634 85,2326976907482
635 85,2091340636853
636 85,1856676977998
637 85,172766921223
638 85,1739679494088
639 85,1787393839122
640 85,1773833057649
641 85,1732516439391
642 85,1717798250584
643 85,1700915997001
644 85,1659306484402
645 85,1638472701313
646 85,1635885261198
647 85,1561849247251
648 85,1389124694662
649 85,1240575918458
650 85,1223040016726
651 85,1277358154566
652 85,1300383560016
653 85,1283234946344
654 85,1251067925406
655 85,1190975416163
656 85,1119241189657
657 85,1107038570324
658 85,1154435698709
659 85,1151870520796
660 85,10401956269
661 85,0914054607668
662 85,0847609659359
663 85,0792683655717
664 85,0688626446141
665 85,0525868451026
666 85,0273784916248
667 84,9852428812045
668 84,9322046220223
669 84,920035652776
670 84,9598296529317
671 85,0015117128058
672 85,0222165974314
673 85,0267045312031
674 85,027228792104
675 85,0282844333597
676 85,0295055158005
677 85,0320564922059
678 85,0343353194818
679 85,0306484612069
680 85,0207429668993
681 85,0143395265033
682 85,0153568122059
683 85,0165296095965
684 85,0141362494414
685 85,0139946788246
686 85,0177031666252
687 85,0171032370154
688 85,0095359981042
689 85,0043197423341
690 85,0067314193736
691 85,0082371347348
692 85,0014049923567
693 84,9924132200023
694 84,9890746016789
695 84,9882020520085
696 84,984747427679
697 84,9817940161542
698 84,9823381914695
699 84,9807646095511
700 84,9717576754375
701 84,9599652616554
702 84,9511832616879
703 84,9431987329947
704 84,9334688414303
705 84,9266366157353
706 84,9269415923152
707 84,9295144451779
708 84,9276281733244
709 84,9224647898665
710 84,9185268219746
711 84,9164891312023
712 84,9168373952746
713 84,9211847366771
714 84,9256366180866
715 84,921140779508
716 84,905271195151
717 84,8859143825936
718 84,8691833457949
719 84,8534906831786
720 84,8394882245083
721 84,8348097521415
722 84,8417483620358
723 84,8509283783043
724 84,8540832122196
725 84,8530464726126
726 84,8512576359867
727 84,8463858017101
728 84,8381054410121
729 84,8339349371958
730 84,8392050835262
731 84,8486146453538
732 84,8549683812775
733 84,858235463419
734 84,8604617959266
735 84,859788385914
736 84,8549984373134
737 84,8491465980288
738 84,8433286110764
739 84,8342016451754
740 84,8221581472408
741 84,8139810958475
742 84,8122538590217
743 84,8106098871741
744 84,8050194599162
745 84,8009597426729
746 84,8028297810049
747 84,8045969906794
748 84,7984376861189
749 84,7859781101994
750 84,7740371981961
751 84,7655580157637
752 84,7612480570645
753 84,7633739492485
754 84,7707394408251
755 84,7755970265386
756 84,7721558025316
757 84,7635457676844
758 84,7554678391202
759 84,7487476993776
760 84,7423914891752
761 84,7377849898876
762 84,7349513760166
763 84,7303333241235
764 84,7227851144965
765 84,7162336553922
766 84,712972721894
767 84,7104129658882
768 84,7072519897085
769 84,7057121959217
770 84,7046347149752
771 84,6988478114872
772 84,6891579540654
773 84,6840647006666
774 84,6866906576643
775 84,6887747462009
776 84,6832840563671
777 84,6743214568854
778 84,668056955779
779 84,6622158152786
780 84,6519625037092
781 84,6393605810878
782 84,6297083638654
783 84,6239338840685
784 84,6206337468208
785 84,6201569948089
786 84,6211703982354
787 84,6184924576287
788 84,6093572773052
789 84,5965967565588
790 84,5822605299941
791 84,5647207623561
792 84,5456765543521
793 84,5323716357263
794 84,5278380300474
795 84,5262834732559
796 84,5230357930636
797 84,5215576938355
798 84,525142163686
799 84,5291339775724
800 84,5275643386978
801 84,5212496532813
802 84,5139982720787
803 84,5070478662083
804 84,5019526736324
805 84,5019155428729
806 84,5052562382635
807 84,5046427978419
808 84,4980234129595
809 84,4930637677397
810 84,4958602474152
811 84,5025754573722
812 84,5073632163702
813 84,5108979777334
814 84,5150711091598
815 84,5168919014045
816 84,5141478420511
817 84,5105669838715
818 84,5092485056551
819 84,5073111923278
820 84,5024825547011
821 84,4981915258375
822 84,4968346987421
823 84,4952912668592
824 84,4926321872944
825 84,4942939666671
826 84,5021145360518
827 84,507938908829
828 84,5042952474831
829 84,4946751325108
830 84,4863391110632
831 84,4798792105583
832 84,4732478560208
833 84,4694656897896
834 84,4721670472058
835 84,4782754948772
836 84,4821072202819
837 84,4823867351462
838 84,4794521540085
839 84,4710503460571
840 84,4572420123648
841 84,4443899563341
842 84,4381978044226
843 84,4371380128427
844 84,4371558542105
845 84,4372186600495
846 84,4359368672064
847 84,4295270749954
848 84,4184288844411
849 84,4095043127078
850 84,4064460829793
851 84,4047603778279
852 84,4011299267532
853 84,3998319033778
854 84,4038309914308
855 84,407326531902
856 84,4041401184368
857 84,396678139872
858 84,3898125291412
859 84,3827859177133
860 84,3741753371253
861 84,3681190362561
862 84,3680244683316
863 84,3697800784776
864 84,3680399345723
865 84,3635475098228
866 84,3581008602701
867 84,3490571270089
868 84,3355491510531
869 84,3234165559543
870 84,3167687969121
871 84,3110083336791
872 84,3012655447645
873 84,291362949521
874 84,286839678237
875 84,2851869140827
876 84,2808095721888
877 84,2742207991204
878 84,2686646331032
879 84,2629066354667
880 84,2548204816867
881 84,2470482592374
882 84,2420697229459
883 84,236737964171
884 84,22833176283
885 84,2207360139454
886 84,2179108935228
887 84,2165319913409
888 84,2117212219096
889 84,2047294078136
890 84,1983709772934
891 84,1905831914533
892 84,1794252797716
893 84,168810721886
894 84,1623943910363
895 84,1574288107431
896 84,1510895578171
897 84,1465574707301
898 84,1458175874021
899 84,1428075211414
900 84,131675167141
901 84,1166289944914
902 84,1057056708977
903 84,1001830960174
904 84,0967371011628
905 84,095111666321
906 84,0955199858191
907 84,0934766253532
908 84,085092736917
909 84,0735471920452
910 84,0637568245941
911 84,0552007892766
912 84,0460429400258
913 84,0388625104743
914 84,0354877434765
915 84,0314722291329
916 84,0228599498588
917 84,0134746271702
918 84,0085278256635
919 84,0061972220468
920 84,0024329318362
921 83,9985583292424
922 83,9967074349596
923 83,9931091123373
924 83,9838282871576
925 83,9727289233277
926 83,9660671041151
927 83,9631163992787
928 83,9592268062748
929 83,9541960614234
930 83,9505476684523
931 83,9473281539848
932 83,9424272009054
933 83,9373442661661
934 83,9335660490327
935 83,9285458552162
936 83,9210836108904
937 83,9156577796854
938 83,9151098797749
939 83,9141268898354
940 83,9067761003781
941 83,8957758995325
942 83,8872819755132
943 83,8811951465958
944 83,8739333419819
945 83,8662777253324
946 83,8608855020428
947 83,8559745278237
948 83,8487042045886
949 83,8411867702349
950 83,8364462981707
951 83,8321440076384
952 83,8248093462906
953 83,8166441370861
954 83,8116985972144
955 83,8088526657936
956 83,8047403311025
957 83,7999078489823
958 83,7960556557494
959 83,7913033956871
960 83,7843141471524
961 83,7787614001184
962 83,7774428837667
963 83,7763260276038
964 83,7706473153429
965 83,7625560546511
966 83,7564257905539
967 83,7511730935918
968 83,7439427513772
969 83,7368796375876
970 83,7330057001259
971 83,7296159142228
972 83,7232575732783
973 83,717275461454
974 83,716602982153
975 83,7184840869088
976 83,7160228154195
977 83,7082292075811
978 83,6995443304872
979 83,6920521349747
980 83,6848570157728
981 83,6785504102686
982 83,6735716898673
983 83,666453708921
984 83,6540704448795
985 83,6393107123471
986 83,6267024726116
987 83,6153345325271
988 83,6019352837366
989 83,5876787031062
990 83,5757015465787
991 83,5648566651667
992 83,5521543198887
993 83,5388881581523
994 83,5285272689854
995 83,5210372579914
996 83,5146791449312
997 83,5104261389477
998 83,5089821079133
999 83,5066679736004
1000 83,5002566165935
1001 83,4928368995623
1002 83,4889561059134
1003 83,4869548456312
1004 83,481784210531
1005 83,472396703444
1006 83,460756925306
1007 83,446706898957
1008 83,4296054011514
1009 83,4120062270684
1010 83,3959447827224
1011 83,3785615028098
1012 83,3568221307184
1013 83,3331515791926
1014 83,3109540549085
1015 83,2885961987323
1016 83,2637468317717
1017 83,2397623849034
1018 83,2215745746534
1019 83,2086398668301
1020 83,1976593143168
1021 83,1887328906562
1022 83,1831606686162
1023 83,1790532425294
1024 83,1752320045229
1025 83,1755842757846
1026 83,183274849
1027 83,1946321069044
1028 83,2050305196105
1029 83,2165041536544
1030 83,2326978205481
1031 83,2504258203688
1032 83,2634059230194
1033 83,2707917540981
1034 83,2751139163518
1035 83,2756751424757
1036 83,2714880956436
1037 83,2670700423583
1038 83,2672797590826
1039 83,2693869282157
1040 83,2676683607528
1041 83,2627198503345
1042 83,2589979100581
1043 83,256744034597
1044 83,253998650588
1045 83,2532446665346
1046 83,2580504064635
1047 83,2655730327651
1048 83,269726535264
1049 83,2696276861802
1050 83,2683812711462
1051 83,2665643194119
1052 83,2637141303026
1053 83,2626744348009
1054 83,2652636665577
1055 83,2672426162082
1056 83,264598428898
1057 83,2607849680602
1058 83,2603653902791
1059 83,2599299707233
1060 83,2535615007103
1061 83,2434380943944
1062 83,2362313589824
1063 83,232108937918
1064 83,2260683066987
1065 83,2175700096265
1066 83,2101542367434
1067 83,203693739777
1068 83,1954439349924
1069 83,1871074321899
1070 83,1833386590977
1071 83,1849615263514
1072 83,1902051826901
1073 83,2002064080526
1074 83,2166811310651
1075 83,2366226444577
1076 83,2557171561464
1077 83,2742869238082
1078 83,2935770622937
1079 83,3098215059682
1080 83,3191483076002
1081 83,3247986088373
1082 83,3320920057185
1083 83,3397681345385
1084 83,3435385895623
1085 83,3445758761824
1086 83,3470765433739
1087 83,3508717313758
1088 83,3536808310934
1089 83,357182707253
1090 83,3635456823388
1091 83,3694803969496
1092 83,3711213867676
1093 83,3711976575823
1094 83,3740047146653
1095 83,377256840676
1096 83,3764430759698
1097 83,373225053545
1098 83,3719129699313
1099 83,3717554239158
1100 83,3704732444696
1101 83,3708410282829
1102 83,3775292148291
1103 83,3859806855338
1104 83,3892572688493
1105 83,3879307743381
1106 83,387349051478
1107 83,3882229209484
1108 83,3881706565927
1109 83,3889031816214
1110 83,3932906648477
1111 83,3984334713228
1112 83,4000763349754
1113 83,40156134056
1114 83,4090362258027
1115 83,4216008887351
1116 83,4334007723907
1117 83,4429407294266
1118 83,452672512845
1119 83,4620775942274
1120 83,4689803720483
1121 83,4753539202059
1122 83,4843527509064
1123 83,4940982779493
1124 83,5012452426166
1125 83,5077547066572
1126 83,5173672170143
1127 83,5285298679357
1128 83,5374817036944
1129 83,5450240615264
1130 83,5535867415014
1131 83,5610775144906
1132 83,5647765532576
1133 83,5677886438851
1134 83,5742791399791
1135 83,5817955307005
1136 83,5853002708392
1137 83,5851476130044
1138 83,5841858641619
1139 83,5810895387214
1140 83,5739028931126
1141 83,5663150028377
1142 83,5628493312653
1143 83,5612580832478
1144 83,5567956288082
1145 83,5502916246826
1146 83,5448067061966
1147 83,5384888332875
1148 83,5285032814003
1149 83,5180615154755
1150 83,5118410900661
1151 83,5080844096909
1152 83,5028306667162
1153 83,4982263655526
1154 83,4989277225398
1155 83,5036823962198
1156 83,5080125101723
1157 83,5119749846075
1158 83,5178738924311
1159 83,5239669951633
1160 83,5282578546298
1161 83,5348974376149
1162 83,5486383112148
1163 83,5661168044938
1164 83,5803128191004
1165 83,5905323880079
1166 83,6007330428472
1167 83,6111796373125
1168 83,6194319719438
1169 83,626566821063
1170 83,6347958773961
1171 83,6420260812103
1172 83,6459509042519
1173 83,6499119591418
1174 83,6573527434937
1175 83,6645265056876
1176 83,6663543215659
1177 83,6652569919324
1178 83,6662543650501
1179 83,6678416238509
1180 83,6658136224183
1181 83,6625310212971
1182 83,6636554135751
1183 83,668779042695
1184 83,673277176545
1185 83,6762377596044
1186 83,6788857010297
1187 83,6787886870421
1188 83,6739644297579
1189 83,6691390299299
1190 83,6692984753475
1191 83,6707029392543
1192 83,6667917084745
1193 83,6591183396525
1194 83,653956354948
1195 83,6520315327284
1196 83,6504960193179
1197 83,6513386800028
1198 83,6582158040602
1199 83,6674739853355
1200 83,6713241286912
1201 83,6686096539122
1202 83,6643099771551
1203 83,6609524203937
1204 83,658345214234
1205 83,6583450511877
1206 83,6620580997531
1207 83,6650530487658
1208 83,6628379401606
1209 83,6582734473236
1210 83,6565232093002
1211 83,6561966817368
1212 83,6533661001397
1213 83,6503316011686
1214 83,6515107370839
1215 83,6542437326618
1216 83,6528481458905
1217 83,6488512069856
1218 83,6480149919845
1219 83,6503271650513
1220 83,651186037905
1221 83,6498224468874
1222 83,6485928303012
1223 83,6466832375736
1224 83,6422701449344
1225 83,6379682434702
1226 83,6369291607526
1227 83,6365110454561
1228 83,6329388971255
1229 83,6286544081615
1230 83,627663276956
1231 83,6276031465994
1232 83,6241075193172
1233 83,6191987578658
1234 83,6174322459016
1235 83,6176764094873
1236 83,6166143563183
1237 83,616074077858
1238 83,618883313407
1239 83,6217773709783
1240 83,6205502445986
1241 83,6180084795809
1242 83,618458937409
1243 83,6188887560826
1244 83,6143822702401
1245 83,6078423930137
1246 83,6051751936569
1247 83,6049494771344
1248 83,6018331164984
1249 83,5963768390002
1250 83,5924273424793
1251 83,5886669147313
1252 83,5819401128288
1253 83,5744334042178
1254 83,5695100469606
1255 83,5641666991496
1256 83,5537856375351
1257 83,5404705120572
1258 83,5291791621707
1259 83,5194201150194
1260 83,5089379058756
1261 83,5010991190626
1262 83,5003727315891
1263 83,5040430379468
1264 83,5071334817067
1265 83,5104687169531
1266 83,517304861735
1267 83,5254420460304
1268 83,5308808144591
1269 83,5354253865844
1270 83,5425250161298
1271 83,549534105246
1272 83,5523615472462
1273 83,5527167186502
1274 83,5538459622723
1275 83,5537459616234
1276 83,5498803951242
1277 83,5460778010768
1278 83,5470376370504
1279 83,5501270856735
1280 83,5502457636659
1281 83,5484114778463
1282 83,548422750971
1283 83,5485219454386
1284 83,5452871927345
1285 83,5409077631085
1286 83,5395263041823
1287 83,5392292276982
1288 83,5360069504594
1289 83,5320757810012
1290 83,5318546743341
1291 83,5333978624317
1292 83,531904456143
1293 83,5281643135431
1294 83,5257028828248
1295 83,5229959385801
1296 83,5167923071806
1297 83,5097384185332
1298 83,506304114861
1299 83,5048300255904
1300 83,5015529406378
1301 83,4978171997653
1302 83,4967763058408
1303 83,4960489961649
1304 83,4920338470628
1305 83,487498372311
1306 83,486904165033
1307 83,48845780378
1308 83,4878896628387
1309 83,4865614775182
1310 83,4862532231282
1311 83,4847874291173
1312 83,4797046274083
1313 83,4747911435752
1314 83,4740138446839
1315 83,4741552847147
1316 83,4707056297853
1317 83,4664556031026
1318 83,4660969552691
1319 83,4671159587949
1320 83,4650135830744
1321 83,4620793758416
1322 83,4626192135628
1323 83,4641630515227
1324 83,4625396948128
1325 83,4596035206356
1326 83,4581082438955
1327 83,4551759365161
1328 83,4487952354469
1329 83,443928655162
1330 83,4432201923939
1331 83,4439313672583
1332 83,4430695686154
1333 83,442601670564
1334 83,4435155117103
1335 83,4420548034694
1336 83,4354986815642
1337 83,4280141758608
1338 83,4250459742159
1339 83,4253899989366
1340 83,4250310411739
1341 83,4249574866878
1342 83,4265025149272
1343 83,4260538160787
1344 83,4217365466444
1345 83,4175313500935
1346 83,4165668292637
1347 83,4159449562192
1348 83,4121435770211
1349 83,4070400377756
1350 83,4027086011566
1351 83,3974785770587
1352 83,3903279495805
1353 83,385515736992
1354 83,3814050923206
1355 83,3772316949755
1356 83,3710320275912
1357 83,3634466754948
1358 83,3555850037756
1359 83,3452865029351
1360 83,3317197462595
1361 83,3196901817731
1362 83,3132763523761
1363 83,3113573860724
1364 83,3113122721074
1365 83,3126333636856
1366 83,312982995539
1367 83,3069153391754
1368 83,2934127658332
1369 83,2801895583422
1370 83,2728059340859
1371 83,2645993499034
1372 83,2505314323124
1373 83,238696461042
1374 83,2322531426947
1375 83,2260948632764
1376 83,2151345378057
1377 83,2030711178149
1378 83,1903263580444
1379 83,1696330901803
1380 83,1323859679157
1381 83,075160023494
1382 83,0033929505208
1383 82,9340843040741
1384 82,8932912113539
1385 82,9017625532189
1386 82,9615087980131
1387 83,0434437698065
1388 83,1102216926594
1389 83,1522614269766
1390 83,1824396769725
1391 83,2065056600154
1392 83,2162623187653
1393 83,2132670668125
1394 83,214146005367
1395 83,2225362371221
1396 83,2240498208356
1397 83,2209832092506
1398 83,2219979173696
1399 83,2246092088833
1400 83,2189887376005
1401 83,2090099765395
1402 83,208224723322
1403 83,2133463079517
1404 83,2102832653914
1405 83,1994849014954
1406 83,1983569290376
1407 83,204850900378
1408 83,2012340098996
1409 83,1892544524138
1410 83,1840040980057
1411 83,1909495580619
1412 83,190066779737
1413 83,1751640308043
1414 83,1690447979959
1415 83,179395407223
1416 83,1869821401544
1417 83,1833754691009
1418 83,1855690062427
1419 83,2026601674236
1420 83,2094550394084
1421 83,1984572289506
1422 83,1979841240046
1423 83,2106399476547
1424 83,2122972089834
1425 83,1983746185962
1426 83,1940830872495
1427 83,2021435560067
1428 83,2020808697526
1429 83,194013720358
1430 83,1896523230422
1431 83,1943329768992
1432 83,1938197613355
1433 83,1854836521705
1434 83,1887714531997
1435 83,2081838764604
1436 83,2212231883586
1437 83,2104652337246
1438 83,1998183402482
1439 83,2033368150281
1440 83,2062810563698
1441 83,196634090469
1442 83,1898433239998
1443 83,1925287137143
1444 83,191736162326
1445 83,1812654703391
1446 83,1767071785647
1447 83,1842156813918
1448 83,1867122932176
1449 83,1808510142232
1450 83,1726077736353
1451 83,1687799042884
1452 83,1631550478881
1453 83,153423486026
1454 83,1513233217185
1455 83,1607827542344
1456 83,1669362151259
1457 83,1639871221766
1458 83,1546075357409
1459 83,1477424558786
1460 83,1444247582742
1461 83,1364489794846
1462 83,1254400313602
1463 83,1159506274106
1464 83,1093827999727
1465 83,0952719959973
1466 83,0748475736651
1467 83,0585084054213
1468 83,0539904203208
1469 83,0558336278129
1470 83,0575296053234
1471 83,0695333700554
1472 83,0997075401729
1473 83,1301618117225
1474 83,1404350951626
1475 83,1393396396794
1476 83,141845082461
1477 83,1506209089721
1478 83,1522573572892
1479 83,1508803984246
1480 83,1533200594007
1481 83,154934923881
1482 83,1500818646733
1483 83,1442427648197
1484 83,1448560169601
1485 83,1467738009458
1486 83,1448563920474
1487 83,1401157023201
1488 83,1512137617435
1489 83,1655969249984
1490 83,1581360272988
1491 83,147095081034
1492 83,1499984362232
1493 83,1550420780097
1494 83,1526239972451
1495 83,1513225625434
1496 83,1568518895257
1497 83,156324553675
1498 83,1442548833269
1499 83,1414087982279
1500 83,1447874861363
1501 83,1358259281711
1502 83,1207151736657
1503 83,1125630451731
1504 83,1101445704982
1505 83,1016424813769
1506 83,0984714612778
1507 83,1133810668336
1508 83,1219324240443
1509 83,1136319406021
1510 83,1001655099317
1511 83,0985578513587
1512 83,1024277395989
1513 83,0929694748474
1514 83,0690606640247
1515 83,0489755992129
1516 83,0368526377202
1517 83,0296459027818
1518 83,0267633020771
1519 83,0333569717214
1520 83,0457548785042
1521 83,0567145267799
1522 83,0603508463431
1523 83,0601686876589
1524 83,0624559346438
1525 83,0597184063538
1526 83,0476871205706
1527 83,0346831393698
1528 83,0271743475913
1529 83,0215852403268
1530 83,0079651461292
1531 82,9876140896826
1532 82,9708536872271
1533 82,9521722736571
1534 82,9253090487234
1535 82,9009400288551
1536 82,8839530469982
1537 82,8743653518748
1538 82,8619844082493
1539 82,8498450745896
1540 82,8503331310448
1541 82,8540600372667
1542 82,8565406092745
1543 82,8652156774822
1544 82,885045132318
1545 82,9085228689283
1546 82,9310081604188
1547 82,9408893352028
1548 82,9359760172394
1549 82,92825200917
1550 82,9293721906718
1551 82,9341958233216
1552 82,9352366866161
1553 82,923940773178
1554 82,9086607991202
1555 82,8953646981022
1556 82,8821879642029
1557 82,8846488756302
1558 82,9177757046297
1559 82,9477566490091
1560 82,9142931525527
1561 82,8841461158119
1562 82,8850137182523
1563 82,8848241829241
1564 82,8696227784852
1565 82,8546820426624
1566 82,854829232462
1567 82,8520637469285
1568 82,8323623841836
1569 82,8115201398771
1570 82,8041240022753
1571 82,7910493559478
1572 82,7721820187678
1573 82,7640410963818
1574 82,7672516375641
1575 82,7640240905864
1576 82,7459189255142
1577 82,7368913027246
1578 82,7480552509049
1579 82,7610194344038
1580 82,7679178583969
1581 82,7825573507626
1582 82,8087741141849
1583 82,8247404195092
1584 82,8250216671866
1585 82,8289553855687
1586 82,8421647810988
1587 82,8470952029868
1588 82,8450184068902
1589 82,8503146772444
1590 82,8610237118769
1591 82,862898380942
1592 82,8569724784858
1593 82,8578847447916
1594 82,8655204031358
1595 82,8661560851133
1596 82,8592116578177
1597 82,8589856189993
1598 82,8669229837821
1599 82,8689805591208
1600 82,8608337071629
1601 82,8571332350743
1602 82,8633900597544
1603 82,8646352133042
1604 82,8551799344684
1605 82,8496733246388
1606 82,8546677391147
1607 82,8548194397415
1608 82,8470945087884
1609 82,8494805074828
1610 82,8564109984629
1611 82,8465541786364
1612 82,8256195223822
1613 82,8196357290509
1614 82,8280805861332
1615 82,8297424152503
1616 82,8192640776689
1617 82,8115327493377
1618 82,8094228621133
1619 82,8019980689182
1620 82,7936795525124
1621 82,7928544280594
1622 82,7976972124018
1623 82,7956517020637
1624 82,7884016271188
1625 82,791046857043
1626 82,7992337949357
1627 82,8030025405046
1628 82,8021242919978
1629 82,8035886994957
1630 82,801480763486
1631 82,7906676822721
1632 82,7809874150458
1633 82,7819021942951
1634 82,7884292331811
1635 82,798502783449
1636 82,8090475338785
1637 82,810342092926
1638 82,8099553097043
1639 82,8061372450789
1640 82,8012837358544
1641 82,7947607435144
1642 82,789117230157
1643 82,7857950324518
1644 82,7866990300772
1645 82,7901625783445
1646 82,7874855592881
1647 82,775414541935
1648 82,7589727935657
1649 82,7532881128754
1650 82,7603456830206
1651 82,7631502020495
1652 82,7553887007598
1653 82,7629973520684
1654 82,7788641301763
1655 82,792863660947
1656 82,7965526151237
1657 82,798405692414
1658 82,8085222061702
1659 82,8163897458251
1660 82,8124883844951
1661 82,8086502657325
1662 82,8119306603251
1663 82,8094783510955
1664 82,8004144961419
1665 82,8003051936792
1666 82,8070351287119
1667 82,8126269710391
1668 82,8109151234605
1669 82,8117531055416
1670 82,8230453639885
1671 82,8321031437532
1672 82,836170733399
1673 82,8434822041503
1674 82,8531546947059
1675 82,8589710885453
1676 82,8504468883052
1677 82,8421439820262
1678 82,8411784140384
1679 82,8372621431757
1680 82,8273266736078
1681 82,8264317335021
1682 82,8406337599459
1683 82,8532939960732
1684 82,8568926734812
1685 82,8601986818506
1686 82,8692143027738
1687 82,8783443154906
1688 82,8821136006933
1689 82,8747014386411
1690 82,8647115268216
1691 82,8605989310794
1692 82,8682931632955
1693 82,8771072790258
1694 82,866980561291
1695 82,8483540584901
1696 82,8559485094087
1697 82,8830546110193
1698 82,895919567759
1699 82,8930122623112
1700 82,8951268743609
1701 82,8904036539096
1702 82,8696130683936
1703 82,8526000099178
1704 82,853948970015
1705 82,8617930878514
1706 82,8608148815955
1707 82,861560271229
1708 82,8716023889299
1709 82,8737012824764
1710 82,8626611220299
1711 82,8543124958684
1712 82,8606031585697
1713 82,8708620260154
1714 82,8687480482328
1715 82,8683282616203
1716 82,8888826891344
1717 82,9031387877072
1718 82,8806553304522
1719 82,8566840639203
1720 82,8599866861361
1721 82,8675863641898
1722 82,8655361955302
1723 82,8595760864246
1724 82,8579193385894
1725 82,8573672525698
1726 82,8551603138704
1727 82,8527656388038
1728 82,8433547288304
1729 82,8341398761511
1730 82,8421997642822
1731 82,8717117780142
1732 82,9098559717925
1733 82,934410668726
1734 82,9297253993584
1735 82,9022437777882
1736 82,8756648668773
1737 82,8592837854923
1738 82,8535581036134
1739 82,8545374724496
1740 82,8536201262784
1741 82,8490610969498
1742 82,8473192973034
1743 82,8521247792491
1744 82,8535988275833
1745 82,8497603496204
1746 82,8535174790852
1747 82,8684555847379
1748 82,8837282436967
1749 82,9056247098676
1750 82,9383924560044
1751 82,9617605002418
1752 82,9537631782272
1753 82,9233027118245
1754 82,9034638920424
1755 82,8982714649133
1756 82,888421168571
1757 82,8711693013174
1758 82,8662073252688
1759 82,8737895188513
1760 82,8772412124744
1761 82,8692996752167
1762 82,8604352920846
1763 82,867193966206
1764 82,8778213913386
1765 82,8798261560804
1766 82,8761802595223
1767 82,8755070018996
1768 82,8755006101003
1769 82,873467512854
1770 82,8745781692202
1771 82,8842502140003
1772 82,8909371865441
1773 82,8848573762349
1774 82,8811712109732
1775 82,8840362297309
1776 82,8845517665468
1777 82,8817264516644
1778 82,8783310688496
1779 82,8741231494893
1780 82,8711562839376
1781 82,8682409978321
1782 82,8670145158286
1783 82,872758275435
1784 82,8795999234763
1785 82,8820222512757
1786 82,8735853417176
1787 82,8648973143208
1788 82,8665031974311
1789 82,8705659537883
1790 82,8693927513732
1791 82,8706804255747
1792 82,8788313625622
1793 82,8786945087524
1794 82,864845595022
1795 82,8547044432236
1796 82,8554941846415
1797 82,8584931527343
1798 82,8543772076916
1799 82,8511090658871
1800 82,8560462709032
1801 82,8571005847528
1802 82,8478675617653
1803 82,8431956216604
1804 82,8472759006852
1805 82,8494466932995
1806 82,8411282260934
1807 82,834816269495
1808 82,8400968005696
1809 82,844975450574
1810 82,8393510545249
1811 82,8348724621604
1812 82,8394949469419
1813 82,8396713585964
1814 82,8322359609327
1815 82,8306784371329
1816 82,8362125114264
1817 82,8385180261254
1818 82,831676232778
1819 82,8251794772446
1820 82,82459118263
1821 82,822626564789
1822 82,8184770469981
1823 82,8153820013
1824 82,8121650043676
1825 82,8073225257435
1826 82,8044825865028
1827 82,8055037322464
1828 82,803544726683
1829 82,7968283607744
1830 82,7940686844576
1831 82,8018440395022
1832 82,8133198607503
1833 82,8187092790502
1834 82,8180423248618
1835 82,8138579966151
1836 82,8103953982177
1837 82,8080163588843
1838 82,8032152869172
1839 82,7993795530674
1840 82,8022878318959
1841 82,8078504197509
1842 82,8095605779862
1843 82,8044441738465
1844 82,7990697618991
1845 82,7982263799917
1846 82,7975152919762
1847 82,7954449741319
1848 82,7959073206564
1849 82,7993894683214
1850 82,8006776892602
1851 82,7980807840168
1852 82,795059257809
1853 82,7933987246348
1854 82,7910177677008
1855 82,7867181378644
1856 82,7869934529839
1857 82,788368343075
1858 82,7840748097302
1859 82,7789017465542
1860 82,7808668513413
1861 82,7847296222924
1862 82,7810302436759
1863 82,7732245682524
1864 82,7699425028446
1865 82,7681769166214
1866 82,7606870253943
1867 82,7523626632838
1868 82,7538446398437
1869 82,7627139202635
1870 82,7690198303674
1871 82,7733203204701
1872 82,778709864103
1873 82,7800110016114
1874 82,7732951828078
1875 82,7657731599651
1876 82,7652094087705
1877 82,766526487448
1878 82,7626286271096
1879 82,7573392498458
1880 82,7570354525229
1881 82,7598633982306
1882 82,7583147934141
1883 82,7515757689362
1884 82,7483699893469
1885 82,7495443659927
1886 82,7461777451487
1887 82,7374391348274
1888 82,7308647382196
1889 82,729331748694
1890 82,7291916187301
1891 82,7310275708617
1892 82,7367056517083
1893 82,7397664300278
1894 82,7339277570384
1895 82,725526078555
1896 82,7252150499379
1897 82,7301555862405
1898 82,72990897093
1899 82,7255962076184
1900 82,7254047356432
1901 82,728174571176
1902 82,7268198409858
1903 82,7201935617665
1904 82,716878806366
1905 82,7177677357138
1906 82,7143810266256
1907 82,7075547521632
1908 82,7052418440761
1909 82,7071657848868
1910 82,7085947775913
1911 82,70626620435
1912 82,7046707892035
1913 82,7058879917495
1914 82,7066272123956
1915 82,7064959748745
1916 82,7072110095032
1917 82,708114108891
1918 82,7060892982935
1919 82,7017802478118
1920 82,6984352291189
1921 82,6940117479733
1922 82,6869596001081
1923 82,6811845771511
1924 82,6826264115046
1925 82,6887629336726
1926 82,6909429879651
1927 82,6877295292995
1928 82,6846901013099
1929 82,6835334186112
1930 82,6830487529879
1931 82,6798816534621
1932 82,6762024644247
1933 82,6740308307478
1934 82,6725511845145
1935 82,6708866061209
1936 82,6676867049081
1937 82,6650291204478
1938 82,6644525858588
1939 82,6633281187504
1940 82,6587909554606
1941 82,6524497446595
1942 82,6482986528838
1943 82,6481269613071
1944 82,6509889171591
1945 82,6546172500898
1946 82,6564353672422
1947 82,6557157205498
1948 82,6541132194243
1949 82,6536370961338
1950 82,6538574973965
1951 82,652835611991
1952 82,649979878107
1953 82,6459209493676
1954 82,6416123964334
1955 82,6359618497404
1956 82,625698014687
1957 82,6126283617352
1958 82,6025099726103
1959 82,5996186348586
1960 82,604049097872
1961 82,6129431490734
1962 82,621718209559
1963 82,6254247133137
1964 82,6226297279292
1965 82,6167367435147
1966 82,6119081757991
1967 82,6095626267749
1968 82,6092527890942
1969 82,6107141650239
1970 82,6124324781644
1971 82,6115196466897
1972 82,6075664724582
1973 82,6039160288947
1974 82,6026006550928
1975 82,6016844233063
1976 82,5996573140402
1977 82,5984407632076
1978 82,5993418591638
1979 82,5999060317032
1980 82,597635957827
1981 82,5936830126186
1982 82,5904605711926
1983 82,5876995098766
1984 82,5846171844959
1985 82,5802052397739
1986 82,575343092556
1987 82,5717468181914
1988 82,569876515549
1989 82,5685077467747
1990 82,5663632763977
1991 82,5636777860203
1992 82,5619177383508
1993 82,5623092515292
1994 82,5643571804412
1995 82,5660146766462
1996 82,5655884926544
1997 82,5634744149276
1998 82,561184228745
1999 82,5591664543444
2000 82,5569068071788
2001 82,5541783575456
2002 82,5514314458452
2003 82,5494692261261
2004 82,5489659920079
2005 82,5473706639481
2006 82,5437551559702
2007 82,5403826201558
2008 82,53882480501
2009 82,5378648433375
2010 82,5356252478748
2011 82,5329609392406
2012 82,5308380957314
2013 82,5282022102564
2014 82,5240097054604
2015 82,519302867908
2016 82,5154280750829
2017 82,5124779443296
2018 82,5105358733281
2019 82,5102511355454
2020 82,5108888674219
2021 82,5103804448835
2022 82,5084166021564
2023 82,5069363685272
2024 82,5066272666641
2025 82,505353956885
2026 82,5014046772121
2027 82,4958566253498
2028 82,4911272128463
2029 82,4888494836064
2030 82,4885858536821
2031 82,4895668289848
2032 82,4903154601361
2033 82,4893389372713
2034 82,4865659939583
2035 82,4839791819221
2036 82,4831295795042
2037 82,4829988451444
2038 82,4819535948427
2039 82,4801871860879
2040 82,4787853009132
2041 82,4778621877778
2042 82,4769224227731
2043 82,4759628418935
2044 82,4749930703888
2045 82,4736118266991
2046 82,4719819431315
2047 82,47089587858
2048 82,4702007107628
2049 82,4686094367566
2050 82,4657171251836
2051 82,4625424352705
2052 82,4596708071129
2053 82,456737459021
2054 82,4536414392521
2055 82,4512622728784
2056 82,4501684841687
2057 82,4493515287964
2058 82,4472860704066
2059 82,4443415185453
2060 82,4418536957732
2061 82,4397904680888
2062 82,4374056725015
2063 82,43530369144
2064 82,4345577847896
2065 82,4344333732151
2066 82,4332109107521
2067 82,4307389792022
2068 82,428227549872
2069 82,4260536420644
2070 82,4236949092568
2071 82,4212718451991
2072 82,4193883803732
2073 82,4176970382105
2074 82,4153970619522
2075 82,4127211695942
2076 82,4104811582236
2077 82,4086917733856
2078 82,4063522651679
2079 82,4037170527063
2080 82,4019446486484
2081 82,4009101446192
2082 82,3996309008689
2083 82,3978767671159
2084 82,3961564443681
2085 82,3941099863925
2086 82,3908665570294
2087 82,3867692662474
2088 82,3832012548422
2089 82,3807877315241
2090 82,3790978750639
2091 82,3778102766936
2092 82,3767508884052
2093 82,3751505154814
2094 82,3723474416553
2095 82,3689196173545
2096 82,3658620554336
2097 82,3631184376672
2098 82,3602136249839
2099 82,3576921304835
2100 82,3562235548802
2101 82,3550121261668
2102 82,352833499615
2103 82,349688378931
2104 82,3468178634161
2105 82,3450198705619
2106 82,3441731417976
2107 82,3440573660527
2108 82,3441582317828
2109 82,3432865866916
2110 82,3406703345067
2111 82,3373080831999
2112 82,3349928117933
2113 82,3341442430408
2114 82,3337623306693
2115 82,3331965418089
2116 82,3326003479091
2117 82,3318352381778
2118 82,3303535489706
2119 82,3282211647511
2120 82,3260540238091
2121 82,3238981749979
2122 82,32125274394
2123 82,318242541919
2124 82,3157674604261
2125 82,3143523535128
2126 82,3136332113236
2127 82,3129989583497
2128 82,3119454145068
2129 82,3100151793745
2130 82,307197220313
2131 82,3042078922108
2132 82,3017232912269
2133 82,2995882290583
2134 82,2972501902839
2135 82,2945649297273
2136 82,2917478043868
2137 82,2890425823481
2138 82,2868564786873
2139 82,2856183566917
2140 82,2849279810903
2141 82,2835400939743
2142 82,2808391800199
2143 82,2776666629134
2144 82,275090450085
2145 82,273120319328
2146 82,2712717327897
2147 82,2695615355718
2148 82,2681335640037
2149 82,2665171823848
2150 82,2643790453721
2151 82,2622342032714
2152 82,2605040729781
2153 82,2587381025008
2154 82,2565706346484
2155 82,2544776595011
2156 82,2527838148868
2157 82,250839683031
2158 82,2481363607562
2159 82,2454047520515
2160 82,2436255984577
2161 82,2426794899827
2162 82,241855494973
2163 82,2408478188296
2164 82,2393635447015
2165 82,2367208013275
2166 82,232948001875
2167 82,2294479354174
2168 82,2274158112369
2169 82,226345200276
2170 82,2251350846834
2171 82,2238388256326
2172 82,2231260876009
2173 82,2227599206191
2174 82,221835900466
2175 82,2200283983389
2176 82,2176128678629
2177 82,2147255112641
2178 82,2116073188556
2179 82,2090211903237
2180 82,2073903980045
2181 82,2060606266982
2182 82,204305644012
2183 82,2024901780037
2184 82,2013383901417
2185 82,2006993027518
2186 82,1999725691693
2187 82,1991098992773
2188 82,1982511284474
2189 82,1970565414135
2190 82,1954076993041
2191 82,1941026167131
2192 82,1937794967249
2193 82,1937126602169
2194 82,1926942078172
2195 82,190561429005
2196 82,1878924842838
2197 82,1848565824976
2198 82,1814836589818
2199 82,1785474631726
2200 82,1769416374624
2201 82,1765154915242
2202 82,1764547617078
2203 82,1764084610818
2204 82,1763013722256
2205 82,1755533230252
2206 82,1736030473766
2207 82,1708919502654
2208 82,1683588755912
2209 82,1662775544312
2210 82,1644528633719
2211 82,1630796480928
2212 82,1623562938035
2213 82,1615776726797
2214 82,1596917368395
2215 82,156660608688
2216 82,1534696297891
2217 82,1509853934734
2218 82,149489836062
2219 82,1489862534451
2220 82,1490691062293
2221 82,148673738961
2222 82,1468037522537
2223 82,1435659268397
2224 82,1400211359716
2225 82,1372082608523
2226 82,1356219314337
2227 82,1351517279155
2228 82,1350271341122
2229 82,1342850795855
2230 82,1327546968667
2231 82,1311220152441
2232 82,129713420601
2233 82,1279837220718
2234 82,1256529145914
2235 82,1234243196594
2236 82,121847858853
2237 82,1203124083109
2238 82,1180215134758
2239 82,1152698526033
2240 82,1129092125876
2241 82,1111784879856
2242 82,1098755810787
2243 82,1090339959744
2244 82,1085536594195
2245 82,1077421123583
2246 82,1060825827367
2247 82,104000917478
2248 82,1021639822894
2249 82,100590302791
2250 82,0991413693735
2251 82,0982021503563
2252 82,0978055938473
2253 82,097341421035
2254 82,0962620336143
2255 82,0950921118557
2256 82,0945331893744
2257 82,0941431554434
2258 82,092967520406
2259 82,0909228858078
2260 82,0886172768106
2261 82,0861869348278
2262 82,083349635762
2263 82,0803787932868
2264 82,0780441588418
2265 82,076709397479
2266 82,076081642641
2267 82,0757032327024
2268 82,0751594382452
2269 82,0741886598327
2270 82,0730042476804
2271 82,0720988631446
2272 82,071422700288
2273 82,0702852568719
2274 82,0684683333212
2275 82,0664833402315
2276 82,0644722850171
2277 82,0617853456241
2278 82,0583777176154
2279 82,0554947645458
2280 82,0540620174145
2281 82,0533745475952
2282 82,052137055792
2283 82,0501074690618
2284 82,0477564921219
2285 82,0452538742435
2286 82,0427150528842
2287 82,0407380582146
2288 82,0397264292874
2289 82,0390034414468
2290 82,037543199433
2291 82,0350773080104
2292 82,0317795848899
2293 82,0276072496162
2294 82,0228430425431
2295 82,0185718864241
2296 82,0154883360772
2297 82,0126259831213
2298 82,0089320934241
2299 82,0046441877529
2300 82,0011551133075
2301 81,9987177444695
2302 81,9974073426412
2303 81,9970958941409
2304 81,9977596472166
2305 81,9972241669299
2306 81,9939125821421
2307 81,987898260143
2308 81,9821756234696
2309 81,9783451403364
2310 81,9770632479827
2311 81,9772273356006
2312 81,9781161501349
2313 81,9770015449774
2314 81,9728128502618
2315 81,9664858530182
2316 81,9617250412073
2317 81,9588622086809
2318 81,9571923953725
2319 81,9557701762251
2320 81,9564005366979
2321 81,9586209439148
2322 81,9601389130502
2323 81,9590229413655
2324 81,9562329754431
2325 81,9535030530905
2326 81,9510463319133
2327 81,9497799826662
2328 81,9502828356647
2329 81,9508827387503
2330 81,948754443627
2331 81,9430893240428
2332 81,9382861271133
2333 81,9346160203027
2334 81,9309530164573
2335 81,9259963823393
2336 81,9228656278301
2337 81,922011573126
2338 81,9215493934332
2339 81,9193153220251
2340 81,9159782629886
2341 81,9121235327109
2342 81,9102214199207
2343 81,912418043765
2344 81,9172500662981
2345 81,9188529371837
2346 81,9133694827848
2347 81,9069970223022
2348 81,9059338517591
2349 81,9103690328994
2350 81,9152244523736
2351 81,9159028619907
2352 81,9112923614942
2353 81,903629352247
2354 81,8965247363566
2355 81,8904803682286
2356 81,8863007366353
2357 81,8860319064351
2358 81,8891517265143
2359 81,8941600280392
2360 81,8983296937538
2361 81,8988695899076
2362 81,8968375663069
2363 81,8952846138181
2364 81,8958647309519
2365 81,8970741988999
2366 81,8967296840312
2367 81,8952274141164
2368 81,8942091101036
2369 81,8931524528334
2370 81,8900392228666
2371 81,8854732773901
2372 81,8829114550135
2373 81,8843189422449
2374 81,888080077656
2375 81,8915409678417
2376 81,8933709545133
2377 81,8933194161627
2378 81,8916345281542
2379 81,8894866537016
2380 81,8884140473144
2381 81,8887585562597
2382 81,8894940148484
2383 81,8898193168736
2384 81,8901338782365
2385 81,8911255813377
2386 81,8926652184316
2387 81,8941038430076
2388 81,8951560433087
2389 81,8959739162025
2390 81,8965782310515
2391 81,8965572444029
2392 81,8952951468014
2393 81,8925723933674
2394 81,8891406768296
2395 81,8864007254288
2396 81,8850510070359
2397 81,884356166762
2398 81,8833000494948
2399 81,8820518994143
2400 81,8814751341569
2401 81,8815838547139
2402 81,8815678604088
2403 81,8811036573592
2404 81,8804304268121
2405 81,8791735165573
2406 81,8764206741201
2407 81,872277067306
2408 81,8682149747951
2409 81,8654077358979
2410 81,863543316568
2411 81,8616189669851
2412 81,8591254586165
2413 81,8561937467872
2414 81,8534038549115
2415 81,851722968558
2416 81,8517735089944
2417 81,8527785906532
2418 81,8529768877123
2419 81,8514830844775
2420 81,8491314588854
2421 81,8471872953477
2422 81,8458268539184
2423 81,8441594612678
2424 81,8412367448295
2425 81,8369087103692
2426 81,8322357300184
2427 81,8290755374106
2428 81,8285578915146
2429 81,8298210979483
2430 81,8308245724344
2431 81,830409468602
2432 81,8289766617005
2433 81,8273890636682
2434 81,8261655086299
2435 81,8256589448034
2436 81,8258801915733
2437 81,8259416044566
2438 81,8247227608711
2439 81,82238626934
2440 81,820275926364
2441 81,8190289091433
2442 81,8178117062596
2443 81,8158421972479
2444 81,8136477826823
2445 81,8121673704454
2446 81,811402894001
2447 81,8106567635504
2448 81,8095533353468
2449 81,80821978481
2450 81,8068597179919
2451 81,8056214889546
2452 81,8045929445258
2453 81,8036420725613
2454 81,8025476689747
2455 81,8013646725719
2456 81,8002330877062
2457 81,7988275910413
2458 81,7966049622567
2459 81,7936990055989
2460 81,7909612881363
2461 81,7889812239474
2462 81,7876345592604
2463 81,7866752453865
2464 81,7861278074808
2465 81,7859280770856
2466 81,7857236700808
2467 81,7851489693625
2468 81,7838704002472
2469 81,7815311254723
2470 81,7783307938149
2471 81,7754836439274
2472 81,7742148938518
2473 81,774293266904
2474 81,7743636091438
2475 81,7736477540997
2476 81,7723593651095
2477 81,7705449743973
2478 81,7678221977041
2479 81,7645904502306
2480 81,762302813004
2481 81,7619059194888
2482 81,762814147209
2483 81,7638919133008
2484 81,7646661844897
2485 81,765121754735
2486 81,7650895072767
2487 81,7644189359033
2488 81,7632510419492
2489 81,76179912283
2490 81,7604031454933
2491 81,7599271999766
2492 81,7612652914098
2493 81,7640795426561
2494 81,7667344061608
2495 81,7678716433046
2496 81,7674934678559
2497 81,7663313810188
2498 81,7649226532407
2499 81,7635448905664
2500 81,7621961522731
2501 81,7602485108362
2502 81,7569099204677
2503 81,7524822227454
2504 81,748418857187
2505 81,7456904420899
2506 81,7437087956305
2507 81,7412371297577
2508 81,7377107226546
2509 81,7333196842997
2510 81,7285492788445
2511 81,7241612295396
2512 81,7210293153627
2513 81,7194295900474
2514 81,7187795384109
2515 81,7182506421062
2516 81,7171992506438
2517 81,7150446008228
2518 81,7115673451518
2519 81,7075344476252
2520 81,7041789579444
2521 81,7017391738752
2522 81,6992701755823
2523 81,6961343171774
2524 81,6927670031083
2525 81,6896393231324
2526 81,6865005045072
2527 81,6832408920426
2528 81,6805809935893
2529 81,6791443939773
2530 81,6785259433792
2531 81,6779518062987
2532 81,6772327427536
2533 81,6764159978899
2534 81,6751421827798
2535 81,6731195882216
2536 81,6707810824227
2537 81,6687710524027
2538 81,6671227351754
2539 81,6654898147891
2540 81,6637833446938
2541 81,6620158911635
2542 81,6599185651235
2543 81,6573460322311
2544 81,654813764866
2545 81,6530890763344
2546 81,652384607973
2547 81,652286857795
2548 81,652220931158
2549 81,6516567571449
2550 81,6501725579288
2551 81,6477401234899
2552 81,6448127629529
2553 81,6418894298963
2554 81,6391408300988
2555 81,6365473808076
2556 81,6341041168561
2557 81,6317671285527
2558 81,6294975294842
2559 81,6274402015508
2560 81,6257550376296
2561 81,6242723994594
2562 81,6226831557607
2563 81,6210165578206
2564 81,6194822594615
2565 81,6179235766055
2566 81,615972243666
2567 81,6136968345316
2568 81,6115392138072
2569 81,6096914244681
2570 81,6081200033329
2571 81,6069885633409
2572 81,6062368781076
2573 81,6048941668393
2574 81,6018389322286
2575 81,5973571528023
2576 81,5930344549647
2577 81,5899989220884
2578 81,5881891409504
2579 81,5873475359392
2580 81,5874673319729
2581 81,5879036456192
2582 81,5873135987676
2583 81,585200499267
2584 81,5825937206763
2585 81,5805416358856
2586 81,578788814072
2587 81,5766023394753
2588 81,5740353541335
2589 81,5715302768476
2590 81,5689646923596
2591 81,5660334795618
2592 81,5631666166074
2593 81,5611775342548
2594 81,5601049105445
2595 81,5590232444816
2596 81,5570226352742
2597 81,5540937759725
2598 81,5511272323516
2599 81,5491294126726
2600 81,5482122177799
2601 81,5473564216751
2602 81,5454809876618
2603 81,5426070470352
2604 81,5394888292243
2605 81,5363842889552
2606 81,533063089635
2607 81,5299425888678
2608 81,5281146416779
2609 81,5279099797873
2610 81,5282870613108
2611 81,528010424294
2612 81,5267380459965
2613 81,5247252594964
2614 81,5222788225059
2615 81,5198198684375
2616 81,5176987210955
2617 81,5156072413462
2618 81,5128923512064
2619 81,5096818691814
2620 81,5068702575805
2621 81,5047493247543
2622 81,5026167450184
2623 81,5001300805136
2624 81,4980600763996
2625 81,4971204409006
2626 81,4968927216562
2627 81,4965316865998
2628 81,4958162793077
2629 81,4948983888596
2630 81,4936476305113
2631 81,4918376185774
2632 81,4895045186764
2633 81,486727245701
2634 81,4835598811828
2635 81,4804197084629
2636 81,477890111853
2637 81,4759209947472
2638 81,4739745035156
2639 81,4721518813472
2640 81,471247397152
2641 81,4713747270681
2642 81,4715399350213
2643 81,4710378857777
2644 81,47030766957
2645 81,469882274531
2646 81,4694575418555
2647 81,4686041627727
2648 81,4674673809756
2649 81,4661026639842
2650 81,4640373051793
2651 81,4612501505579
2652 81,4587584498399
2653 81,4574217108367
2654 81,4568305822211
2655 81,45605670837
2656 81,4547878815288
2657 81,4530634924097
2658 81,4506933713342
2659 81,4477568110233
2660 81,4450210649902
2661 81,4430994385884
2662 81,4417692327682
2663 81,4406921232701
2664 81,439981573211
2665 81,4393433769409
2666 81,4376259919284
2667 81,4342973690928
2668 81,4306210850881
2669 81,4281754100012
2670 81,4267095939752
2671 81,4246409223476
2672 81,4213142063792
2673 81,4175553404312
2674 81,4141250210584
2675 81,4108182981982
2676 81,4072877377375
2677 81,4038177163259
2678 81,4008863585137
2679 81,3984920421246
2680 81,3962404305749
2681 81,3938521437852
2682 81,3914277717119
2683 81,3892806257634
2684 81,387477580548
2685 81,3855977989124
2686 81,3832403292017
2687 81,3807491096312
2688 81,3789331874625
2689 81,3779348749364
2690 81,3769071158304
2691 81,3750132490546
2692 81,3722110399053
2693 81,368841586153
2694 81,3650794081364
2695 81,3611296226273
2696 81,3574040100044
2697 81,3541334142642
2698 81,3512500987476
2699 81,3488342076989
2700 81,3470794428914
2701 81,345666402672
2702 81,3439536644053
2703 81,342045412038
2704 81,3407727164088
2705 81,3402209708339
2706 81,3392585662966
2707 81,3371455566146
2708 81,334675587162
2709 81,3329157422989
2710 81,3316196238659
2711 81,3298099457634
2712 81,327276676571
2713 81,324524700449
2714 81,3217868019056
2715 81,3191389962608
2716 81,3171703582375
2717 81,3163300227231
2718 81,3156857844926
2719 81,3134920328901
2720 81,3092960447098
2721 81,3046355070524
2722 81,3011950467431
2723 81,2988637504508
2724 81,2962377194024
2725 81,292839065232
2726 81,2901386508761
2727 81,289944468185
2728 81,2919926663031
2729 81,2937730872828
2730 81,2930313077745
2731 81,2899833088468
2732 81,2866037080004
2733 81,2841907876758
2734 81,2823489143877
2735 81,280041085408
2736 81,2767394478306
2737 81,2726350643079
2738 81,2686174862203
2739 81,2660580776681
2740 81,2656832321524
2741 81,2664896535637
2742 81,2665565167379
2743 81,2650197399775
2744 81,2624778004337
2745 81,2596031455184
2746 81,2565469585984
2747 81,2538106130518
2748 81,2522881982854
2749 81,2518605697697
2750 81,2510983932505
2751 81,2490613955913
2752 81,2464396737368
2753 81,2442503519572
2754 81,2423748197756
2755 81,2402093767317
2756 81,2379575289684
2757 81,2363755946183
2758 81,2357495059343
2759 81,2357880840506
2760 81,2359756660946
2761 81,2354436560392
2762 81,2331627863998
2763 81,2290180409554
2764 81,2242372228621
2765 81,2201422627322
2766 81,2169350817897
2767 81,2142344300234
2768 81,2121933425024
2769 81,2112780500402
2770 81,2111831781902
2771 81,2105889035491
2772 81,2080540821772
2773 81,2032163109026
2774 81,1976075925735
2775 81,1941981447062
2776 81,1951401274332
2777 81,199502479759
2778 81,2039202495484
2779 81,2058012762084
2780 81,2051584111565
2781 81,2032104904399
2782 81,2005612118352
2783 81,1974589779152
2784 81,1944975211528
2785 81,1917720688655
2786 81,1881789014885
2787 81,1829130472217
2788 81,1772168155724
2789 81,173375560341
2790 81,1721357354357
2791 81,172158696887
2792 81,1718885910935
2793 81,1708555128246
2794 81,1690346871531
2795 81,1660518652246
2796 81,1617385567701
2797 81,1570777347835
2798 81,1539333746877
2799 81,1535229026114
2800 81,1551011203735
2801 81,1563606013789
2802 81,1554990221046
2803 81,1528942138901
2804 81,150323829998
2805 81,1485576008787
2806 81,1463958757438
2807 81,1423632165782
2808 81,1366982772466
2809 81,131131228808
2810 81,1270982161982
2811 81,1247288294818
2812 81,1233431464336
2813 81,1223190619915
2814 81,1213573172216
2815 81,1202544738244
2816 81,1187413133396
2817 81,116692999451
2818 81,1144081442363
2819 81,1123109868541
2820 81,1101932386145
2821 81,1071719907647
2822 81,1028321410124
2823 81,0980672274806
2824 81,0942124136812
2825 81,0915504300402
2826 81,089215748417
2827 81,0863414759767
2828 81,0826753713972
2829 81,0782400087516
2830 81,0730701340641
2831 81,0673111612017
2832 81,0611480997724
2833 81,0546429316389
2834 81,0476420930659
2835 81,0392600480536
2836 81,0275026478439
2837 81,010919263987
2838 80,9915057779935
2839 80,9742739719495
2840 80,9618913599963
2841 80,950340737483
2842 80,9315071966036
2843 80,8993129146267
2844 80,8517344226808
2845 80,7888364933128
2846 80,7135259162662
2847 80,6356708112122
2848 80,5720194589051
2849 80,5384225603882
2850 80,5411099202554
2851 80,5746709866178
2852 80,6264209649978
2853 80,6824653398088
2854 80,7326851275021
2855 80,7730749399863
2856 80,8040795841036
2857 80,8270036575148
2858 80,8430104258118
2859 80,8547942747293
2860 80,8661649636322
2861 80,8785735881283
2862 80,8898870737817
2863 80,8978461557331
2864 80,9030449708095
2865 80,9072701310157
2866 80,91079184961
2867 80,9129983992425
2868 80,9140025670521
2869 80,9134632055992
2870 80,9091261749991
2871 80,8992752616982
2872 80,8865543551354
2873 80,8771711508205
2874 80,8755751945327
2875 80,8807678882834
2876 80,8878389158119
2877 80,8921990462144
2878 80,8924355372145
2879 80,8901800561957
2880 80,8877432176466
2881 80,885717950611
2882 80,8828698911758
2883 80,8781748275016
2884 80,8721923123104
2885 80,8661750793525
2886 80,8606741687664
2887 80,8555468532546
2888 80,8505899162797
2889 80,8455139160863
2890 80,8397730588552
2891 80,832822404126
2892 80,8241164175709
2893 80,8129983434388
2894 80,7997471752259
2895 80,786853327096
2896 80,7776435383305
2897 80,7727982178857
2898 80,7694202080555
2899 80,7642766499106
2900 80,7566647841801
2901 80,7473327162066
2902 80,7361184224557
2903 80,7233562743799
2904 80,7096903720627
2905 80,6956178979452
2906 80,6793981835777
2907 80,6579429312101
2908 80,628658774091
2909 80,5885767292369
2910 80,5328416309796
2911 80,4575263121118
2912 80,3657677388801
2913 80,2700933766867
2914 80,1867539654658
2915 80,1279931231555
2916 80,0986194382778
2917 80,0974279936199
2918 80,1198364260549
2919 80,1594422625349
2920 80,2089835209225
2921 80,2617104373724
2922 80,312968615878
2923 80,3608348995545
2924 80,4050907904418
2925 80,4453849140804
2926 80,480427225761
2927 80,5090588869581
2928 80,5319879817948
2929 80,5522847498898
2930 80,5738112270404
2931 80,5984692295691
2932 80,6244911680924
2933 80,6478151075406
2934 80,6657908511962
2935 80,679408448858
2936 80,6915710739588
2937 80,7038648343655
2938 80,7157179267445
2939 80,7257376601306
2940 80,7323987536698
2941 80,73410037532
2942 80,7306744515851
2943 80,7250710570027
2944 80,7218018369113
2945 80,7232280743557
2946 80,7286244753833
2947 80,7366129945514
2948 80,7461269627649
2949 80,7543943926304
2950 80,7569743615265
2951 80,7521846564836
2952 80,7439733754512
2953 80,7381102686628
2954 80,7361538874586
2955 80,734912223289
2956 80,7312003367509
2957 80,725222342214
2958 80,7194941251324
2959 80,7162175157288
2960 80,7161553405474
2961 80,7188566884538
2962 80,7234147939088
2963 80,72934730701
2964 80,7366691164543
2965 80,7448613376347
2966 80,7524975078357
2967 80,7588248976804
2968 80,7650820135236
2969 80,7730439306619
2970 80,7822434113407
2971 80,7896989308293
2972 80,792900744104
2973 80,7925620063073
2974 80,7921636951054
2975 80,7947959106633
2976 80,8001365859719
2977 80,804475555697
2978 80,8043986361725
2979 80,8006657247995
2980 80,7977094293997
2981 80,7991041096873
2982 80,804528117276
2983 80,811232571748
2984 80,8168536741818
2985 80,820109595159
2986 80,8205593951832
2987 80,8190173866701
2988 80,8168485938406
2989 80,8136613495547
2990 80,8072897569415
2991 80,7979391549674
2992 80,7907553868941
2993 80,791009534684
2994 80,7970486167038
2995 80,8012756400949
2996 80,7989099064601
2997 80,7931180869028
2998 80,790351723689
2999 80,7929054502177
3000 80,7976452150123
3001 80,8005413821019
3002 80,8003508887842
3003 80,7982520009773
3004 80,7960262370277
3005 80,7946801824566
3006 80,7936483959974
3007 80,7907491666408
3008 80,7832813115699
3009 80,7700235422399
3010 80,752671554713
3011 80,7351658071861
3012 80,7214590130746
3013 80,7138510773563
3014 80,712922099849
3015 80,7178771765557
3016 80,7263165078401
3017 80,734615089915
3018 80,7401238462135
3019 80,7432084175064
3020 80,7459250079325
3021 80,748509592975
3022 80,7488520495648
3023 80,7460835010847
3024 80,7429269693012
3025 80,7426988166156
3026 80,7451669400976
3027 80,7469541712413
3028 80,7456321975091
3029 80,7417759437315
3030 80,7369569697558
3031 80,7311599153046
3032 80,7234159958138
3033 80,7145566644828
3034 80,7079459606043
3035 80,706750730583
3036 80,7106357014954
3037 80,715250364329
3038 80,7148513064569
3039 80,7060629338397
3040 80,690527738059
3041 80,674235170719
3042 80,6635632575639
3043 80,6613968661645
3044 80,6662807018575
3045 80,6746980034163
3046 80,6834400409987
3047 80,6895426911219
3048 80,6901481995947
3049 80,6845265058591
3050 80,6762174509492
3051 80,6709148666359
3052 80,670998159085
3053 80,6733783335099
3054 80,6737250748245
3055 80,671536129491
3056 80,6697445433205
3057 80,6702750890901
3058 80,6722715405428
3059 80,6740848224031
3060 80,6746237311733
3061 80,6731253391552
3062 80,6691318674508
3063 80,6629205489154
3064 80,6547294839152
3065 80,6443324214411
3066 80,6330886944599
3067 80,6254177272748
3068 80,6254496706025
3069 80,6319942669022
3070 80,6394353651283
3071 80,6437234601065
3072 80,6448494840548
3073 80,6432912100972
3074 80,6372279293995
3075 80,6246091807881
3076 80,6063777979906
3077 80,5865728084985
3078 80,5705318044749
3079 80,5626446737975
3080 80,5631700976411
3081 80,5672099411426
3082 80,5688230470507
3083 80,5669433481774
3084 80,5658572883369
3085 80,5694015086265
3086 80,5761656789906
3087 80,5811947961192
3088 80,5811391884693
3089 80,5768473394919
3090 80,572405140836
3091 80,5719787381787
3092 80,5763928259737
3093 80,5824027932948
3094 80,5860834909928
3095 80,5864753570731
3096 80,5845693454208
3097 80,5802093216759
3098 80,572752886278
3099 80,5644387359732
3100 80,5596736862251
3101 80,5601503292525
3102 80,5630911676922
3103 80,5649331262316
3104 80,5641483154288
3105 80,559591780259
3106 80,5496557853194
3107 80,5356258199974
3108 80,5234393296021
3109 80,5189412331539
3110 80,522558267391
3111 80,5288865326306
3112 80,5301353601774
3113 80,5207305653942
3114 80,5013491903393
3115 80,4793540558631
3116 80,4631033339758
3117 80,4549507949379
3118 80,4511364121214
3119 80,4489916766059
3120 80,4514621065298
3121 80,4624621520956
3122 80,4795744027527
3123 80,4945644633512
3124 80,5013762131569
3125 80,5009184154964
3126 80,4973916793724
3127 80,4931400784964
3128 80,4883987419344
3129 80,4838915950736
3130 80,4814959296585
3131 80,4818809277691
3132 80,4830389658938
3133 80,4824197247071
3134 80,4793768996739
3135 80,4740765485843
3136 80,4653080912659
3137 80,4520612600588
3138 80,4371989320899
3139 80,4272372664399
3140 80,4268149516707
3141 80,4341034681085
3142 80,442659924333
3143 80,4472547453897
3144 80,4469820679426
3145 80,4436621493096
3146 80,4391723459904
3147 80,4346332574743
3148 80,4295051240599
3149 80,4206792806941
3150 80,4053081004967
3151 80,3863108841485
3152 80,3727451629471
3153 80,3719984181189
3154 80,3823403375978
3155 80,394941380342
3156 80,4023518172471
3157 80,4033881146358
3158 80,4009279971166
3159 80,397809627623
3160 80,395332292851
3161 80,3936090219899
3162 80,3919968557382
3163 80,3896689289402
3164 80,3863546667323
3165 80,3824005452114
3166 80,3782433708818
3167 80,3742205596924
3168 80,370652156313
3169 80,3677210116546
3170 80,365240441005
3171 80,362598128125
3172 80,3593393038565
3173 80,3555116289122
3174 80,3514833912396
3175 80,3477079138684
3176 80,344472845724
3177 80,3414220680099
3178 80,337542684212
3179 80,3324193909596
3180 80,3271041202964
3181 80,32296882531
3182 80,3200821839875
3183 80,3174786223118
3184 80,3146631991195
3185 80,3118808643805
3186 80,3090404637226
3187 80,3054032786156
3188 80,3005607312873
3189 80,2952478812848
3190 80,2908466338997
3191 80,288010545723
3192 80,2864706975857
3193 80,2854573316594
3194 80,2840854983616
3195 80,281852709369
3196 80,2789196399436
3197 80,275580479315
3198 80,2716586508802
3199 80,2670729757118
3200 80,262467482218
3201 80,258489625709
3202 80,2547197373422
3203 80,2501826789552
3204 80,2449009863491
3205 80,2400409741615
3206 80,2365718515119
3207 80,2343422694656
3208 80,2325829608835
3209 80,230300449011
3210 80,2265156766806
3211 80,2212056596157
3212 80,2158115342934
3213 80,2115966598739
3214 80,2079381711962
3215 80,203410181707
3216 80,1982025406667
3217 80,193830775262
3218 80,1905788859013
3219 80,1869767547138
3220 80,1820278108878
3221 80,1765712805352
3222 80,1718246265874
3223 80,1678742631385
3224 80,1645789524284
3225 80,1622110411451
3226 80,1602773219205
3227 80,1573108037294
3228 80,1527923576218
3229 80,1469736548017
3230 80,1381264393996
3231 80,1233719690566
3232 80,1042390173066
3233 80,0889161433032
3234 80,0856146218109
3235 80,0938781074831
3236 80,1051694505662
3237 80,111727628166
3238 80,1122913893455
3239 80,1099514804241
3240 80,1073587358156
3241 80,1052065949897
3242 80,1029328020286
3243 80,0985908391442
3244 80,0895082349853
3245 80,0755603293862
3246 80,0614076169963
3247 80,0533105497022
3248 80,0534904084792
3249 80,0584247174719
3250 80,0626306148992
3251 80,0632537299186
3252 80,0604854764898
3253 80,0550476564552
3254 80,0476218670114
3255 80,0403248285161
3256 80,0362210690085
3257 80,0360682893871
3258 80,0367087826203
3259 80,0345965106998
3260 80,0298258430683
3261 80,0252705858975
3262 80,02262703388
3263 80,0209081593084
3264 80,0185221818774
3265 80,0150821600407
3266 80,0099932090709
3267 80,0005311661726
3268 79,9841552956346
3269 79,9627593628154
3270 79,9434117417292
3271 79,9337467916069
3272 79,9356608258892
3273 79,9437558085348
3274 79,950987865589
3275 79,9551899792666
3276 79,9585923051499
3277 79,9622571461822
3278 79,963974309442
3279 79,9620095454948
3280 79,957925966322
3281 79,9540251145678
3282 79,9502788677731
3283 79,945767498647
3284 79,9412779598064
3285 79,9384637522697
3286 79,9371481827262
3287 79,9350044328998
3288 79,9294172805529
3289 79,9185160183041
3290 79,902351923228
3291 79,884829785298
3292 79,8721829245268
3293 79,8671110871427
3294 79,8662208021566
3295 79,8652118498868
3296 79,8642970306142
3297 79,8660305648395
3298 79,8698445100137
3299 79,8722193983487
3300 79,8710628970135
3301 79,8657675431034
3302 79,8537262915545
3303 79,83200222351
3304 79,8035697849779
3305 79,7782122515976
3306 79,764932139893
3307 79,7654199597911
3308 79,7756498937571
3309 79,7909245678284
3310 79,8073980827566
3311 79,8211598281294
3312 79,8291036598148
3313 79,830702652865
3314 79,8277590389589
3315 79,8226076417783
3316 79,8169355136124
3317 79,8116081963112
3318 79,8068296260288
3319 79,8026308190275
3320 79,7991806684382
3321 79,7958136814397
3322 79,7900968274741
3323 79,7798217625259
3324 79,7664992914837
3325 79,7554387475647
3326 79,7511831164367
3327 79,7536042731273
3328 79,7590858770811
3329 79,7640284142219
3330 79,766060436937
3331 79,7639390032837
3332 79,7581058705675
3333 79,7506776564054
3334 79,7432074420176
3335 79,7344697471803
3336 79,7220313240358
3337 79,7066048651075
3338 79,6934498620882
3339 79,688058361742
3340 79,6906733728608
3341 79,6960637909788
3342 79,6988078887001
3343 79,6980463906147
3344 79,696841364289
3345 79,6975517983684
3346 79,6984883970288
3347 79,6950191220244
3348 79,6839830573908
3349 79,6675431360648
3350 79,6528585167444
3351 79,6474161556954
3352 79,6529189213109
3353 79,6636531679344
3354 79,6717820521801
3355 79,6738520436455
3356 79,6715184073409
3357 79,6670843740811
3358 79,6609525133604
3359 79,6537992225794
3360 79,648199752527
3361 79,6456914464524
3362 79,6438287517442
3363 79,6383313032827
3364 79,6273681977708
3365 79,612225382379
3366 79,5949326338272
3367 79,5776553722681
3368 79,5642135429914
3369 79,5595513252883
3370 79,566076660136
3371 79,5807848492707
3372 79,5964994610941
3373 79,6063522987142
3374 79,6078310403042
3375 79,6033459622635
3376 79,597384035204
3377 79,5928097298263
3378 79,5897178379658
3379 79,5873462720828
3380 79,5858502119993
3381 79,5854127445376
3382 79,584910156528
3383 79,5828028561462
3384 79,5790496585629
3385 79,5749355345446
3386 79,5710077288934
3387 79,5658937190453
3388 79,5565261875657
3389 79,5402597868601
3390 79,5189684223857
3391 79,5014325700352
3392 79,4977759339293
3393 79,5090975419128
3394 79,5253007972548
3395 79,53502650294
3396 79,5342992329804
3397 79,5240010160997
3398 79,5049712197882
3399 79,4808985125347
3400 79,4621661566259
3401 79,4594621377789
3402 79,4733149203339
3403 79,4940387735489
3404 79,5114767733598
3405 79,5208377201943
3406 79,5209812296314
3407 79,5137026925799
3408 79,50461874286
3409 79,4993209359114
3410 79,4975479002197
3411 79,4953286992802
3412 79,4923780966368
3413 79,4923179658462
3414 79,4962150439216
3415 79,500752628172
3416 79,5029848714945
3417 79,5029459474903
3418 79,5014091459652
3419 79,4987247034402
3420 79,4963505282177
3421 79,4961810439777
3422 79,4977979232161
3423 79,4988496084511
3424 79,4982535367681
3425 79,4965811020819
3426 79,4932716858305
3427 79,4865466495346
3428 79,476781160091
3429 79,4674699651336
3430 79,4617509408854
3431 79,459252933077
3432 79,4565805027282
3433 79,4501399593424
3434 79,4398836842699
3435 79,4308107168958
3436 79,4293571327655
3437 79,4370979067293
3438 79,4494690291196
3439 79,4612372355725
3440 79,4700908706617
3441 79,4758293956682
3442 79,4784397173101
3443 79,4779977965372
3444 79,475389990365
3445 79,4720407861193
3446 79,4693778563142
3447 79,4691263957347
3448 79,4727245110701
3449 79,4792292370803
3450 79,4851870159547
3451 79,4880202494871
3452 79,4883992697905
3453 79,4882847075685
3454 79,4882751197809
3455 79,487827931159
3456 79,4867358371928
3457 79,4848558335747
3458 79,4816586984013
3459 79,47802691259
3460 79,4764917611794
3461 79,4790090716939
3462 79,4837625020496
3463 79,4855530464583
3464 79,4806968928135
3465 79,4698860584223
3466 79,4560257188948
3467 79,4423815050478
3468 79,4337600411278
3469 79,4359061084315
3470 79,4499956511853
3471 79,4694173677242
3472 79,485152646462
3473 79,4937227783635
3474 79,4978003792647
3475 79,4999951399688
3476 79,4996227103976
3477 79,4951518258522
3478 79,4869892412089
3479 79,4787911540432
3480 79,4765972730048
3481 79,4838451791589
3482 79,4966310620565
3483 79,5064308593928
3484 79,5090005115606
3485 79,5079132863378
3486 79,5084035820387
3487 79,5114683098333
3488 79,5154044247831
3489 79,5195417588534
3490 79,5231079654604
3491 79,5238200666464
3492 79,5208184466735
3493 79,5166024365626
3494 79,5138335953915
3495 79,5120136803466
3496 79,509972204076
3497 79,5095539006135
3498 79,5121541812755
3499 79,5140659361491
3500 79,5107125569145
3501 79,5037078945317
3502 79,4994975801916
3503 79,50231912268
3504 79,5114439604986
3505 79,5233783279016
3506 79,5338387200459
3507 79,5396798811463
3508 79,5413840177979
3509 79,5418703103373
3510 79,5417685280139
3511 79,5387867857291
3512 79,5325555266406
3513 79,5270223724576
3514 79,5263602845182
3515 79,5302399169952
3516 79,5347228150175
3517 79,5376756842667
3518 79,5401972534492
3519 79,5424762758524
3520 79,542354039462
3521 79,5387355724132
3522 79,5325877611516
3523 79,5265750345404
3524 79,5249176468561
3525 79,5303904328423
3526 79,5397226322037
3527 79,5460927544539
3528 79,5476561569554
3529 79,5486193716469
3530 79,551811160885
3531 79,5552960945609
3532 79,5564361900289
3533 79,5542898315395
3534 79,5476993092637
3535 79,5361149710299
3536 79,5241870907236
3537 79,5204305099553
3538 79,5271121462689
3539 79,5364655412904
3540 79,5392274484679
3541 79,5343305753779
3542 79,5257554699205
3543 79,5160979871351
3544 79,5080073055539
3545 79,5067370577241
3546 79,5156526918146
3547 79,5302822646677
3548 79,5428020102478
3549 79,5496111749322
3550 79,5512720597477
3551 79,5499189813746
3552 79,5482631071006
3553 79,5480158226442
3554 79,5487958031118
3555 79,5483671790128
3556 79,5449078833531
3557 79,5390750458628
3558 79,5322660866296
3559 79,5253140120874
3560 79,5203619553729
3561 79,5200835904596
3562 79,5249069615172
3563 79,532321626263
3564 79,540209312853
3565 79,5492086961121
3566 79,5591769302624
3567 79,5635017453898
3568 79,556391999137
3569 79,5446060276187
3570 79,5379861775664
3571 79,5384032381902
3572 79,5421760336124
3573 79,5449995457621
3574 79,5455550055691
3575 79,5441442542129
3576 79,5389671501858
3577 79,5294131030261
3578 79,5202190553042
3579 79,5145130881201
3580 79,5111573168627
3581 79,5089621376241
3582 79,5077734851113
3583 79,5052144361781
3584 79,4981107218464
3585 79,4898080070466
3586 79,4903674787504
3587 79,5046687349979
3588 79,5222737077536
3589 79,5313785084224
3590 79,5326821741244
3591 79,5311032607687
3592 79,5282531074874
3593 79,5244295056935
3594 79,521768483087
3595 79,5213609998487
3596 79,5185276013844
3597 79,5093630234142
3598 79,5002111305818
3599 79,4967598675133
3600 79,4943638232633
3601 79,4898064138237
3602 79,4853771919952
3603 79,4826830667419
3604 79,4824158191173
3605 79,4858876512513
3606 79,4953381567944
3607 79,5106853115751
3608 79,5222073813308
3609 79,5197309012702
3610 79,5070783632116
3611 79,4937819410351
3612 79,4827318421024
3613 79,4719873049504
3614 79,4622079894971
3615 79,4551533105802
3616 79,4465542826225
3617 79,42975076601
3618 79,4059230846293
3619 79,3857558218166
3620 79,3827060328927
3621 79,4028874798978
3622 79,4354673595075
3623 79,4646222361078
3624 79,4855527674052
3625 79,5013308215993
3626 79,5167624738321
3627 79,5372474201676
3628 79,5610420398746
3629 79,5728956349407
3630 79,5670515457828
3631 79,5573315737767
3632 79,554329473254
3633 79,5568318903161
3634 79,5564996093401
3635 79,5495875666906
3636 79,5424830192074
3637 79,5403818999127
3638 79,5387562597258
3639 79,5317833261854
3640 79,5239121694179
3641 79,524302083071
3642 79,5319390644878
3643 79,5385070345377
3644 79,5422943301442
3645 79,5497280888524
3646 79,5621152460976
3647 79,5720285304384
3648 79,5784618400946
3649 79,5853217365027
3650 79,583620794247
3651 79,5684362706363
3652 79,557640965984
3653 79,5630056054312
3654 79,576173062986
3655 79,5832189295188
3656 79,5777319087993
3657 79,5648348053823
3658 79,5499085012566
3659 79,5328706862672
3660 79,5196714337774
3661 79,5190841333771
3662 79,5293717984105
3663 79,5390461716558
3664 79,5399621829855
3665 79,5346107502232
3666 79,5273274313875
3667 79,5197116075065
3668 79,5174258149412
3669 79,5266241259073
3670 79,5403953236324
3671 79,5458859410557
3672 79,5431787805544
3673 79,5437426518836
3674 79,5610620590975
3675 79,587719592112
3676 79,5916194333507
3677 79,5734546886715
3678 79,555231219472
3679 79,5433870285446
3680 79,536748490975
3681 79,5320422573828
3682 79,5272684217341
3683 79,5244997522292
3684 79,5199591570222
3685 79,5063700801698
3686 79,4863825354959
3687 79,4715030923131
3688 79,4657806125796
3689 79,4660060081579
3690 79,4784176828269
3691 79,5025383781547
3692 79,5175246469339
3693 79,5139058401738
3694 79,506838120494
3695 79,5075632233118
3696 79,5090465951888
3697 79,5023073378952
3698 79,4911186737814
3699 79,4816312602724
3700 79,4736500459318
3701 79,465808795684
3702 79,462086292037
3703 79,4683329633403
3704 79,4794920423813
3705 79,4849735304214
3706 79,4861602597135
3707 79,4923125834753
3708 79,5034873898999
3709 79,5121935757062
3710 79,5189105706637
3711 79,5259261142256
3712 79,5193184056825
3713 79,4957645370662
3714 79,4767496473338
3715 79,4709728948624
3716 79,4687144043671
3717 79,4644421397096
3718 79,4623068957038
3719 79,4633122990191
3720 79,462268532008
3721 79,4596878494396
3722 79,4596121406188
3723 79,4628709940173
3724 79,4689533045929
3725 79,475044633093
3726 79,4793236779951
3727 79,4790813709766
3728 79,4677823355554
3729 79,4487470610032
3730 79,4374162419988
3731 79,4387795032964
3732 79,4362455225048
3733 79,4249677181412
3734 79,428146578605
3735 79,4523827350045
3736 79,4704053213908
3737 79,4663815301858
3738 79,4548048541811
3739 79,4440183992874
3740 79,426946903073
3741 79,4030146548684
3742 79,3849764776402
3743 79,3873373361831
3744 79,4073616428077
3745 79,4213807419126
3746 79,4316028241452
3747 79,4484290804147
3748 79,4714109740547
3749 79,4885400471939
3750 79,4877732278454
3751 79,4745125592017
3752 79,4587175249011
3753 79,4381437672642
3754 79,4159341523038
3755 79,4017841999364
3756 79,3974747502069
3757 79,3936347601321
3758 79,3839214725288
3759 79,375557649629
3760 79,3756024276196
3761 79,3786630309677
3762 79,3770923208793
3763 79,3734908459755
3764 79,3750720727385
3765 79,3776598474167
3766 79,3712956407326
3767 79,3626530478878
3768 79,3649913749011
3769 79,3719153993132
3770 79,3661641652464
3771 79,3538512400564
3772 79,3508267633604
3773 79,3511363206692
3774 79,3450946735182
3775 79,3367527812701
3776 79,3319018847966
3777 79,327212244949
3778 79,3189533869273
3779 79,3122181736075
3780 79,3131915147342
3781 79,3192525346268
3782 79,3242503983823
3783 79,3263245765002
3784 79,326248238189
3785 79,322403583948
3786 79,312967251579
3787 79,3026529729997
3788 79,2975530591792
3789 79,2953568302234
3790 79,2904602863255
3791 79,2848571721746
3792 79,2840661821806
3793 79,2865064087153
3794 79,286617465909
3795 79,2840937156464
3796 79,2810932572014
3797 79,273449402702
3798 79,2600789503046
3799 79,2536076251645
3800 79,2666695692526
3801 79,2912324317895
3802 79,3036707770136
3803 79,3026215047937
3804 79,2994201195307
3805 79,2968919525452
3806 79,2905007902683
3807 79,2788724255199
3808 79,2693559577888
3809 79,2624929635667
3810 79,2524865553094
3811 79,240993952989
3812 79,2324956736268
3813 79,227548281997
3814 79,2250345810976
3815 79,2286185259162
3816 79,2389478027203
3817 79,2444974331547
3818 79,2390432996562
3819 79,2344715701141
3820 79,2421284898146
3821 79,250295117846
3822 79,2436629952509
3823 79,2361448018218
3824 79,2364969964427
3825 79,2351400389349
3826 79,2264157744717
3827 79,2188091692192
3828 79,2168499049852
3829 79,2129146996534
3830 79,203954718349
3831 79,1964952726724
3832 79,1934331456677
3833 79,1862077876152
3834 79,1682845788775
3835 79,1524154414288
3836 79,1559496132179
3837 79,173472125385
3838 79,1877520195419
3839 79,1982679752511
3840 79,2070915197048
3841 79,2033420420962
3842 79,1848060802857
3843 79,169066776756
3844 79,1651469243024
3845 79,1623430691103
3846 79,1596081183228
3847 79,1658698519276
3848 79,1739672437528
3849 79,170303974638
3850 79,1570811828859
3851 79,1507450638449
3852 79,1566804492867
3853 79,1512824355216
3854 79,119248119466
3855 79,1041825874488
3856 79,1208373896552
3857 79,1411036270448
3858 79,1488904850325
3859 79,1497413070182
3860 79,1483869606541
3861 79,1414211473125
3862 79,1286456063656
3863 79,1209296387735
3864 79,1232273570714
3865 79,1266596804134
3866 79,1261231379247
3867 79,1254759768239
3868 79,1285543282622
3869 79,1341148431223
3870 79,1302086109032
3871 79,1149931126914
3872 79,1026827188644
3873 79,0991174574196
3874 79,0975582086178
3875 79,0932368705196
3876 79,0919606658155
3877 79,0960210530141
3878 79,0957253278561
3879 79,0829843547566
3880 79,067059107715
3881 79,0640305966971
3882 79,0715021805119
3883 79,0778597790852
3884 79,0840919349469
3885 79,0955979663838
3886 79,1046793867599
3887 79,1004013645668
3888 79,0868591543218
3889 79,0738932756932
3890 79,0632734301323
3891 79,0512173815552
3892 79,0412075775213
3893 79,0415981537586
3894 79,0485066642361
3895 79,0513802939541
3896 79,047206918389
3897 79,0428341400633
3898 79,0454085991672
3899 79,0549510681691
3900 79,068592738572
3901 79,0822019737008
3902 79,0849924236667
3903 79,0689790081274
3904 79,0416132527701
3905 79,021755676463
3906 79,018925044802
3907 79,0250665456702
3908 79,0304006083002
3909 79,0329679240188
3910 79,0334565896436
3911 79,0317948154665
3912 79,0279727225222
3913 79,0244763187117
3914 79,0235143337384
3915 79,0237522003541
3916 79,0237699079081
3917 79,0238839480949
3918 79,0224050087629
3919 79,0177043736985
3920 79,012211734223
3921 79,0086546736908
3922 79,004100356301
3923 78,9951337632215
3924 78,985042556909
3925 78,9793892262902
3926 78,9784762551027
3927 78,9801762525753
3928 78,9849506814102
3929 78,9921650955246
3930 78,9957790026664
3931 78,9929227794021
3932 78,9887374902456
3933 78,9856385285256
3934 78,9805738782732
3935 78,9746977645491
3936 78,9728201315716
3937 78,9739403583752
3938 78,9717130265701
3939 78,9652689216712
3940 78,9598007130129
3941 78,9564685065978
3942 78,9516314738726
3943 78,9470059333687
3944 78,9499063864723
3945 78,9592826820456
3946 78,9642551821459
3947 78,9595031639569
3948 78,9503439424224
3949 78,9425351276197
3950 78,9368067212673
3951 78,9342956771991
3952 78,936708120217
3953 78,9404318999144
3954 78,939719967006
3955 78,9347475753729
3956 78,9308362892707
3957 78,9304319953285
3958 78,9308415826305
3959 78,930027550216
3960 78,9288585542382
3961 78,9273881960416
3962 78,9240729861824
3963 78,9194429120535
3964 78,9165972676918
3965 78,9160757078691
3966 78,9144284775193
3967 78,910165245742
3968 78,9059913208421
3969 78,9032199532398
3970 78,8997918938139
3971 78,8957503982082
3972 78,894389487556
3973 78,896154966392
3974 78,8969585333781
3975 78,8947126974912
3976 78,8926238314383
3977 78,8930774063606
3978 78,8933878935571
3979 78,8909308254246
3980 78,8873117877074
3981 78,8842951313544
3982 78,8805718687533
3983 78,8758448000537
3984 78,8730018885932
3985 78,8729611270253
3986 78,8725058013397
3987 78,8696578096946
3988 78,8663079751091
3989 78,8638092113718
3990 78,8609299513972
3991 78,8576742480853
3992 78,8562860800025
3993 78,8568280392448
3994 78,8564242018828
3995 78,8542454766982
3996 78,8528851678816
3997 78,8533849144021
3998 78,8532399538274
3999 78,8510109552394
4000 78,8485279981798
