#Datum: 21.01.2016 16:19:44
#Quelle: sue?es_zeug

#Daten:
cm-1;%T
515;99,9579475232803
516;99,8127192711767
517;99,9711180274149
518;100,04393039901
519;99,870244917194
520;99,6542876306376
521;99,4079592485414
522;99,2022080931534
523;99,1893517584217
524;99,3325243385586
525;99,3407286878486
526;99,1188821697539
527;98,8445081150319
528;98,6035963594562
529;98,2815179503692
530;97,8602500737217
531;97,5969737327928
532;97,7225664352238
533;98,087423882528
534;98,4436565608757
535;98,7356672966704
536;98,9864344819167
537;99,1837260362896
538;99,3409845961596
539;99,5200133040531
540;99,7302922753641
541;99,9006707200384
542;99,9794395318569
543;99,9939576900564
544;100,001638701607
545;100,018310873745
546;100,01681598376
547;99,9848762016836
548;99,9412778324299
549;99,8930966759574
550;99,8223002876157
551;99,7182824756957
552;99,5932133187742
553;99,4618935933956
554;99,3274549974174
555;99,1875536503676
556;99,02309527924
557;98,7882318794908
558;98,45394489161
559;98,0659732151385
560;97,7237902968323
561;97,4892310913297
562;97,3786331766936
563;97,4177953631203
564;97,5880178235158
565;97,7721651332926
566;97,8583631047527
567;97,8476939283819
568;97,8253948776205
569;97,8633123854367
570;97,9918679146141
571;98,2208695023209
572;98,5079669405316
573;98,7665482625991
574;98,9537868096231
575;99,0961841348454
576;99,227288843614
577;99,3415144614767
578;99,4210978354408
579;99,4669746983982
580;99,4841858932462
581;99,4689017503238
582;99,4252330173025
583;99,3750232659049
584;99,3355763171551
585;99,2982924555008
586;99,2421025599311
587;99,1593668800346
588;99,0565251290189
589;98,9375655779585
590;98,8048635161878
591;98,6723362534926
592;98,5538724858749
593;98,4376144318887
594;98,293926490615
595;98,1058587462013
596;97,8757796044566
597;97,6094728974082
598;97,3127121552055
599;97,0027332497756
600;96,6970470866874
601;96,3876083452526
602;96,0549092466928
603;95,7049020358235
604;95,3670872507763
605;95,0756177353001
606;94,8904749866065
607;94,9019619893182
608;95,1367330819145
609;95,4961844228912
610;95,8580609318991
611;96,170985733039
612;96,4213441019207
613;96,6005054861528
614;96,7458516428019
615;96,9516231405047
616;97,276975241392
617;97,6729775258096
618;98,0484931927935
619;98,3582277531941
620;98,6035826685089
621;98,7996246049928
622;98,9593230437474
623;99,0884576260689
624;99,1863448881895
625;99,2579763780782
626;99,3205178445369
627;99,3883859436996
628;99,457155634028
629;99,5125410079338
630;99,5500332482155
631;99,5759192796629
632;99,5949779776013
633;99,6068420682818
634;99,6128073206489
635;99,6181144471222
636;99,6258409248618
637;99,6337613335593
638;99,6386619480752
639;99,6390133953121
640;99,6319386401079
641;99,6122484089736
642;99,5769423351013
643;99,5298330094049
644;99,4810253074023
645;99,4394273759743
646;99,4055683895754
647;99,3725100034485
648;99,3323587743993
649;99,2818338095237
650;99,222468574395
651;99,1579617987766
652;99,0923605588567
653;99,0279337874979
654;98,9633632845511
655;98,8954164549749
656;98,8234158877668
657;98,7512253816877
658;98,6840755239588
659;98,6231871267433
660;98,5627250109281
661;98,4931931741975
662;98,4097577184468
663;98,318029028298
664;98,230971979878
665;98,1565475851374
666;98,0913459144944
667;98,0200530958097
668;97,9236822607501
669;97,8084582151011
670;97,6924977625828
671;97,5727602070339
672;97,4390446041979
673;97,2900185930966
674;97,138494412636
675;97,004195143399
676;96,8993526508804
677;96,8232401938444
678;96,7653902725164
679;96,7119419626007
680;96,6509248212854
681;96,5761327967448
682;96,4897513640967
683;96,4007285055252
684;96,3181157123486
685;96,2455672131754
686;96,182461612514
687;96,1281487529273
688;96,0830039940031
689;96,0474827643633
690;96,0232354040481
691;96,0135160814555
692;96,0196056717465
693;96,038824387594
694;96,06903343157
695;96,112817305065
696;96,1744435281299
697;96,2552908912708
698;96,354487145737
699;96,4703739800824
700;96,5987541731889
701;96,7341275942069
702;96,8757785711029
703;97,0287243503351
704;97,1964876553535
705;97,3768080515994
706;97,5648782193342
707;97,7548321522835
708;97,9377697037007
709;98,106390706426
710;98,2633818329656
711;98,4173824014156
712;98,5686905832785
713;98,7069078800478
714;98,825078443579
715;98,9282193459535
716;99,0246151509164
717;99,1159218435239
718;99,1996323037665
719;99,2748909240056
720;99,3417560386262
721;99,3996970960517
722;99,4504183294023
723;99,4979067610373
724;99,5430388796237
725;99,5824375856135
726;99,6147054724982
727;99,6434880943471
728;99,6722694351841
729;99,7000673553581
730;99,7241681887222
731;99,7434480347665
732;99,7577774626355
733;99,7679909262966
734;99,7773821958798
735;99,7893624712397
736;99,802770645758
737;99,8132021841248
738;99,8191462165207
739;99,8225631311964
740;99,8235219025692
741;99,8189030538791
742;99,8060698105045
743;99,7827955029934
744;99,7450451204088
745;99,6931336617865
746;99,6418294983417
747;99,6161139332253
748;99,6307255807056
749;99,6761433642939
750;99,7271529447508
751;99,762482166847
752;99,7769786340133
753;99,7817603647801
754;99,7946947143653
755;99,8249687265624
756;99,8636636278764
757;99,8928352229343
758;99,9046376599304
759;99,9071856206693
760;99,9121054148167
761;99,9226929115854
762;99,9353976959543
763;99,9459314760581
764;99,9507252684832
765;99,9479447059102
766;99,9401593049468
767;99,9316146753169
768;99,921056799221
769;99,9024541167721
770;99,8748825235069
771;99,8459785544674
772;99,8229520932288
773;99,8060145337368
774;99,7940848397793
775;99,7909911421388
776;99,80087048725
777;99,8213974651112
778;99,8459617167733
779;99,8694775693398
780;99,889394154308
781;99,90502579774
782;99,9185733121996
783;99,9329609779372
784;99,9465363004976
785;99,9540568927543
786;99,9543457073461
787;99,9514599586353
788;99,9461932341296
789;99,9326597956248
790;99,9071195199684
791;99,8754055684507
792;99,8479480500164
793;99,8309199180954
794;99,8235776810257
795;99,8180397116814
796;99,7981849031814
797;99,7426289914341
798;99,6285644468896
799;99,4285340728056
800;99,1152212468801
801;98,6990242227238
802;98,2765337257471
803;98,015903120216
804;98,0435509732774
805;98,3313908835582
806;98,72319953774
807;99,0666041441741
808;99,3003826575231
809;99,440267502089
810;99,5223303500859
811;99,5717296154624
812;99,6035129603613
813;99,6272077524514
814;99,645891467417
815;99,6583653543229
816;99,6642803733816
817;99,6652637043845
818;99,6633735776322
819;99,6613227365098
820;99,6618950223896
821;99,6644061145756
822;99,6637151037331
823;99,6550962932992
824;99,6389101279163
825;99,6194935168246
826;99,60134442378
827;99,587181805553
828;99,5771916306406
829;99,5687906426558
830;99,5589677264229
831;99,5475764682984
832;99,5367175691879
833;99,5271590683809
834;99,5177900299842
835;99,5081731299835
836;99,4983821372132
837;99,4865253583352
838;99,470761310821
839;99,4552212007935
840;99,4502652832625
841;99,4642874052087
842;99,4969829864301
843;99,5413543623706
844;99,5892210281693
845;99,6332057111055
846;99,6660424637959
847;99,6813040888375
848;99,6759813345083
849;99,6522882038328
850;99,6169324237985
851;99,5777891035818
852;99,5390568361857
853;99,4984181519065
854;99,4497535110358
855;99,3888386379868
856;99,3154949443863
857;99,230849130178
858;99,1347119311238
859;99,0258661536777
860;98,9024327562282
861;98,7609438742695
862;98,5969010262472
863;98,4069065288464
864;98,1887051489649
865;97,9400641660929
866;97,6620556251168
867;97,3655731668516
868;97,0728630360515
869;96,8133183152153
870;96,6209403590445
871;96,5309175487528
872;96,5658273124926
873;96,7217697746384
874;96,9749650640307
875;97,3006914453158
876;97,6785399848634
877;98,0830330108261
878;98,4802128132271
879;98,8370361344345
880;99,1317908763448
881;99,356350120252
882;99,5126624187309
883;99,6093805777933
884;99,6586601743507
885;99,6704672528649
886;99,6482488251937
887;99,5912848486159
888;99,4990251048049
889;99,3695598759853
890;99,1953034838979
891;98,9624574170146
892;98,6506973919162
893;98,234450615119
894;97,7078636108171
895;97,1409448120329
896;96,7104874179996
897;96,623741817333
898;96,9589072737581
899;97,5823763370698
900;98,2442165153956
901;98,7509223171701
902;99,0494223628886
903;99,1842091970952
904;99,2150619738097
905;99,1774442545572
906;99,0882665869456
907;98,9580659002734
908;98,7933001313001
909;98,5990628350426
910;98,3858779144076
911;98,1730301184205
912;97,9870010719974
913;97,8592587377676
914;97,8202376612486
915;97,8836584996075
916;98,0313512496539
917;98,2190799264506
918;98,4011628442946
919;98,5477571474684
920;98,6435742776867
921;98,6816400642875
922;98,6634290862939
923;98,6024712273706
924;98,5255201087458
925;98,4686810501086
926;98,4668157969675
927;98,537791937198
928;98,6719206759329
929;98,8388436949278
930;99,0070635412797
931;99,1570138390409
932;99,2806863349975
933;99,3771174766326
934;99,4498253492884
935;99,5040713600432
936;99,544043823298
937;99,5729527541696
938;99,5942854769848
939;99,6104073563786
940;99,6207779984705
941;99,6241173395167
942;99,6214810650156
943;99,6145848834317
944;99,6023617827362
945;99,5828239292982
946;99,5580636494182
947;99,5339031888234
948;99,5140418686323
949;99,4972728707044
950;99,4809713065555
951;99,4646414627522
952;99,4491932281625
953;99,4349391649776
954;99,4213551844324
955;99,4076946512972
956;99,3938568767386
957;99,3817921457607
958;99,3748749960729
959;99,3735030341527
960;99,372098316635
961;99,3631560320864
962;99,3436592240415
963;99,3149145722005
964;99,2772645904042
965;99,22873714849
966;99,1689786114493
967;99,1011507830627
968;99,0294677880758
969;98,9579951621914
970;98,8923967063866
971;98,838772817377
972;98,7980759566359
973;98,764008194904
974;98,7286735045792
975;98,6885519019521
976;98,6434680159615
977;98,5914231818694
978;98,5255435065382
979;98,4345319399511
980;98,3058924254953
981;98,132120908796
982;97,9176993885372
983;97,68290768201
984;97,4631698398857
985;97,3044112815492
986;97,2520850197441
987;97,3311448794588
988;97,5265417800234
989;97,7855502228022
990;98,0449763259155
991;98,258389100166
992;98,4055255885745
993;98,4886203739034
994;98,5234565704342
995;98,527933149437
996;98,513449198311
997;98,4851524919142
998;98,4475399513922
999;98,4054049165246
1000;98,3595741330517
1001;98,3068928574038
1002;98,2462241974536
1003;98,1807007555947
1004;98,1126283089646
1005;98,0400862645185
1006;97,9604360050776
1007;97,8735295446648
1008;97,7795190883735
1009;97,6772703561396
1010;97,5671967436451
1011;97,4519770887304
1012;97,3319851670291
1013;97,2037128031909
1014;97,0652384895414
1015;96,9190998129491
1016;96,7667334662438
1017;96,6042007307376
1018;96,4269034336113
1019;96,2348483472057
1020;96,0301850931588
1021;95,8138960373022
1022;95,5880667772418
1023;95,3552908951478
1024;95,1099545414681
1025;94,8352768053703
1026;94,5155377391662
1027;94,1471144331181
1028;93,7328461907826
1029;93,273410040883
1030;92,7739506455666
1031;92,2537396491055
1032;91,7365781611826
1033;91,2322224387506
1034;90,7371886347208
1035;90,2531010473363
1036;89,7998051808395
1037;89,4221318171854
1038;89,1929103724294
1039;89,1837665004847
1040;89,3972924613427
1041;89,7355918615422
1042;90,0634270751666
1043;90,2988364061657
1044;90,438214577323
1045;90,5199902059424
1046;90,5886056226292
1047;90,6848569448741
1048;90,843706696296
1049;91,0893972557192
1050;91,431656680118
1051;91,8533241546965
1052;92,295270675195
1053;92,6805311941901
1054;92,9828225692395
1055;93,268889856373
1056;93,6560797237312
1057;94,2215543255464
1058;94,9528817515642
1059;95,7696274801946
1060;96,5713375038832
1061;97,2754318978333
1062;97,8378054075508
1063;98,2542598374829
1064;98,5465907762422
1065;98,7448168397955
1066;98,8760733882026
1067;98,9618336643746
1068;99,0168195063431
1069;99,0457960074551
1070;99,0438949758114
1071;99,0059917106356
1072;98,9393629779641
1073;98,866408142661
1074;98,8122302472752
1075;98,7878710729685
1076;98,7855492803306
1077;98,7908265929931
1078;98,7977735242248
1079;98,8090130008003
1080;98,8225617979314
1081;98,825233544543
1082;98,8016635087266
1083;98,745469447277
1084;98,6585067160305
1085;98,5423163199972
1086;98,394299862693
1087;98,2125068976667
1088;98,003931467539
1089;97,7903437521924
1090;97,6045929594046
1091;97,4705697955626
1092;97,3767882785188
1093;97,2773184679345
1094;97,1366749717609
1095;96,9796021179795
1096;96,889129604907
1097;96,9470809404406
1098;97,173043964974
1099;97,5144982221342
1100;97,8844435977878
1101;98,2093032274637
1102;98,4547148916529
1103;98,6204506090348
1104;98,7208948024084
1105;98,7712229831193
1106;98,7846122437607
1107;98,7734432709231
1108;98,7476856615204
1109;98,7119547081119
1110;98,6662389209539
1111;98,6099322915725
1112;98,5440695718222
1113;98,4703092543433
1114;98,3901920877234
1115;98,3067473393556
1116;98,2260531359627
1117;98,1557803357648
1118;98,1008290364964
1119;98,0585853075616
1120;98,0182344615389
1121;97,9678273074951
1122;97,9044258097651
1123;97,8360388652532
1124;97,7725390517193
1125;97,7164767644202
1126;97,6633694471954
1127;97,6067657312806
1128;97,5394836513824
1129;97,4530723073854
1130;97,3412326135767
1131;97,2038652855436
1132;97,0450837088592
1133;96,8677788860333
1134;96,672538347813
1135;96,4604178586571
1136;96,2326679528431
1137;95,9878198065539
1138;95,7223747038265
1139;95,4335150658284
1140;95,1168237039737
1141;94,7617879130623
1142;94,3557967740568
1143;93,8984708694113
1144;93,4172446929125
1145;92,9748832157742
1146;92,6591059577101
1147;92,5425521400236
1148;92,6259715988704
1149;92,8208836638236
1150;93,0039478701405
1151;93,0892703627763
1152;93,0517994001105
1153;92,9038554513974
1154;92,6684068455282
1155;92,370320306492
1156;92,0320927155889
1157;91,6646298467212
1158;91,2640472043262
1159;90,8177674356924
1160;90,3081583719649
1161;89,7145574730678
1162;89,0256175069456
1163;88,2539416595671
1164;87,4326199263691
1165;86,6011157728117
1166;85,8084484983346
1167;85,1273616810602
1168;84,6431115127789
1169;84,4210360781204
1170;84,4941797690121
1171;84,8685287158628
1172;85,5148918421595
1173;86,366060358642
1174;87,3441745294744
1175;88,3848051487759
1176;89,4323935327538
1177;90,4369514224335
1178;91,3677819245732
1179;92,2170614733744
1180;92,9843482694481
1181;93,6672529518134
1182;94,2664980186764
1183;94,7857550088329
1184;95,2204803159806
1185;95,5505924786954
1186;95,7408462175973
1187;95,7451448091506
1188;95,5298611713423
1189;95,1255854788147
1190;94,6674113743026
1191;94,3606117734003
1192;94,3635700951987
1193;94,6825362476736
1194;95,1868494047089
1195;95,7151724131944
1196;96,1579846820118
1197;96,4723225788651
1198;96,6593991312277
1199;96,7393879260015
1200;96,7344917227049
1201;96,660153880666
1202;96,5249986769166
1203;96,3366801902366
1204;96,1062220453778
1205;95,847864223656
1206;95,5770665001426
1207;95,30556442832
1208;95,0311499356346
1209;94,7318043161881
1210;94,3756074068425
1211;93,9368213895208
1212;93,399257392353
1213;92,7487008300339
1214;91,973635320084
1215;91,0803494933258
1216;90,108921077194
1217;89,1426689609583
1218;88,312417019583
1219;87,7762908291428
1220;87,653785182355
1221;87,9615536613993
1222;88,6250526672947
1223;89,539636979402
1224;90,6038571248084
1225;91,7232556180139
1226;92,817409056636
1227;93,8244341866714
1228;94,6965713544479
1229;95,4042383912472
1230;95,9456202863315
1231;96,3371257538703
1232;96,5860930800074
1233;96,676148115989
1234;96,5798886013462
1235;96,2802458688186
1236;95,7793733078272
1237;95,09750533259
1238;94,2782253140556
1239;93,4011802826587
1240;92,5783330760581
1241;91,924066722643
1242;91,5275923399381
1243;91,4417893913827
1244;91,6685542640211
1245;92,1507700248906
1246;92,7994695416333
1247;93,5319503072416
1248;94,2834174038295
1249;95,0037258293536
1250;95,6595036951598
1251;96,2329478445588
1252;96,7120493533478
1253;97,0869506385116
1254;97,3574126479583
1255;97,5375882697264
1256;97,6508681270399
1257;97,7230531285326
1258;97,7807020893366
1259;97,8495546618668
1260;97,9468307128387
1261;98,0737316354562
1262;98,2185217613407
1263;98,3664990461434
1264;98,5062172476881
1265;98,6307661619249
1266;98,7380170335766
1267;98,8297497055131
1268;98,9089653870857
1269;98,9776145711604
1270;99,0360085187941
1271;99,0831370575594
1272;99,1186665982951
1273;99,1463848705458
1274;99,1741048157591
1275;99,2073639526945
1276;99,2435519687194
1277;99,2746160899256
1278;99,2952061404702
1279;99,3055219125867
1280;99,3070345799914
1281;99,2994338603335
1282;99,2828495940494
1283;99,2601408232519
1284;99,2354834159739
1285;99,2106617826836
1286;99,1792941274523
1287;99,1204020244868
1288;99,0034082684518
1289;98,8160044757662
1290;98,5963944805951
1291;98,4293756583401
1292;98,392629903119
1293;98,4966768701696
1294;98,6807433064768
1295;98,8659388898657
1296;99,0066951511422
1297;99,099446566512
1298;99,1594058050219
1299;99,1985294459252
1300;99,220781450188
1301;99,2265987292068
1302;99,2158797533817
1303;99,1888744391048
1304;99,1485173340489
1305;99,1041875622056
1306;99,0729664576606
1307;99,0746506313267
1308;99,1200417460813
1309;99,2012585811067
1310;99,2953040337338
1311;99,378977982641
1312;99,4409375877034
1313;99,4822112889834
1314;99,5087200046142
1315;99,5250247384062
1316;99,5341565974698
1317;99,5394359040506
1318;99,5437308458769
1319;99,5476361132132
1320;99,5501435297297
1321;99,5507410087469
1322;99,5494747650626
1323;99,5456009927993
1324;99,5380244355914
1325;99,5271984594916
1326;99,5151570333959
1327;99,5033577743082
1328;99,4909051380846
1329;99,4751784890066
1330;99,4537070290879
1331;99,427014510352
1332;99,400882881858
1333;99,3844416004642
1334;99,3841883862269
1335;99,3993585732278
1336;99,4229047228791
1337;99,4463656903189
1338;99,4638712747173
1339;99,4730765657296
1340;99,4745780849069
1341;99,4703971837437
1342;99,4616670150057
1343;99,4477984151822
1344;99,4271899110896
1345;99,3965294231806
1346;99,3499433466986
1347;99,2847546659369
1348;99,2128292925196
1349;99,1628585404891
1350;99,1621144923349
1351;99,2125242151272
1352;99,288117983389
1353;99,3567086477256
1354;99,3980402353954
1355;99,4066978803155
1356;99,3879566719028
1357;99,3532053391521
1358;99,3156691247024
1359;99,2859701156555
1360;99,271353084997
1361;99,2782502441587
1362;99,3103252261253
1363;99,3593157237291
1364;99,4052259437036
1365;99,4339595997026
1366;99,4464753975958
1367;99,4495188307599
1368;99,4474558878213
1369;99,4426086106401
1370;99,4369478113665
1371;99,4309436197843
1372;99,4230857554642
1373;99,4133778576835
1374;99,4038444166557
1375;99,3948200175597
1376;99,3837146271651
1377;99,3692951882109
1378;99,3527435449835
1379;99,3339303086562
1380;99,3110825527495
1381;99,2842042489566
1382;99,2563781507897
1383;99,2301341098707
1384;99,2049744114169
1385;99,1789476790942
1386;99,1518227438566
1387;99,1251497925368
1388;99,0995641271181
1389;99,0749290347914
1390;99,0523420406441
1391;99,0333756534013
1392;99,0183186800515
1393;99,0076256382362
1394;99,003679917306
1395;99,006912941418
1396;99,011020804414
1397;99,010769277124
1398;99,0077790414655
1399;99,0037054561344
1400;98,995726457711
1401;98,9817865682449
1402;98,966261643534
1403;98,9549844758833
1404;98,9503895145389
1405;98,9521493642741
1406;98,9583257902885
1407;98,9642439781812
1408;98,9622204545911
1409;98,9481616937354
1410;98,9242239314355
1411;98,8943727574729
1412;98,8594667533122
1413;98,8189628134751
1414;98,7760136435981
1415;98,734479179177
1416;98,6928517147581
1417;98,6442014445561
1418;98,5792692921972
1419;98,4913653599234
1420;98,3844114112024
1421;98,2680153300331
1422;98,1414700531577
1423;97,9877606760584
1424;97,7877613303564
1425;97,542182430983
1426;97,2659025143032
1427;96,960297257836
1428;96,6093571211713
1429;96,2022588664301
1430;95,7523780170661
1431;95,3097690996884
1432;94,9471743937076
1433;94,7051795274754
1434;94,5840383348342
1435;94,609138305243
1436;94,868981721266
1437;95,3599561505026
1438;95,8729041343665
1439;96,258724504593
1440;96,5515540419053
1441;96,8025201238826
1442;97,0107977413448
1443;97,1628555718825
1444;97,2637284641996
1445;97,3196129110151
1446;97,3243162627811
1447;97,2853558805432
1448;97,2434124975824
1449;97,2522926771734
1450;97,3452207975801
1451;97,5380406167518
1452;97,8199035602504
1453;98,1260045947022
1454;98,374739554975
1455;98,5186621111762
1456;98,5102190223368
1457;98,258701411672
1458;97,8216635805154
1459;97,4754075734937
1460;97,3753887099748
1461;97,4747261522939
1462;97,6785102569253
1463;97,9263194985776
1464;98,2181487437215
1465;98,556832582026
1466;98,8824168674807
1467;99,1255629245904
1468;99,2804513725922
1469;99,3754032541483
1470;99,4306850524518
1471;99,4556752046808
1472;99,4583574535187
1473;99,449492188061
1474;99,4405351986504
1475;99,4449399578563
1476;99,4709709634158
1477;99,511226250762
1478;99,5464987577562
1479;99,5676805786568
1480;99,5819100739181
1481;99,5952860341639
1482;99,6045271113702
1483;99,6060299806373
1484;99,6047073838667
1485;99,6054827735555
1486;99,6082177387802
1487;99,6105998463637
1488;99,61445018521
1489;99,6226636086126
1490;99,6307809925201
1491;99,635190220211
1492;99,6382139056588
1493;99,6408483817977
1494;99,6399800151197
1495;99,6349559091709
1496;99,6328790938936
1497;99,6406505008912
1498;99,6519304471312
1499;99,659215891182
1500;99,6636969139453
1501;99,6652379678663
1502;99,6623861524572
1503;99,6571667019575
1504;99,653327646174
1505;99,6511688812077
1506;99,6507898499408
1507;99,6548386419324
1508;99,6607767660294
1509;99,6623981668518
1510;99,6596303410656
1511;99,6560809153474
1512;99,655430003582
1513;99,65746297512
1514;99,6567648427567
1515;99,6509779891694
1516;99,6431706952497
1517;99,6385496568342
1518;99,6373025281075
1519;99,6363689032568
1520;99,6342960942049
1521;99,6315226175188
1522;99,6305252479158
1523;99,6306302326491
1524;99,6316415352716
1525;99,6312094434376
1526;99,6247216596659
1527;99,6141466192508
1528;99,6055332135023
1529;99,5998928352521
1530;99,5926205446908
1531;99,5817240030647
1532;99,5719713328243
1533;99,5711948555425
1534;99,5806149748104
1535;99,5905808389514
1536;99,5944336334497
1537;99,5925796854949
1538;99,5828799609601
1539;99,5669855781262
1540;99,5593339790156
1541;99,5616439949567
1542;99,5581663892444
1543;99,5488399851618
1544;99,5424226129343
1545;99,539199179399
1546;99,5347780031353
1547;99,5279739198587
1548;99,5212965018736
1549;99,515763212675
1550;99,5113417254435
1551;99,5075653648047
1552;99,5050542962454
1553;99,5021934487664
1554;99,4967767867202
1555;99,4904060131272
1556;99,4856678875929
1557;99,4817755793514
1558;99,4763627552621
1559;99,4743966203238
1560;99,4716660842201
1561;99,4520075046132
1562;99,4285897504478
1563;99,4092524785455
1564;99,3914118280546
1565;99,3734089131914
1566;99,3561681202138
1567;99,3409216868828
1568;99,3267973628759
1569;99,3115779605328
1570;99,2955961116061
1571;99,2792003630534
1572;99,2626297893798
1573;99,2472533206804
1574;99,2306522833742
1575;99,2088801357244
1576;99,1833259056594
1577;99,1588409531028
1578;99,1354999462304
1579;99,1123458840352
1580;99,0864682935592
1581;99,0529842600735
1582;99,0125271848722
1583;98,9702984239036
1584;98,9300963153614
1585;98,8929143618186
1586;98,862158032484
1587;98,8428297848333
1588;98,8379895418584
1589;98,8463419389798
1590;98,8633601400238
1591;98,885089182896
1592;98,9095540712791
1593;98,9367807168716
1594;98,967434560163
1595;99,0003311506068
1596;99,0312017726894
1597;99,0558258069625
1598;99,0733858480246
1599;99,0856353249878
1600;99,0936333324104
1601;99,0975805119474
1602;99,0992035159292
1603;99,1001377225151
1604;99,0984868035596
1605;99,0908619141031
1606;99,0788976347013
1607;99,0692612559191
1608;99,0655932219604
1609;99,0666052254414
1610;99,0691951183511
1611;99,0720549269472
1612;99,075235512828
1613;99,0792768108919
1614;99,0855327950755
1615;99,096310643986
1616;99,1158653151239
1617;99,1430072667878
1618;99,1637382165975
1619;99,1711314731364
1620;99,1724871678398
1621;99,1728796232595
1622;99,1741202590775
1623;99,1786113459071
1624;99,1823882509324
1625;99,1773851629169
1626;99,1639078155922
1627;99,1528447862727
1628;99,1560840642543
1629;99,1751032679095
1630;99,1990891517956
1631;99,2186543457
1632;99,2325315383265
1633;99,2413042587751
1634;99,2431118137276
1635;99,2388806014123
1636;99,2336526403674
1637;99,2187015930956
1638;99,1885926248821
1639;99,151280927788
1640;99,1152727836843
1641;99,0855070856902
1642;99,0643788469442
1643;99,0523672848098
1644;99,0478967833409
1645;99,0511809063183
1646;99,066792585318
1647;99,1000296676895
1648;99,1408245330327
1649;99,1733936650388
1650;99,1988274877573
1651;99,2212564797849
1652;99,2465489449215
1653;99,3029064533534
1654;99,380174074671
1655;99,4200377995373
1656;99,4394706780181
1657;99,4592982984585
1658;99,4787522387499
1659;99,4966538986688
1660;99,5123979617806
1661;99,5269641805841
1662;99,5430761923239
1663;99,5627763251838
1664;99,5800039477226
1665;99,5897411631802
1666;99,5943799126747
1667;99,6007045465415
1668;99,614678391308
1669;99,6356312283874
1670;99,6556758385609
1671;99,6687214680188
1672;99,6791877299538
1673;99,6935594138506
1674;99,7107824549605
1675;99,7299215938599
1676;99,7474658813947
1677;99,7585135002738
1678;99,7658869849687
1679;99,7738549314024
1680;99,7830721220844
1681;99,7921337780584
1682;99,79946763098
1683;99,8049430345303
1684;99,8192895733831
1685;99,8493453391718
1686;99,8703650379642
1687;99,877340933118
1688;99,8801707743861
1689;99,8795267797023
1690;99,8753671281314
1691;99,8706943923983
1692;99,8693224803823
1693;99,8719863182667
1694;99,8722806325748
1695;99,8663570057315
1696;99,8636788329312
1697;99,8676471190828
1698;99,8687821444877
1699;99,8630722568749
1700;99,8654179887292
1701;99,8900530911295
1702;99,910795203089
1703;99,9178677982746
1704;99,9214725455785
1705;99,9277347884424
1706;99,9379654995785
1707;99,9458081678695
1708;99,9471078874611
1709;99,9413477845768
1710;99,9305301889549
1711;99,9200242813971
1712;99,9153985702705
1713;99,9174509085593
1714;99,9197873184874
1715;99,9155406888265
1716;99,9062758742465
1717;99,8988441576267
1718;99,8944053712301
1719;99,8861325435345
1720;99,8738365382232
1721;99,8609994692198
1722;99,8471856978291
1723;99,8322269890223
1724;99,817456636519
1725;99,8020052210163
1726;99,7834516342398
1727;99,7648664459399
1728;99,7502026748618
1729;99,740254100561
1730;99,7348405751638
1731;99,7335580853194
1732;99,736319457764
1733;99,74451049347
1734;99,7648104246817
1735;99,7908089266068
1736;99,8036816410352
1737;99,8067921170269
1738;99,8085030923064
1739;99,8144232531712
1740;99,8289198169274
1741;99,844753480667
1742;99,8497237436131
1743;99,8424352332242
1744;99,8301551164471
1745;99,820022479647
1746;99,8151436189192
1747;99,817501935406
1748;99,8262731326595
1749;99,837433017415
1750;99,8471874296281
1751;99,8543744184126
1752;99,8597829796201
1753;99,8612657266898
1754;99,8595166740162
1755;99,8580119927732
1756;99,8593276116878
1757;99,8637598886884
1758;99,8686990132516
1759;99,8718910885974
1760;99,8725580596908
1761;99,8707028366431
1762;99,8662837348392
1763;99,8625760845815
1764;99,8616542077135
1765;99,8621365774226
1766;99,8603605199302
1767;99,856013038564
1768;99,8539416283731
1769;99,8570068881386
1770;99,8616363189972
1771;99,8634152772155
1772;99,8627540779216
1773;99,8602572265202
1774;99,8534584805388
1775;99,8439364270663
1776;99,8347429186392
1777;99,8264105403402
1778;99,8181122850065
1779;99,8091028748247
1780;99,8013156246914
1781;99,7967942883237
1782;99,7920062230192
1783;99,7843906345224
1784;99,7753620821214
1785;99,7700177705335
1786;99,7683077257727
1787;99,764935872186
1788;99,759532112115
1789;99,7557731786051
1790;99,7540945208663
1791;99,7512741430928
1792;99,7470509369916
1793;99,7440216252252
1794;99,7401370980126
1795;99,7327381285585
1796;99,7219281649243
1797;99,7105648805947
1798;99,7011686482851
1799;99,6930594704612
1800;99,6840645753015
1801;99,6735690223177
1802;99,6630469285478
1803;99,6562251438688
1804;99,6540905607229
1805;99,6538114535681
1806;99,6502707132885
1807;99,6414617311913
1808;99,6312776240775
1809;99,6241181005328
1810;99,6200730767983
1811;99,6175973379558
1812;99,6179722543335
1813;99,6214606815187
1814;99,6240625518557
1815;99,6222709539282
1816;99,6151282870249
1817;99,6045173906362
1818;99,5927945703772
1819;99,5813897909495
1820;99,5719546735878
1821;99,5649516151955
1822;99,5601958839656
1823;99,5567802279933
1824;99,5517761768268
1825;99,5424335255158
1826;99,5299886293114
1827;99,5200600097976
1828;99,51581071873
1829;99,5137133576525
1830;99,5094810045845
1831;99,5045252639374
1832;99,5041205860094
1833;99,509388849145
1834;99,5162608632657
1835;99,5204867224196
1836;99,5230071599704
1837;99,527308948984
1838;99,5321698269239
1839;99,5327424604576
1840;99,5280290978903
1841;99,5196316631101
1842;99,5066380105952
1843;99,4861776959984
1844;99,4629581603886
1845;99,4495082198597
1846;99,4501890295571
1847;99,4592529037619
1848;99,4704189936524
1849;99,4809102886411
1850;99,4893869576018
1851;99,4942889229406
1852;99,4956897410578
1853;99,4955840773038
1854;99,4972058133204
1855;99,5011993092676
1856;99,5067603128518
1857;99,5115229874026
1858;99,5119782067327
1859;99,5078219396433
1860;99,5033020334817
1861;99,5025067200845
1862;99,5053841804627
1863;99,5099208516782
1864;99,5149627875843
1865;99,5181429419075
1866;99,515009153582
1867;99,5046244295724
1868;99,4947042181849
1869;99,4952235845769
1870;99,5035943637808
1871;99,5080360226064
1872;99,5045320282665
1873;99,498084952444
1874;99,4951340701406
1875;99,4985189411569
1876;99,5060065255427
1877;99,5115272668287
1878;99,5094211107211
1879;99,4998830750411
1880;99,4886844359176
1881;99,4816889564916
1882;99,4807184505578
1883;99,4833711281058
1884;99,486786772686
1885;99,4899874706268
1886;99,4934030085202
1887;99,4990839297284
1888;99,5082649282647
1889;99,5173996267067
1890;99,5200193787294
1891;99,515723433311
1892;99,5126172057615
1893;99,5165212074065
1894;99,5239303280491
1895;99,5272900351659
1896;99,5238904977024
1897;99,5168852840569
1898;99,5098460247153
1899;99,5043450719362
1900;99,500828468656
1901;99,4981221512108
1902;99,4957757502784
1903;99,495955637378
1904;99,5013220299653
1905;99,5095082180902
1906;99,5126787796875
1907;99,506432997044
1908;99,4950046314056
1909;99,483134136801
1910;99,4714602344299
1911;99,4596822002373
1912;99,451380577058
1913;99,451287913832
1914;99,458971931872
1915;99,4690640804397
1916;99,4745920667156
1917;99,4703350303909
1918;99,4594035183124
1919;99,455863629407
1920;99,4718750584548
1921;99,5014191451142
1922;99,5243233323892
1923;99,5277096454605
1924;99,5219822419428
1925;99,5265908922029
1926;99,5442898558473
1927;99,5612673246883
1928;99,5672277408553
1929;99,5632810432902
1930;99,555297616319
1931;99,5455764874113
1932;99,5358566197872
1933;99,5315665928187
1934;99,5369762553422
1935;99,5507076768408
1936;99,5678870359794
1937;99,5871135767835
1938;99,6109956921224
1939;99,6380501946642
1940;99,6578683502878
1941;99,6583933461966
1942;99,6404611738639
1943;99,6218970155114
1944;99,6179443143854
1945;99,623463560555
1946;99,6248998043577
1947;99,621478621039
1948;99,6241641219361
1949;99,6369513896168
1950;99,6508901838002
1951;99,6585512778518
1952;99,663381291906
1953;99,6705114548674
1954;99,6796521253177
1955;99,6936641480034
1956;99,7215289259066
1957;99,7645057185717
1958;99,8059485833486
1959;99,8243105466781
1960;99,8137749521498
1961;99,7859968311172
1962;99,7570559704388
1963;99,7388588146118
1964;99,7371035318377
1965;99,7491876619434
1966;99,7656951304573
1967;99,7793419429371
1968;99,790283588738
1969;99,7996738282081
1970;99,8047792660738
1971;99,8051963771949
1972;99,8064731394656
1973;99,8126072151844
1974;99,8200798722856
1975;99,8219323076222
1976;99,8108831162041
1977;99,7779595674986
1978;99,7217957957186
1979;99,6617924246329
1980;99,6246155724785
1981;99,6137117611709
1982;99,6078367205906
1983;99,5918455633761
1984;99,5768341375952
1985;99,5817263730548
1986;99,6068397702861
1987;99,6366111851382
1988;99,6604945393638
1989;99,6788694836736
1990;99,6935714672286
1991;99,705679659881
1992;99,7203055648968
1993;99,7414565115712
1994;99,7613889311512
1995;99,7652623594791
1996;99,746917295929
1997;99,7158148958354
1998;99,6914446619972
1999;99,6912635643444
2000;99,719393701756
2001;99,7624569429853
2002;99,7985751456861
2003;99,8161357405213
2004;99,8231087869835
2005;99,831776005395
2006;99,8396340280435
2007;99,8331046285401
2008;99,8080094273087
2009;99,7785145702338
2010;99,7634895684467
2011;99,7688022210541
2012;99,784272590334
2013;99,7957876442
2014;99,8004216379678
2015;99,8095374509474
2016;99,8328079540513
2017;99,8595796810158
2018;99,8637090920536
2019;99,8314831031419
2020;99,7767779272136
2021;99,7263808929292
2022;99,699429433198
2023;99,6995948971354
2024;99,7176809290957
2025;99,7377379948844
2026;99,7466619689925
2027;99,7449713080783
2028;99,7461122187725
2029;99,7637481522174
2030;99,8006586895044
2031;99,847046449071
2032;99,8826002463788
2033;99,8827661839312
2034;99,8369363089682
2035;99,7650140896253
2036;99,7043276437771
2037;99,6774583058039
2038;99,6797537587642
2039;99,6951894333239
2040;99,7131267606396
2041;99,7267981818635
2042;99,7278083650934
2043;99,7118565373976
2044;99,6846565557884
2045;99,6557737857406
2046;99,6293111919685
2047;99,6032149968588
2048;99,5760180261598
2049;99,5530046287318
2050;99,5450487945646
2051;99,5583920032375
2052;99,5852691346112
2053;99,6089867338299
2054;99,6205809149843
2055;99,6275710374324
2056;99,6406315348803
2057;99,6554722572679
2058;99,6578871222022
2059;99,644611982146
2060;99,626750022442
2061;99,6118106404471
2062;99,5956462609225
2063;99,5765723957463
2064;99,5652011947925
2065;99,5716822349524
2066;99,5904148522937
2067;99,6057960062919
2068;99,6082830862377
2069;99,5973696536916
2070;99,575316007567
2071;99,5465209144099
2072;99,5192277489849
2073;99,5007344580415
2074;99,4919764861002
2075;99,4902009065041
2076;99,4935895137958
2077;99,4991050129595
2078;99,4993411748568
2079;99,4886371278211
2080;99,4710098200325
2081;99,4559361972532
2082;99,4474470694676
2083;99,4424579230968
2084;99,4398049631558
2085;99,4447791725846
2086;99,4616036037927
2087;99,485147010343
2088;99,5049139869349
2089;99,5173134451694
2090;99,5307722726663
2091;99,5560410911536
2092;99,5916690446898
2093;99,6218332587587
2094;99,62960924511
2095;99,6108497492584
2096;99,5741425609317
2097;99,5316686974008
2098;99,495390280919
2099;99,4774757326011
2100;99,4840331176529
2101;99,5060355325347
2102;99,5231430056658
2103;99,5210519059335
2104;99,5033938606908
2105;99,4858274482207
2106;99,4817645702845
2107;99,493168824535
2108;99,5099024830077
2109;99,5170272681516
2110;99,5077871075762
2111;99,4915570215914
2112;99,4846942164755
2113;99,4926453406827
2114;99,5061560997436
2115;99,5158094715242
2116;99,5228666277877
2117;99,5317019952253
2118;99,5389343150605
2119;99,5380585734174
2120;99,5321123745398
2121;99,5339440430897
2122;99,5525918488259
2123;99,5834704323121
2124;99,6134717044689
2125;99,6329297495175
2126;99,6414456937965
2127;99,6449012926714
2128;99,6499287637977
2129;99,662022997339
2130;99,6857627569813
2131;99,720908028724
2132;99,7563270518839
2133;99,7738308737666
2134;99,7654167725904
2135;99,7448250174623
2136;99,7335240180054
2137;99,7368830540946
2138;99,7433620935224
2139;99,7444955820318
2140;99,7433425096348
2141;99,7428690524035
2142;99,7391624864549
2143;99,7305632929715
2144;99,7234517290656
2145;99,7241426026705
2146;99,7331326739264
2147;99,7500338244537
2148;99,7746423897734
2149;99,8002376155214
2150;99,8179081325925
2151;99,83285006367
2152;99,8635053292697
2153;99,917296648473
2154;99,9778557736379
2155;100,022310601489
2156;100,03766271549
2157;100,011840573466
2158;99,9313027026816
2159;99,8106413755301
2160;99,7037600640638
2161;99,6526422762352
2162;99,6416666094614
2163;99,6278227774027
2164;99,5974201552889
2165;99,5711965961598
2166;99,56574018508
2167;99,5729065711729
2168;99,5799521346417
2169;99,5915546575509
2170;99,6212593601706
2171;99,6686184419496
2172;99,7135788978511
2173;99,7333802817574
2174;99,7228599795012
2175;99,6986465075895
2176;99,6825163843601
2177;99,6804594302277
2178;99,6792132208371
2179;99,6613722368767
2180;99,6205819658641
2181;99,5650664817444
2182;99,5134813394009
2183;99,4854813482473
2184;99,4878973360802
2185;99,5081157163431
2186;99,5259573235996
2187;99,5336551143972
2188;99,5378195367021
2189;99,5408174336208
2190;99,5319617495414
2191;99,5054021751172
2192;99,4781428574305
2193;99,4768626579509
2194;99,5068190241034
2195;99,5435950510532
2196;99,5592817902918
2197;99,5495055356473
2198;99,5309857295944
2199;99,5191911121972
2200;99,515491681801
2201;99,5140416016726
2202;99,5118251778932
2203;99,5077409435379
2204;99,4978715931493
2205;99,4797138205345
2206;99,4608198423539
2207;99,4555082195648
2208;99,4693959013909
2209;99,4918989190512
2210;99,5073024659895
2211;99,5104204884211
2212;99,5084333212015
2213;99,51009909147
2214;99,5167028442759
2215;99,5213412877981
2216;99,5149417253674
2217;99,496428377882
2218;99,479061044699
2219;99,4808790868176
2220;99,5040771924794
2221;99,5289846313098
2222;99,5340269375142
2223;99,5173976214899
2224;99,4930576018625
2225;99,4720083788748
2226;99,457553437433
2227;99,4535074743115
2228;99,4627539373136
2229;99,4759558263634
2230;99,4736173892753
2231;99,445894324161
2232;99,4043580325623
2233;99,3698466364056
2234;99,3531852845302
2235;99,3497709879798
2236;99,3483993262282
2237;99,3419665559144
2238;99,331940243646
2239;99,3249967381236
2240;99,3248931943554
2241;99,3287870457874
2242;99,3329911598784
2243;99,3386569262816
2244;99,3467061240953
2245;99,3504838997638
2246;99,341958774724
2247;99,3256361063563
2248;99,3178882299617
2249;99,3290665091659
2250;99,3511648912606
2251;99,3656064615375
2252;99,360008079873
2253;99,3363600538001
2254;99,3081586627456
2255;99,2908760354126
2256;99,2904336299778
2257;99,2983411814478
2258;99,3014132839587
2259;99,296531634305
2260;99,2922611239869
2261;99,2963505302881
2262;99,3070987374581
2263;99,3180713372602
2264;99,3249729764431
2265;99,3257478292502
2266;99,3191285469372
2267;99,3068392889271
2268;99,2931671269045
2269;99,2796595642792
2270;99,2642267694815
2271;99,2472342444608
2272;99,233930893802
2273;99,2283090609238
2274;99,2291650934671
2275;99,2348156058196
2276;99,2466166528205
2277;99,2627812170425
2278;99,2733790533962
2279;99,2675277390692
2280;99,2448136248489
2281;99,2148257668126
2282;99,1870978888076
2283;99,1659041380327
2284;99,1537683219317
2285;99,1543660644571
2286;99,168192398142
2287;99,1879218385894
2288;99,2012249251392
2289;99,2005513384651
2290;99,1900123030864
2291;99,1825484358168
2292;99,1880317696655
2293;99,2038886741727
2294;99,2178294558972
2295;99,2204367065812
2296;99,214256615004
2297;99,2092212019062
2298;99,2115701089564
2299;99,217457401626
2300;99,2193741944522
2301;99,2146403168638
2302;99,2089523109332
2303;99,2083019003529
2304;99,2121183609278
2305;99,2133849594046
2306;99,2082953546261
2307;99,2003071877934
2308;99,1956862350373
2309;99,1958668659089
2310;99,1992439580941
2311;99,2050178017649
2312;99,2133507144464
2313;99,2195265088436
2314;99,2181959729725
2315;99,2095651859832
2316;99,2021210561993
2317;99,2012354275954
2318;99,205048025947
2319;99,2048267597306
2320;99,1933102838093
2321;99,1653863269119
2322;99,1256879782219
2323;99,0913289872085
2324;99,0845299613193
2325;99,1121715663398
2326;99,1588562099609
2327;99,2023814860918
2328;99,2309906852289
2329;99,2436471254505
2330;99,2421757510269
2331;99,2276685221726
2332;99,2101171370128
2333;99,2008543590902
2334;99,2044749969199
2335;99,2124250931307
2336;99,2178723450554
2337;99,2217141030368
2338;99,2284822260448
2339;99,2351082502255
2340;99,2354015976881
2341;99,2283521875409
2342;99,2192456571846
2343;99,2127430758436
2344;99,2120041566292
2345;99,2191825320744
2346;99,2304298924473
2347;99,2391164848403
2348;99,2411483621961
2349;99,2399419339117
2350;99,2409851213554
2351;99,2467666132389
2352;99,2543786113685
2353;99,2559693043463
2354;99,2496247163234
2355;99,2434979405681
2356;99,2453907080645
2357;99,2529051490816
2358;99,2590899290055
2359;99,264458038233
2360;99,271258071286
2361;99,2777378948229
2362;99,275794719052
2363;99,2604656568549
2364;99,2368698347172
2365;99,2173745144721
2366;99,2151077182786
2367;99,2342836445098
2368;99,2633053698647
2369;99,2817486967759
2370;99,2788007973728
2371;99,2631076609922
2372;99,2523181900351
2373;99,2562874116668
2374;99,2725508512177
2375;99,2937164843308
2376;99,3136561811974
2377;99,3275540620114
2378;99,331616277819
2379;99,3253504084274
2380;99,3123368335496
2381;99,2971629020924
2382;99,2818025736754
2383;99,2654327654181
2384;99,2477772782339
2385;99,232269718659
2386;99,2248633238504
2387;99,2284806225086
2388;99,2389861750629
2389;99,2482631060117
2390;99,2514941417944
2391;99,2500096546263
2392;99,2473713653019
2393;99,2456835617116
2394;99,2465251227348
2395;99,2517791910547
2396;99,2608048007534
2397;99,269187380311
2398;99,2730942164194
2399;99,2729996655129
2400;99,2707705719898
2401;99,2657661790348
2402;99,2572823669745
2403;99,2484127339206
2404;99,2430427226883
2405;99,2405971820365
2406;99,2385511656668
2407;99,2391164234824
2408;99,2477125766226
2409;99,2639692788761
2410;99,2793660408419
2411;99,2859502290077
2412;99,2838913363205
2413;99,2789306024364
2414;99,2759629824649
2415;99,2769792834161
2416;99,281775400853
2417;99,2873651380165
2418;99,2883178072578
2419;99,2810135738578
2420;99,2682771078439
2421;99,2587355995446
2422;99,2605055518738
2423;99,2739589637094
2424;99,2896590235655
2425;99,2948454169139
2426;99,2843293618436
2427;99,2649357591897
2428;99,2481846343634
2429;99,2402060467519
2430;99,2404116015254
2431;99,2468261895094
2432;99,257809897141
2433;99,2691497541752
2434;99,2746348769308
2435;99,271373650496
2436;99,2618563292864
2437;99,2501674716905
2438;99,2389483692757
2439;99,2301835247701
2440;99,2253459371919
2441;99,2234807552454
2442;99,2217670345549
2443;99,2190359440291
2444;99,2166239187722
2445;99,2155172728037
2446;99,2153755023203
2447;99,2166332414139
2448;99,2204845419516
2449;99,2262267907132
2450;99,231751443234
2451;99,2372597833005
2452;99,2448971295536
2453;99,2535801166575
2454;99,2580133012319
2455;99,2551694609326
2456;99,2490017343026
2457;99,2464388728889
2458;99,2508356644844
2459;99,2611450532787
2460;99,2748024009032
2461;99,288121075507
2462;99,2951273002828
2463;99,2900753169351
2464;99,2732319339249
2465;99,2534837032508
2466;99,2432077042912
2467;99,2483484820604
2468;99,2629771067802
2469;99,2752955311758
2470;99,2796760682923
2471;99,2802681308307
2472;99,2815455684856
2473;99,2799443154973
2474;99,2696940082369
2475;99,253744041928
2476;99,2420033276898
2477;99,2393326855298
2478;99,2418976169922
2479;99,2458830435389
2480;99,2526107717373
2481;99,2624007824398
2482;99,269974141304
2483;99,2706031717901
2484;99,2664633705094
2485;99,2625569179991
2486;99,2598679100955
2487;99,2565761313802
2488;99,2525891829864
2489;99,2481840510553
2490;99,2409434883125
2491;99,2294496560135
2492;99,2187883616558
2493;99,2173839074991
2494;99,2281172275348
2495;99,245854030624
2496;99,2634012704746
2497;99,2766030869257
2498;99,2841558828198
2499;99,2866414262818
2500;99,2868575839478
2501;99,2881410105341
2502;99,2909097876641
2503;99,292550492253
2504;99,2915306061059
2505;99,2900565346398
2506;99,2918597227627
2507;99,2984827847566
2508;99,3081925683133
2509;99,3174630832469
2510;99,3231283757631
2511;99,324050591128
2512;99,321234360981
2513;99,3160752330795
2514;99,308770535494
2515;99,2990016747497
2516;99,2876085555023
2517;99,2765267485261
2518;99,2674661864691
2519;99,2619077618822
2520;99,2619990335599
2521;99,2692058390747
2522;99,280795597051
2523;99,2891550290852
2524;99,2870250907487
2525;99,2741484237608
2526;99,2579672713211
2527;99,2472126333393
2528;99,2450797197361
2529;99,2485425967486
2530;99,2528389810878
2531;99,2553281294388
2532;99,2557234157042
2533;99,254739832397
2534;99,2536688205891
2535;99,2543169811875
2536;99,2578635054412
2537;99,2632773370048
2538;99,2672118054444
2539;99,2662931864056
2540;99,2606174159092
2541;99,2551164779801
2542;99,2557059729983
2543;99,262441439129
2544;99,2676435183439
2545;99,2632805092221
2546;99,2501771234807
2547;99,2378103655032
2548;99,2351532384715
2549;99,2440676515939
2550;99,2609953826361
2551;99,2808595739835
2552;99,2977934459754
2553;99,3058723859638
2554;99,3025605405357
2555;99,2903076243891
2556;99,2734058089269
2557;99,2555100982233
2558;99,2414378719992
2559;99,2376112133224
2560;99,2470614022509
2561;99,2654945144858
2562;99,2846581524703
2563;99,2977876262515
2564;99,3000926854499
2565;99,2881805242682
2566;99,2645067190087
2567;99,24077583595
2568;99,2307839686113
2569;99,2380280931997
2570;99,2527480612216
2571;99,261506085387
2572;99,2578689344227
2573;99,2448011130254
2574;99,2304866750666
2575;99,2228156124958
2576;99,2251237351647
2577;99,2350641313766
2578;99,2471694661876
2579;99,2560000828605
2580;99,2572706584229
2581;99,2490306436808
2582;99,2341808231127
2583;99,2199017147302
2584;99,2118075329148
2585;99,209701140787
2586;99,2105815478341
2587;99,2129131056248
2588;99,2149300650725
2589;99,2120983466226
2590;99,2017041835186
2591;99,1887708109643
2592;99,1819854295728
2593;99,1837136850019
2594;99,1887900329367
2595;99,1932197458557
2596;99,1985286599969
2597;99,2058444020333
2598;99,2109714257252
2599;99,2091348557142
2600;99,2018366111812
2601;99,1954301321355
2602;99,1938060973284
2603;99,1948313773534
2604;99,1939752077394
2605;99,1903680102441
2606;99,1889393412593
2607;99,1959273003762
2608;99,2115191680404
2609;99,2280076914142
2610;99,2368627642029
2611;99,2366798374324
2612;99,2321587096409
2613;99,2266790970224
2614;99,2192084357234
2615;99,2081334855041
2616;99,1947113600532
2617;99,1822382422669
2618;99,1744982350126
2619;99,1749795945408
2620;99,1841192278052
2621;99,1963375889422
2622;99,2029384588338
2623;99,199818179256
2624;99,1906852406299
2625;99,1820900935096
2626;99,177424972319
2627;99,1761677704064
2628;99,1761845025813
2629;99,1755002728618
2630;99,1739712300092
2631;99,1741588560052
2632;99,1782590429108
2633;99,1833759775846
2634;99,1827521729312
2635;99,1732988065952
2636;99,159265792124
2637;99,1465094629972
2638;99,135802516696
2639;99,1245698710488
2640;99,1130087468766
2641;99,1045715979709
2642;99,1006858854895
2643;99,0982991162334
2644;99,0935328767893
2645;99,0857011565539
2646;99,0768654953462
2647;99,0690479648974
2648;99,0629279133065
2649;99,0580561331522
2650;99,0529250890622
2651;99,0452716602983
2652;99,0336311210308
2653;99,0186195553667
2654;99,0013355532386
2655;98,9800253096
2656;98,9503542749812
2657;98,9117875199315
2658;98,8738027789768
2659;98,8526977772976
2660;98,8595289947685
2661;98,8911705121058
2662;98,9337378605538
2663;98,9735031144849
2664;99,0036318373435
2665;99,0233102604467
2666;99,0351584395257
2667;99,0443600783969
2668;99,056525829454
2669;99,0733596331335
2670;99,0911065304414
2671;99,1046956406576
2672;99,1128275918304
2673;99,1182675440164
2674;99,1243644838814
2675;99,1326319233343
2676;99,1430362999326
2677;99,155068768036
2678;99,1680978673564
2679;99,1811043702258
2680;99,1923604511411
2681;99,1999526601579
2682;99,2036111492589
2683;99,2059738340135
2684;99,210599879688
2685;99,2179156840882
2686;99,2241411434248
2687;99,2253725924228
2688;99,2222742110723
2689;99,2196871854185
2690;99,2217296185288
2691;99,2281236611114
2692;99,2352803372902
2693;99,2398455269974
2694;99,2404419283814
2695;99,236796469415
2696;99,2290596711956
2697;99,218991257151
2698;99,2106146730011
2699;99,2075782900212
2700;99,2094989267101
2701;99,2124915497606
2702;99,2140606672534
2703;99,2160540660584
2704;99,2216591749981
2705;99,230785272657
2706;99,240091611213
2707;99,2468523713598
2708;99,2510584853393
2709;99,2540229641344
2710;99,2566282236872
2711;99,259081443989
2712;99,2610136291216
2713;99,2615079051826
2714;99,2599645562562
2715;99,2569685051216
2716;99,253427329089
2717;99,249198145178
2718;99,2440068589789
2719;99,2397024967925
2720;99,2397048153476
2721;99,2450564447848
2722;99,2519771833787
2723;99,2548044116389
2724;99,2515651326698
2725;99,245814211714
2726;99,2424177788979
2727;99,2420356643145
2728;99,241076685792
2729;99,2376211560593
2730;99,2357036051052
2731;99,241342070033
2732;99,254481166984
2733;99,267568087176
2734;99,2733594654528
2735;99,2721903537464
2736;99,2699570949471
2737;99,2706911725769
2738;99,2733833754213
2739;99,2752267966556
2740;99,2756477812934
2741;99,2769137566769
2742;99,2819665985097
2743;99,2915586525148
2744;99,3027303262103
2745;99,3106237276978
2746;99,3126502950232
2747;99,3104485364731
2748;99,307533542269
2749;99,306435032356
2750;99,308615494738
2751;99,3147741408278
2752;99,3232973849558
2753;99,3302023811354
2754;99,3330036767047
2755;99,3334982408428
2756;99,3345957178272
2757;99,3357899717281
2758;99,3344972094587
2759;99,3308830444858
2760;99,3281676967024
2761;99,3281462434738
2762;99,3291093515178
2763;99,3285847672157
2764;99,3259294503664
2765;99,3217550705602
2766;99,316580899931
2767;99,3104471744892
2768;99,302669618764
2769;99,2923582803061
2770;99,2806843962434
2771;99,2718484205815
2772;99,2695044798124
2773;99,2724022855647
2774;99,275694963065
2775;99,2764061496851
2776;99,2752958931121
2777;99,2733674689744
2778;99,2693809121803
2779;99,2619515766449
2780;99,2522232704279
2781;99,2431959818119
2782;99,2373515089926
2783;99,2354759983124
2784;99,23663476958
2785;99,2383872190115
2786;99,2374331307468
2787;99,2307637403594
2788;99,2170832097892
2789;99,198386589037
2790;99,1799515920964
2791;99,1664060299734
2792;99,1568320441218
2793;99,146317726239
2794;99,1339867634076
2795;99,1262660816312
2796;99,128824429192
2797;99,1378242722438
2798;99,1437713377707
2799;99,1428539767966
2800;99,1396104845941
2801;99,1386117878871
2802;99,1387172832431
2803;99,1368452384011
2804;99,1330266840174
2805;99,1296550760053
2806;99,1289290943693
2807;99,1326412190056
2808;99,1412360569007
2809;99,1511391346049
2810;99,156078562617
2811;99,1535111059857
2812;99,1474059030474
2813;99,1424859119157
2814;99,1381755577032
2815;99,1309635301367
2816;99,1206670226216
2817;99,110748731954
2818;99,1027966073898
2819;99,0937228613195
2820;99,0794784062459
2821;99,0603118427401
2822;99,0415354658054
2823;99,0290724040011
2824;99,0239926050198
2825;99,0213559351005
2826;99,0148373392156
2827;99,002277284826
2828;98,9860082304442
2829;98,9685130782908
2830;98,9496140189103
2831;98,927787784828
2832;98,90196518837
2833;98,8713086395958
2834;98,8351063364989
2835;98,7937736278324
2836;98,7481124825271
2837;98,6962919784869
2838;98,6329747202264
2839;98,5527840946272
2840;98,4536238846619
2841;98,3351971604891
2842;98,1945798277042
2843;98,0236707355192
2844;97,8096573376831
2845;97,5363302804211
2846;97,1849662103888
2847;96,7358551237875
2848;96,1737862912868
2849;95,5016203084906
2850;94,7602962144454
2851;94,0412951265489
2852;93,4719879595531
2853;93,1683125875042
2854;93,1768633885919
2855;93,4460144889972
2856;93,8510662016102
2857;94,2590858690818
2858;94,5906424982255
2859;94,8409746442311
2860;95,0540992319277
2861;95,2752150309348
2862;95,5167015577683
2863;95,7567190258829
2864;95,9633873344517
2865;96,1225507278745
2866;96,2496794638645
2867;96,3796428119577
2868;96,543796026431
2869;96,7525130421722
2870;96,9946405361829
2871;97,249192899785
2872;97,4962683719013
2873;97,7209894281451
2874;97,9137816314076
2875;98,0701568479491
2876;98,1893630521358
2877;98,2729996385689
2878;98,3262759786203
2879;98,359575645258
2880;98,3851208842206
2881;98,4102217404954
2882;98,4345392372819
2883;98,4536534731448
2884;98,4634652767662
2885;98,4615559669976
2886;98,4474681438502
2887;98,4232347906397
2888;98,3920682178831
2889;98,3555016891436
2890;98,3128647981981
2891;98,2637599910679
2892;98,2093040545066
2893;98,1501206417609
2894;98,0843798762088
2895;98,0084596040043
2896;97,9185886833764
2897;97,8117418214284
2898;97,6862681858305
2899;97,5420565308018
2900;97,3793883796532
2901;97,1977019563896
2902;96,9955839243409
2903;96,7688993733041
2904;96,5049863793273
2905;96,1807687896272
2906;95,7762358195572
2907;95,3003338094877
2908;94,8077170932711
2909;94,3852621292742
2910;94,1106570775978
2911;94,0101516201696
2912;94,046630530554
2913;94,1462556386056
2914;94,2405799448975
2915;94,2930315379239
2916;94,2984560595332
2917;94,2707941749031
2918;94,2362370899046
2919;94,228287741776
2920;94,2723375383738
2921;94,3657266138369
2922;94,4751205680279
2923;94,5578575825264
2924;94,5867222987948
2925;94,5557434331525
2926;94,4677856612876
2927;94,3203660451074
2928;94,1015132135184
2929;93,7985818838837
2930;93,4171543268175
2931;92,9981676685756
2932;92,6160335511332
2933;92,3535533844837
2934;92,2710518343956
2935;92,3903147601939
2936;92,6955819132383
2937;93,1405898235919
2938;93,6586447012701
2939;94,1816600623136
2940;94,6633700552396
2941;95,0886176243655
2942;95,4605824455057
2943;95,7797245382286
2944;96,033506460286
2945;96,2017077550996
2946;96,268557314842
2947;96,23272290343
2948;96,1122431329394
2949;95,9435702711208
2950;95,7727713820396
2951;95,6398315510087
2952;95,5640363038063
2953;95,5407588782008
2954;95,552536765429
2955;95,5863834890769
2956;95,645604410835
2957;95,7503572532674
2958;95,9282025865439
2959;96,1988380747262
2960;96,5602360925382
2961;96,9855581280417
2962;97,4339968550674
2963;97,8663478777174
2964;98,2533872065368
2965;98,5766273718546
2966;98,8293531238057
2967;99,0186313467992
2968;99,1608194297015
2969;99,2710359330471
2970;99,3575906272201
2971;99,4258644496573
2972;99,4825534677604
2973;99,5328193965184
2974;99,5760816294475
2975;99,6085157815345
2976;99,6292659187208
2977;99,6422611897219
2978;99,653036498056
2979;99,6657825349515
2980;99,6824599695562
2981;99,7024208008519
2982;99,7228168884158
2983;99,7404037201061
2984;99,7528438113436
2985;99,7585213381488
2986;99,7572643585658
2987;99,7524910382773
2988;99,7504382631669
2989;99,7549771254807
2990;99,764123051621
2991;99,7733901082844
2992;99,7813726008587
2993;99,7895609413907
2994;99,7974747953059
2995;99,8014758002999
2996;99,7997681772515
2997;99,7963538038446
2998;99,7976427130779
2999;99,8054911243258
3000;99,8148310117865
3001;99,8186136431537
3002;99,8143294356662
3003;99,8048402628204
3004;99,794129157388
3005;99,7841123442652
3006;99,7759049971063
3007;99,7724226602362
3008;99,7776524641276
3009;99,7933429376728
3010;99,8170304083316
3011;99,842512759766
3012;99,8618776730997
3013;99,8694123810578
3014;99,8660705772445
3015;99,8591446061299
3016;99,8551695937299
3017;99,8539342230206
3018;99,8515940879313
3019;99,8483094230185
3020;99,8487677072492
3021;99,8550329295281
3022;99,8630618477808
3023;99,8680728801539
3024;99,8703443290523
3025;99,8734366175705
3026;99,8790824417306
3027;99,8859928609888
3028;99,8918176028511
3029;99,8941529068617
3030;99,8914873470678
3031;99,8856748474836
3032;99,8825026562008
3033;99,8873509357828
3034;99,8998122211281
3035;99,9130070747568
3036;99,9179170354004
3037;99,9096763491528
3038;99,8925503055276
3039;99,8790266385762
3040;99,8806923394485
3041;99,8973613825536
3042;99,9163277349543
3043;99,9249773733597
3044;99,9227483406279
3045;99,9188812777134
3046;99,9207028296356
3047;99,9270556886879
3048;99,9324606604548
3049;99,9336792526116
3050;99,9311566891012
3051;99,9269814316959
3052;99,9232904656469
3053;99,9213761525463
3054;99,9206106704308
3055;99,9186551990882
3056;99,9144831607193
3057;99,9107019910084
3058;99,9117395056534
3059;99,9192696795797
3060;99,9297186996728
3061;99,9372345686872
3062;99,9387527978069
3063;99,9356713151227
3064;99,9306623467929
3065;99,9244145105886
3066;99,9166222844323
3067;99,9088667928823
3068;99,9042792650112
3069;99,9039906134411
3070;99,9056562145582
3071;99,9061923654841
3072;99,9048242403104
3073;99,9030592391836
3074;99,9026477724364
3075;99,9033025878998
3076;99,9021795809084
3077;99,8965115040658
3078;99,8882186879525
3079;99,8843778465421
3080;99,889498071314
3081;99,8986360571006
3082;99,9021134758331
3083;99,8967810041463
3084;99,8883868422951
3085;99,8831407594282
3086;99,8819926706103
3087;99,8841089322375
3088;99,889935501368
3089;99,8970775661796
3090;99,8991987971823
3091;99,8944497979223
3092;99,8910125021334
3093;99,897804235864
3094;99,9120486334674
3095;99,9227894878834
3096;99,9252868114438
3097;99,9247482472583
3098;99,9253310651374
3099;99,9235903434482
3100;99,915681829183
3101;99,904630497345
3102;99,8959289731226
3103;99,890519030493
3104;99,886952459622
3105;99,8870135480677
3106;99,8934121257966
3107;99,9037717601224
3108;99,9121809128192
3109;99,9156382386046
3110;99,9161759398769
3111;99,9172112232542
3112;99,9208389480276
3113;99,9280495649804
3114;99,9378361396255
3115;99,9458288289849
3116;99,9468877273424
3117;99,9402206702564
3118;99,929925463347
3119;99,9209298036441
3120;99,9170880380292
3121;99,9216623235092
3122;99,9339834625929
3123;99,9447430263051
3124;99,9417143993713
3125;99,9242906698317
3126;99,9067200757955
3127;99,9026754739534
3128;99,910322778329
3129;99,9166587964755
3130;99,9135601074043
3131;99,903705366504
3132;99,89332176539
3133;99,8862154280486
3134;99,8842721299487
3135;99,8867778848676
3136;99,8882353268992
3137;99,8828323824922
3138;99,8724998038352
3139;99,8656882488038
3140;99,8670991043297
3141;99,8735322889488
3142;99,8808153989444
3143;99,8883162629177
3144;99,8941814538518
3145;99,8927360584282
3146;99,8816113492638
3147;99,8684077164954
3148;99,8652329132342
3149;99,8771067695408
3150;99,8979587318932
3151;99,9163571550416
3152;99,9234919451994
3153;99,9181427131454
3154;99,9065159205156
3155;99,8957658966282
3156;99,8864421538016
3157;99,8737841065502
3158;99,8573557808188
3159;99,8451488071589
3160;99,8448674901341
3161;99,8540273193581
3162;99,8622467026251
3163;99,8616640757104
3164;99,8524481346326
3165;99,8401366930355
3166;99,8302368374194
3167;99,8241793221598
3168;99,8183516809791
3169;99,808861348526
3170;99,7983159242753
3171;99,7940088474227
3172;99,798315938985
3173;99,8053457191185
3174;99,809423872418
3175;99,8116625734747
3176;99,8144872831708
3177;99,8152590891558
3178;99,8106575938448
3179;99,8031892834753
3180;99,796674264001
3181;99,7883838787616
3182;99,7728440763082
3183;99,7518752969415
3184;99,734401292537
3185;99,7270009072552
3186;99,7294064896989
3187;99,7381244917279
3188;99,7482488847661
3189;99,7533724815838
3190;99,750887658575
3191;99,7460296402844
3192;99,7445865243096
3193;99,74283574405
3194;99,7334209037335
3195;99,7214130432779
3196;99,7236093101886
3197;99,7467050631369
3198;99,773958120566
3199;99,7817970802405
3200;99,7652413084258
3201;99,7397029535884
3202;99,720874433728
3203;99,7108041924104
3204;99,7028253017778
3205;99,6926481798614
3206;99,6814919951952
3207;99,6719323884808
3208;99,6648480524332
3209;99,6598731528382
3210;99,656275555883
3211;99,65283310482
3212;99,6483147664622
3213;99,6430785231194
3214;99,6395658335054
3215;99,639413717859
3216;99,6399248519694
3217;99,6355255121608
3218;99,6235175188374
3219;99,6070504497137
3220;99,5912514438571
3221;99,578683637707
3222;99,5697801602051
3223;99,5644000654195
3224;99,5605881595906
3225;99,5547948647907
3226;99,5469497453994
3227;99,5426183333102
3228;99,5462176344222
3229;99,5538884209586
3230;99,5577568499842
3231;99,5563635922085
3232;99,5547403905852
3233;99,5537071294284
3234;99,5461223450095
3235;99,5262453366954
3236;99,4983563988303
3237;99,4723352010195
3238;99,4524308269328
3239;99,4340267136416
3240;99,4100802146499
3241;99,3786362507814
3242;99,344774011568
3243;99,3161704192938
3244;99,2960207776472
3245;99,2797553885603
3246;99,2593801323857
3247;99,2301647364996
3248;99,1920185699346
3249;99,1463362187029
3250;99,0946930839092
3251;99,039384730886
3252;98,980444244648
3253;98,9111494949932
3254;98,8216363544667
3255;98,7088010945309
3256;98,578867239182
3257;98,4377815356021
3258;98,2817717354555
3259;98,1000852114342
3260;97,8834410478292
3261;97,6269189573195
3262;97,3272449758605
3263;96,980883843462
3264;96,5833561413873
3265;96,1289927007486
3266;95,6132283627026
3267;95,0361836421086
3268;94,4028026030512
3269;93,7186838481109
3270;92,9908446370002
3271;92,2388943250947
3272;91,5060628483588
3273;90,8571593730502
3274;90,3658319403184
3275;90,1003897907381
3276;90,1090309462726
3277;90,4049546815824
3278;90,9610735591934
3279;91,7196277397123
3280;92,6070881352934
3281;93,5442616548343
3282;94,4552058146276
3283;95,2813996846614
3284;95,994256404467
3285;96,5942844337268
3286;97,0968416533716
3287;97,5181639609106
3288;97,8719844009446
3289;98,170893846144
3290;98,4237908228102
3291;98,6324832768985
3292;98,7956194524086
3293;98,9179694343367
3294;99,013881817784
3295;99,0997127396861
3296;99,183412556267
3297;99,2623529740816
3298;99,3301158172328
3299;99,3836118399176
3300;99,4250322959116
3301;99,4597863873225
3302;99,4938972923455
3303;99,5312521040804
3304;99,5703237709846
3305;99,6045233512662
3306;99,6288791549992
3307;99,6470173644799
3308;99,6684256012493
3309;99,6968262949419
3310;99,7236487288772
3311;99,7366517438329
3312;99,734649401247
3313;99,7301329393179
3314;99,7363130492264
3315;99,7537417072925
3316;99,771560458356
3317;99,7806233785559
3318;99,7827170221664
3319;99,7863162708644
3320;99,7961160128894
3321;99,8093441937558
3322;99,8214888006316
3323;99,8320342366694
3324;99,8425468657258
3325;99,8516357275997
3326;99,855650030023
3327;99,8538449856981
3328;99,8498024153506
3329;99,8468972921651
3330;99,8447023096238
3331;99,8416855935136
3332;99,8390170285306
3333;99,8393804203589
3334;99,84361846403
3335;99,8508415584562
3336;99,8606687470361
3337;99,8725251917302
3338;99,883086308364
3339;99,8873398019214
3340;99,8829875075862
3341;99,872095417418
3342;99,8580139732373
3343;99,8425487475551
3344;99,827459872829
3345;99,8168566683358
3346;99,8156365763843
3347;99,8241061971333
3348;99,8348411384636
3349;99,8364834066883
3350;99,8226734531058
3351;99,799845649631
3352;99,7846256837033
3353;99,7898869547649
3354;99,8117751955384
3355;99,8322989772623
3356;99,8365893673523
3357;99,8261670116696
3358;99,813475183538
3359;99,806278235121
3360;99,8022105912794
3361;99,797035584762
3362;99,791890420119
3363;99,7896160844709
3364;99,7881351443802
3365;99,7822603579186
3366;99,7708013467535
3367;99,7580043847485
3368;99,7479552170531
3369;99,7409788970576
3370;99,7362085462586
3371;99,7346358110178
3372;99,7373346425552
3373;99,7426902961001
3374;99,7475632191377
3375;99,7504543264098
3376;99,7515640587155
3377;99,7497776013523
3378;99,7417620649101
3379;99,7256967744718
3380;99,7053631586959
3381;99,6877963328952
3382;99,6764311690732
3383;99,6681980348408
3384;99,6595042224011
3385;99,6526853025285
3386;99,6529863010251
3387;99,660149317624
3388;99,666943371941
3389;99,666953799571
3390;99,6600269870101
3391;99,6494710170356
3392;99,6378371369389
3393;99,6276730561034
3394;99,623033636949
3395;99,6268325341063
3396;99,6378583240573
3397;99,6527976742981
3398;99,6700430000511
3399;99,6887566433107
3400;99,7054376065945
3401;99,7139259548822
3402;99,7092883595158
3403;99,6904236262151
3404;99,6610547690012
3405;99,6300874789783
3406;99,6088264616543
3407;99,6039899312608
3408;99,611482001866
3409;99,6196433780596
3410;99,619987414046
3411;99,6146094085359
3412;99,6122221474482
3413;99,6164665392383
3414;99,6199535030092
3415;99,6122484080485
3416;99,5938385134926
3417;99,5787989987602
3418;99,5806364251875
3419;99,5970139227033
3420;99,6124255448576
3421;99,6154187337907
3422;99,6084650574055
3423;99,5994086777064
3424;99,5904931100783
3425;99,5816482210911
3426;99,5779128191632
3427;99,584951932482
3428;99,5983005009064
3429;99,6052843705516
3430;99,5992679595901
3431;99,5869950465759
3432;99,5807099457006
3433;99,5859405741722
3434;99,5990665787011
3435;99,6110146328812
3436;99,6131734027221
3437;99,603304663826
3438;99,5884672187792
3439;99,5793125298316
3440;99,5772427926533
3441;99,5722790939026
3442;99,5560078539546
3443;99,532431185093
3444;99,5132971301005
3445;99,5064120934091
3446;99,5105143799953
3447;99,5165578734367
3448;99,5115034699926
3449;99,4886646115201
3450;99,4583039104936
3451;99,4415115380841
3452;99,4505835993895
3453;99,4765853426415
3454;99,5002792462659
3455;99,5112547200891
3456;99,5130249882707
3457;99,5118522082456
3458;99,5079079067729
3459;99,4984071579374
3460;99,4829147091466
3461;99,4667743569455
3462;99,4597489372137
3463;99,4678340821766
3464;99,4858963184771
3465;99,5018029875154
3466;99,5091025375181
3467;99,5117103908984
3468;99,5145941286935
3469;99,5159023034834
3470;99,5108477163091
3471;99,4985962884932
3472;99,4814055202041
3473;99,4616711433931
3474;99,444347386311
3475;99,437191433732
3476;99,4441305467132
3477;99,4615758732081
3478;99,4829566955528
3479;99,503359095701
3480;99,5176378153752
3481;99,5192063396924
3482;99,5074464353608
3483;99,492344439022
3484;99,4860636086503
3485;99,4908997169902
3486;99,4995050529174
3487;99,5040478197019
3488;99,5009204054379
3489;99,4893222801713
3490;99,4697432121519
3491;99,4453742701881
3492;99,4231488142691
3493;99,4115984938839
3494;99,4172438581817
3495;99,439190933226
3496;99,4657761384233
3497;99,4823170944886
3498;99,4846877928163
3499;99,4815611613066
3500;99,4827863245187
3501;99,4901197676898
3502;99,499556781971
3503;99,5066747619642
3504;99,5065356504951
3505;99,4943019615152
3506;99,4723446572068
3507;99,4511109010144
3508;99,4398335501436
3509;99,4376703549927
3510;99,4357084861487
3511;99,4278443325603
3512;99,4170807808088
3513;99,4085270390646
3514;99,4025929175799
3515;99,3961271332327
3516;99,3871825482776
3517;99,377801639481
3518;99,3731862460025
3519;99,37419352677
3520;99,3727925773484
3521;99,3616309377959
3522;99,344683856406
3523;99,3351285116358
3524;99,3400375007341
3525;99,3540181275471
3526;99,3692345879216
3527;99,3818217455589
3528;99,3874079682979
3529;99,3783669141288
3530;99,3540416237892
3531;99,3263507633564
3532;99,3094172265771
3533;99,306466715611
3534;99,3132970192146
3535;99,3243244260057
3536;99,3322633423178
3537;99,3277567504328
3538;99,3100106186332
3539;99,2936774421892
3540;99,2914503359648
3541;99,3000165700321
3542;99,3072930108474
3543;99,3128369095879
3544;99,3297836615753
3545;99,364589258141
3546;99,4056466539511
3547;99,4352353406277
3548;99,4473177989152
3549;99,4473147760079
3550;99,4392565075374
3551;99,4237201704088
3552;99,405444904448
3553;99,3921888048235
3554;99,389424620895
3555;99,4016548370217
3556;99,4278141498934
3557;99,456000273202
3558;99,467076593832
3559;99,4526195702354
3560;99,4274310314666
3561;99,4153750744876
3562;99,4248599648356
3563;99,4437347213917
3564;99,456721898306
3565;99,4610791492914
3566;99,472495345792
3567;99,5103725932249
3568;99,5607445211251
3569;99,5863201356414
3570;99,5780248672738
3571;99,5559460951202
3572;99,536506238479
3573;99,5220125176902
3574;99,5095929685194
3575;99,5045830054885
3576;99,5123718432255
3577;99,5256435106012
3578;99,5355401101974
3579;99,541478799551
3580;99,549964182596
3581;99,5605265413331
3582;99,5645249386211
3583;99,5570976265464
3584;99,5407865995557
3585;99,5184769088965
3586;99,4913287196833
3587;99,4758673950639
3588;99,490448310456
3589;99,5174871133802
3590;99,5304506008019
3591;99,5317057910464
3592;99,537512262437
3593;99,5539560461213
3594;99,5735714087812
3595;99,5851889687199
3596;99,587737915561
3597;99,5810165040556
3598;99,5679097152435
3599;99,55087434772
3600;99,5290055480115
3601;99,5107371362462
3602;99,5069233346862
3603;99,5200366085848
3604;99,5451661842536
3605;99,5707521305534
3606;99,5823345416849
3607;99,5800132458672
3608;99,5810172538122
3609;99,5967576915544
3610;99,614978549857
3611;99,618764564455
3612;99,6061667654234
3613;99,5872356803207
3614;99,5729487789861
3615;99,5672937401811
3616;99,5720719115678
3617;99,5832225688248
3618;99,5970171022858
3619;99,6186969770684
3620;99,6420529465613
3621;99,6483112068096
3622;99,6290917193196
3623;99,59101545925
3624;99,5549017571484
3625;99,5466910680215
3626;99,5731690847627
3627;99,6022027381609
3628;99,5995229936911
3629;99,6113767416454
3630;99,6549232562967
3631;99,6771510841898
3632;99,667452542298
3633;99,6386794894172
3634;99,6119670704528
3635;99,6048726964838
3636;99,6115574698729
3637;99,6144092394854
3638;99,6090409737725
3639;99,6013121823874
3640;99,5921626921393
3641;99,5832381153163
3642;99,5808690794149
3643;99,5933333432639
3644;99,6131146036296
3645;99,6267901863924
3646;99,6268501547456
3647;99,6197766358528
3648;99,6268663806294
3649;99,6538450699906
3650;99,6834874982911
3651;99,6909668847926
3652;99,6738775923739
3653;99,6570895855295
3654;99,6475407820024
3655;99,6247856410709
3656;99,5997379583469
3657;99,5997070683338
3658;99,6175437455692
3659;99,6276767845124
3660;99,6230755145851
3661;99,6135397358162
3662;99,6094828403346
3663;99,6169418115736
3664;99,6312164399575
3665;99,6525909120995
3666;99,6812958478458
3667;99,7066945159531
3668;99,7049734582206
3669;99,6592049366123
3670;99,6153869247475
3671;99,6223543670478
3672;99,6648391049164
3673;99,7169129391713
3674;99,7305086509182
3675;99,7131653540988
3676;99,7401571558193
3677;99,7807347104154
3678;99,788336076256
3679;99,7670017049136
3680;99,7371909952173
3681;99,7070450303233
3682;99,6650074289851
3683;99,6156668780411
3684;99,5820328896387
3685;99,5855924022611
3686;99,6220771179859
3687;99,6672025907103
3688;99,7089346951436
3689;99,7464204193476
3690;99,7611523468447
3691;99,7492995787731
3692;99,7290868880814
3693;99,7119570678254
3694;99,7001188142357
3695;99,6919782494097
3696;99,6868671812841
3697;99,6853784453183
3698;99,6865210041634
3699;99,6837878734598
3700;99,675363160548
3701;99,6740675646621
3702;99,6840984050806
3703;99,6899629458541
3704;99,6813171518323
3705;99,6626137458872
3706;99,6462332673548
3707;99,6445591489042
3708;99,6640839478679
3709;99,6948147862646
3710;99,7138914520331
3711;99,718486400324
3712;99,7189982752379
3713;99,7149599114468
3714;99,707174085096
3715;99,7025274787262
3716;99,7025657985706
3717;99,7030688963981
3718;99,7066272874983
3719;99,7171137740598
3720;99,7196297188917
3721;99,7088679134327
3722;99,695933704952
3723;99,6952681157195
3724;99,7136239075826
3725;99,7229410193485
3726;99,702991446807
3727;99,6762294755514
3728;99,6733032471962
3729;99,6941790952242
3730;99,712922433327
3731;99,716441763843
3732;99,7195105952599
3733;99,7354649862758
3734;99,7503648278434
3735;99,7458645057343
3736;99,74130280463
3737;99,7411627225089
3738;99,7235552900083
3739;99,6890209920472
3740;99,6541502784456
3741;99,6537585699335
3742;99,6859540240822
3743;99,6672312732712
3744;99,6121426305754
3745;99,6349853862867
3746;99,6970375914635
3747;99,7334231864301
3748;99,7434993557881
3749;99,7354425444658
3750;99,7322588205037
3751;99,7455726848686
3752;99,7631271389554
3753;99,7764296153526
3754;99,7830570448682
3755;99,7801104982172
3756;99,7714558280228
3757;99,7645692144947
3758;99,7593846291025
3759;99,7513561153926
3760;99,7373724282482
3761;99,7310921522808
3762;99,7359366886613
3763;99,7340287618051
3764;99,7175539966504
3765;99,7064230835926
3766;99,7230566514227
3767;99,7499041195049
3768;99,7568167202276
3769;99,7379006814564
3770;99,7125114622769
3771;99,7013240532719
3772;99,7021810834948
3773;99,7025497141972
3774;99,6980042922877
3775;99,6978956537909
3776;99,7092063380496
3777;99,7236904422445
3778;99,7271679810612
3779;99,728511575269
3780;99,7442239486628
3781;99,7663201952071
3782;99,7786806088973
3783;99,7745857932168
3784;99,7614036880508
3785;99,753580558441
3786;99,7528790059253
3787;99,7491589291253
3788;99,7426530581914
3789;99,737246052265
3790;99,7318447516115
3791;99,727015786265
3792;99,7326818425972
3793;99,75676898324
3794;99,7836579289034
3795;99,7779423116955
3796;99,7399605754659
3797;99,7077516940408
3798;99,7048798233526
3799;99,7214795149809
3800;99,7073493633796
3801;99,6677721527321
3802;99,6820732947198
3803;99,7395243725476
3804;99,7838949850391
3805;99,793950597266
3806;99,7583300985698
3807;99,7222309182696
3808;99,7292290509888
3809;99,7478307374087
3810;99,7473405609855
3811;99,7331037759392
3812;99,730528444208
3813;99,7523563827694
3814;99,7632906566291
3815;99,7231103393384
3816;99,6940782376474
3817;99,7350210118138
3818;99,8120549133238
3819;99,8738379455181
3820;99,8745194038754
3821;99,8584069119028
3822;99,8725177352036
3823;99,875566951549
3824;99,8551904658388
3825;99,8180929311708
3826;99,7693903790976
3827;99,7393571007446
3828;99,7415906228628
3829;99,7563670853202
3830;99,7632551958012
3831;99,757686150476
3832;99,7590509916057
3833;99,783229288733
3834;99,815584323625
3835;99,8361790331399
3836;99,8438291500509
3837;99,8433933689332
3838;99,8400076315904
3839;99,8394351145811
3840;99,8413519976923
3841;99,845902416229
3842;99,8363759280972
3843;99,8124748948472
3844;99,7951126152612
3845;99,7798802784769
3846;99,7564240563653
3847;99,7308683586038
3848;99,7137240004774
3849;99,7214606341401
3850;99,7685806359024
3851;99,839115779277
3852;99,8742493847848
3853;99,8942300277753
3854;99,9629748722396
3855;99,991387707057
3856;99,9475729500592
3857;99,8856375646495
3858;99,8338304134834
3859;99,805311997706
3860;99,8008597355734
3861;99,824469174468
3862;99,8587607091676
3863;99,8727298584097
3864;99,857690260671
3865;99,8435045295717
3866;99,8662221965338
3867;99,9119881145268
3868;99,9256343003567
3869;99,8836812281538
3870;99,8527169836777
3871;99,8701547897423
3872;99,8966088813041
3873;99,8969602808933
3874;99,8768200087357
3875;99,8632746793017
3876;99,8582854945255
3877;99,8598648791939
3878;99,8640871073679
3879;99,854682153813
3880;99,8414256408374
3881;99,8469967104806
3882;99,8636576607586
3883;99,8759743251745
3884;99,8611977689254
3885;99,8197945359844
3886;99,8028250387934
3887;99,8180330035221
3888;99,8330515345896
3889;99,8331217764918
3890;99,8124649992731
3891;99,8005134238404
3892;99,8188329426873
3893;99,8397797740456
3894;99,8378997576832
3895;99,8258886572077
3896;99,8243907489107
3897;99,8345787382979
3898;99,844912668439
3899;99,8442241469389
3900;99,8417840328499
3901;99,8492264865942
3902;99,8638277567406
3903;99,8764306204512
3904;99,8826362383281
3905;99,8859146748556
3906;99,8930083122147
3907;99,9011249825205
3908;99,8978873122684
3909;99,8771269777293
3910;99,8441492451796
3911;99,8217627234739
3912;99,8223790279716
3913;99,8374600356571
3914;99,8485662837186
3915;99,840840160789
3916;99,8221614627151
3917;99,8109669567993
3918;99,8130038401306
3919;99,8201962786629
3920;99,8305706605275
3921;99,8504126698903
3922;99,8741883373602
3923;99,8820132720545
3924;99,8654315323443
3925;99,839742836353
3926;99,8228904863657
3927;99,8148363593279
3928;99,808985155532
3929;99,8096126794985
3930;99,8218643564234
3931;99,8430945724391
3932;99,8691823772126
3933;99,8933222807106
3934;99,9081585425956
3935;99,9099703091565
3936;99,9040989309939
3937;99,9032491703359
3938;99,9132115657527
3939;99,9274695001436
3940;99,9314500605842
3941;99,9182312473404
3942;99,8978151147415
3943;99,8876739611269
3944;99,8956178366851
3945;99,912282477606
3946;99,9232773953195
3947;99,9242863210514
3948;99,9248835438044
3949;99,9350710719554
3950;99,9500437010837
3951;99,9564343642847
3952;99,9488959901965
3953;99,9323833440488
3954;99,9157608631895
3955;99,9041627885684
3956;99,8974703452395
3957;99,8944055024967
3958;99,8919163500557
3959;99,8868017369061
3960;99,8762910514885
3961;99,8618411973133
3962;99,8515023092045
3963;99,8538358219735
3964;99,8717567283471
3965;99,8983584394104
3966;99,9197874836564
3967;99,9261066956383
3968;99,9202502583893
3969;99,9129154222825
3970;99,9085819910846
3971;99,9036285069295
3972;99,896525952351
3973;99,89410349561
3974;99,9029616459417
3975;99,9179942234101
3976;99,9265299274463
3977;99,9204748157131
3978;99,9020434970348
3979;99,8807911755831
3980;99,8686433517634
3981;99,8731864032668
3982;99,8897832472893
3983;99,903549665357
3984;99,9046033886334
3985;99,8990909957853
3986;99,9011454852843
3987;99,9155224160006
3988;99,9323510793361
3989;99,9393910030191
3990;99,9346379886141
3991;99,9252068187463
3992;99,9177554038966
3993;99,9145153397009
3994;99,9168771785981
3995;99,9261391617285
3996;99,9385799316231
3997;99,9448833653442
3998;99,9386048684985
3999;99,932429276703
4000;99,926241460257
