#Datum: 21.01.2016 16:19:44
#Quelle: folie

#Daten:
#cm-1 %T
515 102.937623393262
516 106.994565453022
517 106.113531845136
518 102.337080188046
519 98.7309372873749
520 96.5088761342545
521 95.674541711805
522 95.6507008374128
523 95.9898429162556
524 96.3518930142203
525 96.5920988624423
526 96.7799682300042
527 97.1325215491194
528 97.7486711850545
529 98.4205308477173
530 98.7488619066823
531 98.4982603210178
532 97.8479318341213
533 97.2691390294303
534 97.1521192111946
535 97.5288973137762
536 98.0866546928407
537 98.4275194375106
538 98.3741873009205
539 98.0790305349362
540 97.8477937318019
541 97.8444315631261
542 97.9508949615132
543 97.9127378382384
544 97.627916090503
545 97.2709717856983
546 97.1059003719656
547 97.1999955668651
548 97.3648349614152
549 97.3762591483367
550 97.2060296711414
551 97.0097837099588
552 96.9283753401117
553 96.9606896438609
554 97.0259960208721
555 97.0867590150368
556 97.1634166057746
557 97.2470908342064
558 97.2525564619108
559 97.0886744760157
560 96.7653640837118
561 96.4156795463894
562 96.2155060965541
563 96.2755134361482
564 96.577944980562
565 96.9860396509145
566 97.3181670030546
567 97.4532481874848
568 97.4093707119623
569 97.3308960855978
570 97.371038802416
571 97.5549587118496
572 97.7515675740665
573 97.7943305616504
574 97.6457269807698
575 97.446177461604
576 97.3900276089293
577 97.5480925641697
578 97.819929701725
579 98.0508519471454
580 98.1667858840759
581 98.1921518758732
582 98.1747177710375
583 98.1312235891136
584 98.0611636739016
585 97.977235681009
586 97.9016965901504
587 97.8447141082521
588 97.8065474493414
589 97.8016082672035
590 97.8615953799633
591 97.9989810587532
592 98.1689665023829
593 98.2820992275936
594 98.2685660551541
595 98.1352326552495
596 97.9603553147586
597 97.8331394509649
598 97.7940797809677
599 97.8237380351516
600 97.8799264390068
601 97.9414131858128
602 98.016400438691
603 98.1156586071963
604 98.2280953888774
605 98.3279526403685
606 98.4017552687507
607 98.459948668221
608 98.5195921734963
609 98.581375998191
610 98.6282518312344
611 98.6420090645332
612 98.6136627837878
613 98.5404970268018
614 98.427049057334
615 98.2980357349107
616 98.2013282122426
617 98.1792205311465
618 98.2288939536884
619 98.3028248166924
620 98.3564333916615
621 98.3840678545319
622 98.4025279232703
623 98.4145810689862
624 98.4045170009927
625 98.3685564753106
626 98.3359045656888
627 98.3489705902197
628 98.4222300013113
629 98.522814562339
630 98.5909270228429
631 98.5820240120204
632 98.5000194778384
633 98.3997632337672
634 98.3543811498655
635 98.4051776412949
636 98.530507714871
637 98.6625987890415
638 98.7409211299067
639 98.7539917949528
640 98.7328023314018
641 98.7102811816241
642 98.693074580422
643 98.6692719245543
644 98.6326723644812
645 98.5926959914916
646 98.563544576719
647 98.5500188537471
648 98.5453760405872
649 98.5399678150374
650 98.5294988430644
651 98.5152550544974
652 98.4985552583552
653 98.4775036163452
654 98.4504929872134
655 98.4224819165344
656 98.4058533118734
657 98.411657459977
658 98.4374971714333
659 98.4646956203349
660 98.4713240406331
661 98.4506450006141
662 98.4168857471515
663 98.3904435635002
664 98.3771165129973
665 98.3639115208305
666 98.3315663606336
667 98.2716174720912
668 98.2095057359696
669 98.2011520791909
670 98.2420736345351
671 98.2730384404098
672 98.2701606413743
673 98.2453233481158
674 98.2164548934281
675 98.1912287059703
676 98.1640927256142
677 98.1283197574748
678 98.08758016497
679 98.0538888689794
680 98.0355140050668
681 98.0280667744419
682 98.016797387479
683 97.9860719129621
684 97.9278574087386
685 97.8449631618769
686 97.7490504023091
687 97.6551144804796
688 97.5741534880027
689 97.5071310557588
690 97.4445408704272
691 97.3730071724572
692 97.2842643597506
693 97.1789409491863
694 97.0625657923375
695 96.9382235012337
696 96.8020343597284
697 96.6445206990006
698 96.4565810194801
699 96.2359439283118
700 95.9883784916363
701 95.7199327102094
702 95.4247678844631
703 95.0796063827475
704 94.6504425509522
705 94.1043950140306
706 93.4146067219338
707 92.5545878178964
708 91.4866150787281
709 90.1474922974715
710 88.4362865413681
711 86.2220864828142
712 83.3967486470862
713 79.9705212746625
714 76.1574810569068
715 72.3764753042573
716 69.1479444018234
717 66.9595857757846
718 66.1798887230444
719 66.991978298871
720 69.2805307105366
721 72.5513495191618
722 76.0683741188251
723 79.1765843325053
724 81.5228027477103
725 83.0142808175716
726 83.648244350167
727 83.4341375720771
728 82.5013602597682
729 81.2716017377156
730 80.4557612940518
731 80.7580058041986
732 82.4598541934482
733 85.2266706888539
734 88.3153157204685
735 91.0150916595342
736 92.9781869957271
737 94.2408482561187
738 95.0225714098246
739 95.5285751519911
740 95.8820950389368
741 96.1492955579366
742 96.369864576029
743 96.5635743918922
744 96.7331924026581
745 96.8759212538843
746 96.9924758010418
747 97.0865092456492
748 97.162208525101
749 97.2266761617115
750 97.2916222412726
751 97.3676511581553
752 97.4555369926036
753 97.5447744822933
754 97.6220001760469
755 97.6809226472454
756 97.7242417990171
757 97.7572977123524
758 97.7819257512925
759 97.7974051156738
760 97.8059279290025
761 97.8145686998494
762 97.8307441936253
763 97.85648136569
764 97.887534574496
765 97.9167718362376
766 97.9374678853554
767 97.9453345819782
768 97.9410439911754
769 97.9321842208182
770 97.9305531696653
771 97.9444494753084
772 97.9723005288321
773 98.0040139767105
774 98.0290040516015
775 98.0437385277228
776 98.0530048739431
777 98.0650187023425
778 98.0849065029417
779 98.1113387208353
780 98.1380964681184
781 98.158527377022
782 98.1691710464393
783 98.1708314622028
784 98.168348062802
785 98.1699712460842
786 98.1845274006019
787 98.2153633841378
788 98.255525074422
789 98.2909409887986
790 98.3114180128565
791 98.319540396172
792 98.3279801858758
793 98.3476514056109
794 98.3785763231213
795 98.4113354323615
796 98.4355357671232
797 98.4464052069641
798 98.4453506340704
799 98.4370619955449
800 98.4270066394368
801 98.4203106152274
802 98.4210380670947
803 98.4311042982022
804 98.4491044723182
805 98.4703105204987
806 98.4890388673139
807 98.5024649892656
808 98.5125055416829
809 98.5234899780099
810 98.5379640417572
811 98.5552117426646
812 98.573306820205
813 98.5908572436297
814 98.606027430796
815 98.6156256463561
816 98.6175386109026
817 98.6143387055428
818 98.6128532383507
819 98.6190174709234
820 98.6332339856988
821 98.6506219170895
822 98.6648524454784
823 98.6716291793519
824 98.670213043884
825 98.6636014348536
826 98.6573962688282
827 98.6570690981089
828 98.6649961234945
829 98.6793795742691
830 98.6953115199301
831 98.7067178713172
832 98.7087954870839
833 98.7010128109437
834 98.6886768038766
835 98.6801790164743
836 98.6810036139533
837 98.6901872511814
838 98.7028466336439
839 98.7151284352527
840 98.7253662112061
841 98.7312865126979
842 98.7290893961485
843 98.7172275555843
844 98.7000449306515
845 98.6855651500113
846 98.6793296893631
847 98.6815481131199
848 98.6903543683103
849 98.7059297816091
850 98.729520195101
851 98.7585653776619
852 98.7846152535805
853 98.7977073663143
854 98.7935821016082
855 98.7770583471274
856 98.758688157788
857 98.7476846165656
858 98.74657700211
859 98.7510407610726
860 98.7543870692714
861 98.7531307736349
862 98.7495641621524
863 98.7496236032188
864 98.7579996266295
865 98.7744831519877
866 98.7940722204312
867 98.8098127079296
868 98.8154392035162
869 98.8065019247442
870 98.7813527212575
871 98.7432369349424
872 98.7017111419038
873 98.6700205513806
874 98.6581206354951
875 98.6660264700504
876 98.6832548535372
877 98.6953607259773
878 98.6925408104538
879 98.6739572181327
880 98.6456484412285
881 98.6150043942743
882 98.5863669523925
883 98.5602867253548
884 98.5359257645847
885 98.5140918488957
886 98.4982009605188
887 98.4922180768081
888 98.4973603744591
889 98.5107653275388
890 98.5276614430115
891 98.545043761164
892 98.5631401209654
893 98.5832307274565
894 98.6043524036433
895 98.6226226709411
896 98.6339843763852
897 98.6374837962579
898 98.6358171629995
899 98.6328368642675
900 98.6304733018514
901 98.6274992784504
902 98.6206924281571
903 98.6074055542946
904 98.5881197793836
905 98.5673000097651
906 98.5513275423667
907 98.5443937334129
908 98.5458424022219
909 98.5521147605117
910 98.5619076084173
911 98.5788320427236
912 98.6076045884602
913 98.6470117379343
914 98.6876148600211
915 98.7180617785351
916 98.7344932159088
917 98.7433804350344
918 98.7545961125495
919 98.7717526477233
920 98.7893722976139
921 98.7988779105828
922 98.7967009417059
923 98.7869969384066
924 98.777718020193
925 98.7745200882663
926 98.7774641953496
927 98.7822724664902
928 98.784498411433
929 98.7830765590677
930 98.7801991507098
931 98.7778124254659
932 98.7748167935236
933 98.7686382882871
934 98.7595801713307
935 98.7524741320514
936 98.7531448129974
937 98.7635210210058
938 98.7805410017152
939 98.7989580347856
940 98.8140707359679
941 98.8223682580663
942 98.8219344595583
943 98.8139178588391
944 98.8029344821582
945 98.7943363115216
946 98.7904127194078
947 98.7894467881286
948 98.788126424155
949 98.7841659716451
950 98.7770461664753
951 98.7679225439421
952 98.7597793155019
953 98.7565497345966
954 98.7601576454497
955 98.7678315933693
956 98.7733440318966
957 98.772008004543
958 98.7646529226151
959 98.7564490175534
960 98.7518518046824
961 98.7507829833851
962 98.7494590780081
963 98.7444889884101
964 98.7360079324674
965 98.7269792703842
966 98.7197186934596
967 98.713533094312
968 98.7063085240406
969 98.6985210775292
970 98.6948258252392
971 98.7003187525392
972 98.7145319271823
973 98.7296704902543
974 98.7359213677154
975 98.7293382515092
976 98.7150096024882
977 98.7030744077365
978 98.7019493826665
979 98.7144678325058
980 98.738224095576
981 98.7674216448045
982 98.7941903688766
983 98.8102478435979
984 98.8100947979512
985 98.7942499038148
986 98.7695310585418
987 98.7456146550965
988 98.7303888012876
989 98.7270703261219
990 98.733846136123
991 98.7451759126855
992 98.7542063714192
993 98.7560526855446
994 98.7505543496194
995 98.7422672184051
996 98.7371688804402
997 98.7386253553375
998 98.7459125376324
999 98.7558657086978
1000 98.7652834360382
1001 98.7718647196405
1002 98.7738366514829
1003 98.7697052732338
1004 98.7586648058071
1005 98.7410754578144
1006 98.7185727884834
1007 98.6939655076969
1008 98.6709356183301
1009 98.6531730918705
1010 98.6429840695191
1011 98.6401934023326
1012 98.6421193521441
1013 98.6445641967936
1014 98.6432680826368
1015 98.6354368809789
1016 98.6209863509324
1017 98.6028125575584
1018 98.5855513409737
1019 98.5732969439786
1020 98.5676755174958
1021 98.5675421773822
1022 98.5705416925566
1023 98.5754976141181
1024 98.5836146926041
1025 98.596754417408
1026 98.6134974780241
1027 98.6269115237602
1028 98.6279066229134
1029 98.6129198444576
1030 98.5889581007632
1031 98.569957730539
1032 98.5665881181444
1033 98.5786044028636
1034 98.5965649529005
1035 98.610413451825
1036 98.6163247594224
1037 98.6165228035453
1038 98.6146483170432
1039 98.6124361754338
1040 98.6098244630361
1041 98.606374263082
1042 98.6020024539418
1043 98.5972125625248
1044 98.5930477271365
1045 98.589866220137
1046 98.5853611880074
1047 98.5748537411774
1048 98.5555976954247
1049 98.531314727523
1050 98.5107880374857
1051 98.5002608713577
1052 98.497399687556
1053 98.4938726749128
1054 98.4839424258193
1055 98.4697380522606
1056 98.4582459377333
1057 98.4542877951012
1058 98.4565998416927
1059 98.4592030518205
1060 98.4553638626001
1061 98.4412600562089
1062 98.4180701620639
1063 98.3915531221552
1064 98.3689094547719
1065 98.3550665220572
1066 98.3512790703273
1067 98.3559022008877
1068 98.364586323512
1069 98.3695662612101
1070 98.3616351063887
1071 98.3364886138787
1072 98.3003664926196
1073 98.267854748046
1074 98.2519488690942
1075 98.2550046070722
1076 98.2685899888061
1077 98.2813435582963
1078 98.287070556031
1079 98.2869418192203
1080 98.2860334201442
1081 98.2884091991375
1082 98.2944335050462
1083 98.3015057592326
1084 98.3070168601944
1085 98.3108263636972
1086 98.3150353714075
1087 98.3214878561975
1088 98.329799200717
1089 98.3379614348214
1090 98.3445397403789
1091 98.3499471693067
1092 98.3559091373055
1093 98.3643683876409
1094 98.3769168204762
1095 98.394363124792
1096 98.4159468662282
1097 98.4389848777589
1098 98.4598787697706
1099 98.4758969833835
1100 98.4859451167674
1101 98.4899781941496
1102 98.4878484731723
1103 98.4796051724299
1104 98.4662965040017
1105 98.4504178774714
1106 98.4357578728716
1107 98.4265311362019
1108 98.4258576597122
1109 98.4337146797631
1110 98.4459319576662
1111 98.4560453595765
1112 98.459290332716
1113 98.455461857838
1114 98.447916283389
1115 98.4400774327904
1116 98.4330507366414
1117 98.4258886774865
1118 98.4170271233007
1119 98.4053225717976
1120 98.3910820707167
1121 98.3773075478825
1122 98.3692770316931
1123 98.3710211383477
1124 98.3812365163146
1125 98.3932765448603
1126 98.4000133600955
1127 98.398751477803
1128 98.3913275008315
1129 98.3802991097632
1130 98.3663279438552
1131 98.3494592796995
1132 98.3317872124024
1133 98.3177552732799
1134 98.3117525928791
1135 98.3155855779652
1136 98.3277087159426
1137 98.3440457611671
1138 98.3596802195711
1139 98.3710072388828
1140 98.3773925171276
1141 98.3808017569784
1142 98.3832347697719
1143 98.3843617337116
1144 98.3821388207992
1145 98.376045128407
1146 98.3693217577276
1147 98.3674147927448
1148 98.3740325486916
1149 98.3887512059829
1150 98.4080144157193
1151 98.4276274100172
1152 98.4441691125069
1153 98.455251975019
1154 98.460091206897
1155 98.4603070765318
1156 98.459206130084
1157 98.4592223266386
1158 98.460028251722
1159 98.4596408935447
1160 98.457285647177
1161 98.4545715352606
1162 98.4537937145878
1163 98.4557898238716
1164 98.4598655754502
1165 98.4651817815817
1166 98.4712631202138
1167 98.4770454895449
1168 98.480238148761
1169 98.4784287367817
1170 98.4709749611088
1171 98.4595731157788
1172 98.4468099037321
1173 98.4341525883084
1174 98.4213836532069
1175 98.4080803386728
1176 98.3957919459814
1177 98.388740164702
1178 98.3919051344614
1179 98.4075801569451
1180 98.4330642100604
1181 98.4616353863446
1182 98.4863811558912
1183 98.5039091447752
1184 98.5149780074084
1185 98.5219958392378
1186 98.5262975585823
1187 98.5278645444235
1188 98.5269609219842
1189 98.5249113170866
1190 98.5228515675121
1191 98.5205495507419
1192 98.5175746507407
1193 98.5156080470353
1194 98.5183820487724
1195 98.5282641340535
1196 98.542903694079
1197 98.5558506333587
1198 98.5608478867733
1199 98.5558089880644
1200 98.5434269520453
1201 98.528963099383
1202 98.5174646655177
1203 98.5117132373369
1204 98.5112939424657
1205 98.5132370777075
1206 98.5141751862543
1207 98.5124792334824
1208 98.5085346955472
1209 98.5033288251486
1210 98.4974707619996
1211 98.4918808318141
1212 98.488712953571
1213 98.4903357223106
1214 98.4967345054981
1215 98.5043333015148
1216 98.5082363350279
1217 98.506063201943
1218 98.4994263919333
1219 98.4914706930939
1220 98.4832413636974
1221 98.4729928145229
1222 98.4592349010944
1223 98.444042495994
1224 98.4327761791921
1225 98.4302208971944
1226 98.4368841683728
1227 98.4487416578458
1228 98.4600526709136
1229 98.466392143399
1230 98.4659860062546
1231 98.4597086825458
1232 98.4506746149122
1233 98.4432126376711
1234 98.4405882288451
1235 98.4423162155883
1236 98.4434144226897
1237 98.4370173579514
1238 98.4187959139452
1239 98.3897596114771
1240 98.3553990230566
1241 98.3223016426074
1242 98.2949589422581
1243 98.2743725368676
1244 98.2583841529534
1245 98.243258898481
1246 98.2261358240539
1247 98.2072007251634
1248 98.1897649424887
1249 98.1776539803978
1250 98.1718499482249
1251 98.1693748513998
1252 98.1654834341305
1253 98.1571761618624
1254 98.1450172731636
1255 98.1320193386194
1256 98.1208496429826
1257 98.1117074619236
1258 98.102496591797
1259 98.0910539566211
1260 98.0774471029532
1261 98.0639934174674
1262 98.0525713162934
1263 98.0417467264968
1264 98.0271044237345
1265 98.0051583028944
1266 97.9772480832338
1267 97.9492738523796
1268 97.9270770825756
1269 97.9118421531561
1270 97.8999657417789
1271 97.8872887530195
1272 97.8733088883879
1273 97.8613049895174
1274 97.8547663970114
1275 97.8541029634029
1276 97.8565991572363
1277 97.8587678215123
1278 97.8581588050736
1279 97.8532204896729
1280 97.8425896828674
1281 97.8255517747005
1282 97.8032363269657
1283 97.7785332670187
1284 97.7541703674666
1285 97.7309483090049
1286 97.7081988663198
1287 97.6858070572733
1288 97.6651770838115
1289 97.6478878843444
1290 97.6337118227078
1291 97.6205324288294
1292 97.6063998032802
1293 97.5914499254525
1294 97.5776682732507
1295 97.5668853506531
1296 97.5591468844407
1297 97.5530107868005
1298 97.5473071198338
1299 97.542588510276
1300 97.5409797492671
1301 97.5446060470459
1302 97.553932787151
1303 97.5672781886287
1304 97.5818512160671
1305 97.5956418037613
1306 97.6088641639076
1307 97.6239947121117
1308 97.6442639783086
1309 97.6716205952476
1310 97.7056068871957
1311 97.744103989907
1312 97.7851566453231
1313 97.8280430923756
1314 97.8725442545409
1315 97.9173954286363
1316 97.960022398216
1317 97.9981558247502
1318 98.0315782966505
1319 98.0618663455816
1320 98.0903681286592
1321 98.1169587871892
1322 98.1411491256757
1323 98.1637994902698
1324 98.1868238853272
1325 98.2110000307952
1326 98.2345963930943
1327 98.2545759136476
1328 98.2687726094308
1329 98.2764279802179
1330 98.2767626113609
1331 98.2681284499473
1332 98.2490889077604
1333 98.2199332274675
1334 98.1824878464936
1335 98.1383995011686
1336 98.0880976114164
1337 98.0317491592346
1338 97.9711529547969
1339 97.9102315225705
1340 97.8531179771132
1341 97.8016051590515
1342 97.7545473226265
1343 97.709480329519
1344 97.6645817673416
1345 97.6192490164503
1346 97.573232757017
1347 97.5258454659758
1348 97.4766061750638
1349 97.4269374155666
1350 97.381050326996
1351 97.3445807683389
1352 97.321448615709
1353 97.3111882409692
1354 97.3083997818851
1355 97.3048912061984
1356 97.2931316407565
1357 97.2688838151679
1358 97.2315377784718
1359 97.1821796421002
1360 97.1212545152479
1361 97.0476835023019
1362 96.9600663368005
1363 96.8594233726354
1364 96.7513041516429
1365 96.6446560037894
1366 96.5486360034026
1367 96.4708277939049
1368 96.4166025713595
1369 96.3869576361853
1370 96.3758191973789
1371 96.3697704697242
1372 96.3501501301294
1373 96.2974733738926
1374 96.2016272965663
1375 96.076627671324
1376 95.9648363666548
1377 95.9207383199394
1378 95.9866055996029
1379 96.1755582962373
1380 96.4663321197111
1381 96.8110551319043
1382 97.1547286260219
1383 97.4561509811892
1384 97.6978902640278
1385 97.8825975700655
1386 98.0226539601524
1387 98.130703721184
1388 98.2148200980225
1389 98.2788651118847
1390 98.3251416369192
1391 98.3555120236119
1392 98.3716942336971
1393 98.3769122811697
1394 98.3774241756406
1395 98.380338211809
1396 98.3885287195376
1397 98.3992912885209
1398 98.4080769006573
1399 98.4123955339702
1400 98.4124614814694
1401 98.4092614410674
1402 98.4029897700744
1403 98.3934204362988
1404 98.381309052451
1405 98.3684325298572
1406 98.3560421971037
1407 98.3442157719407
1408 98.3329722995165
1409 98.3229440021513
1410 98.3143654889022
1411 98.3056450189784
1412 98.293377486555
1413 98.2746367422128
1414 98.2494220872976
1415 98.2202139127488
1416 98.1890728145781
1417 98.1553744398394
1418 98.1165044321291
1419 98.070774646998
1420 98.0188102180468
1421 97.9607525207776
1422 97.8922397794174
1423 97.805541772498
1424 97.6954222259707
1425 97.5625551789926
1426 97.4106206285266
1427 97.2401010213776
1428 97.0457084243956
1429 96.8205306548389
1430 96.5642314965982
1431 96.2890960983606
1432 96.0149906362116
1433 95.7553694778676
1434 95.5088703686394
1435 95.2637049610255
1436 95.0115648663707
1437 94.7609661556791
1438 94.5313797140618
1439 94.330846803612
1440 94.1489270394514
1441 93.97006287013
1442 93.7864485092622
1443 93.5999947819172
1444 93.4133288495748
1445 93.2179917275976
1446 92.9924665813089
1447 92.7128294447152
1448 92.3634955560352
1449 91.9338584870371
1450 91.4088055252964
1451 90.7770360273829
1452 90.0513142597592
1453 89.2672982802097
1454 88.4535302120344
1455 87.5889955631501
1456 86.5628973512035
1457 85.1668753825455
1458 83.2463327640459
1459 80.9165689227684
1460 78.5013538963191
1461 76.3458594692739
1462 74.7709160473659
1463 74.0277623455825
1464 74.1435441755024
1465 74.7818914229841
1466 75.3894124170202
1467 75.5676536139972
1468 75.202706462205
1469 74.2997297118082
1470 72.933825991895
1471 71.4823567395582
1472 70.8808908433468
1473 72.2602454424476
1474 75.8927086276934
1475 80.8352243280111
1476 85.7748947368008
1477 89.8147825691232
1478 92.6459000525203
1479 94.4135768741271
1480 95.4686142743673
1481 96.1349246075082
1482 96.5994573786066
1483 96.9372199217448
1484 97.1841342938139
1485 97.3732893129292
1486 97.529651537311
1487 97.6631958831494
1488 97.7776943430698
1489 97.8794495111233
1490 97.9723086180324
1491 98.0521690710065
1492 98.1147210120344
1493 98.162861106273
1494 98.2033457232746
1495 98.2422607887785
1496 98.2844302714986
1497 98.3322142487459
1498 98.3828086872134
1499 98.430294013657
1500 98.4710593800324
1501 98.5049786497588
1502 98.5331343917454
1503 98.5558068564256
1504 98.572658445752
1505 98.585062991041
1506 98.5990038252786
1507 98.6201008245406
1508 98.6408549081941
1509 98.6537200197996
1510 98.6621650710888
1511 98.6692630841686
1512 98.6748954210164
1513 98.6789255755475
1514 98.682443731577
1515 98.6873376919378
1516 98.6945260621614
1517 98.7021728308357
1518 98.7063843839546
1519 98.7054599196688
1520 98.7026668525816
1521 98.7044349381326
1522 98.7141218894923
1523 98.7280711293582
1524 98.7415516072758
1525 98.7536000995819
1526 98.7646637618733
1527 98.773459653124
1528 98.7766852136069
1529 98.7721908042632
1530 98.7610064664193
1531 98.7465517533237
1532 98.7338994966388
1533 98.7284852296123
1534 98.7316604213088
1535 98.7392402359876
1536 98.7461973293879
1537 98.7491345591662
1538 98.7460835225815
1539 98.7382109675415
1540 98.7307211730446
1541 98.7246162383676
1542 98.7172864880383
1543 98.7107611725396
1544 98.7077743902615
1545 98.7081126721995
1546 98.7095752879226
1547 98.7085902717075
1548 98.7019075257845
1549 98.688771693953
1550 98.6716958571539
1551 98.6543475734746
1552 98.6389215801377
1553 98.6258527659766
1554 98.6153992688754
1555 98.6082636210127
1556 98.6048026001447
1557 98.6053866191904
1558 98.6113417654763
1559 98.6213849891604
1560 98.6256434190858
1561 98.6249226717892
1562 98.6285939499462
1563 98.6362523028581
1564 98.6445393204736
1565 98.6520498079768
1566 98.659710144233
1567 98.6707828486158
1568 98.6895798579864
1569 98.7186212901163
1570 98.7541182292814
1571 98.7869429237436
1572 98.8110133797327
1573 98.8258707856461
1574 98.8330615723112
1575 98.8358344014923
1576 98.8407722819783
1577 98.8536939939776
1578 98.8740971634718
1579 98.8971204367979
1580 98.9174801213891
1581 98.9313746396483
1582 98.9377202805532
1583 98.9382879297624
1584 98.9363825859798
1585 98.9346072605706
1586 98.9337307743756
1587 98.9334012160168
1588 98.9335020332907
1589 98.9347602647598
1590 98.9382313217406
1591 98.9440536363702
1592 98.9505415321494
1593 98.9547941429254
1594 98.954730578948
1595 98.9510733091475
1596 98.9472249320474
1597 98.94665520771
1598 98.9500282583721
1599 98.9547331418425
1600 98.9569368912943
1601 98.9541250709112
1602 98.9462616119595
1603 98.935264452388
1604 98.9239381074209
1605 98.9150866429224
1606 98.9106561098272
1607 98.9107147125022
1608 98.9130717413309
1609 98.9145349576502
1610 98.913271174313
1611 98.9103393643028
1612 98.9085720757347
1613 98.90981002014
1614 98.9132248245192
1615 98.9158325546274
1616 98.9143770659033
1617 98.9074228728881
1618 98.896912489581
1619 98.8868967778968
1620 98.8791869644017
1621 98.8721111731586
1622 98.8632557638816
1623 98.8515373182619
1624 98.8373241628831
1625 98.8214275728813
1626 98.8034270741702
1627 98.7806478875462
1628 98.7497022332573
1629 98.7096242069315
1630 98.6634066534035
1631 98.6156451304149
1632 98.5683914246978
1633 98.5200712109021
1634 98.4687894097597
1635 98.4185638372615
1636 98.3805575409164
1637 98.3621872915321
1638 98.3609582236861
1639 98.3700700313217
1640 98.3836949289886
1641 98.3985449252081
1642 98.413142381832
1643 98.4267145911642
1644 98.4398022586378
1645 98.4560582116289
1646 98.4823989384118
1647 98.5212829160273
1648 98.562891385984
1649 98.5966101236634
1650 98.6200006752463
1651 98.6335033929648
1652 98.6383974420279
1653 98.6445559228288
1654 98.6604206891984
1655 98.6817495654291
1656 98.7032353485325
1657 98.7207543303498
1658 98.7304512397368
1659 98.7322459432047
1660 98.7298517554438
1661 98.7292913837896
1662 98.7357370322156
1663 98.7504888528738
1664 98.7707007099594
1665 98.7921203739771
1666 98.8109822351759
1667 98.8245927047369
1668 98.8329460651395
1669 98.8401783447176
1670 98.8511120507616
1671 98.8659682787318
1672 98.8823251180718
1673 98.8992288193272
1674 98.9172132849834
1675 98.9360759161937
1676 98.952535926741
1677 98.9630704384592
1678 98.9686172981101
1679 98.9735019678933
1680 98.9816141343238
1681 98.9941006255418
1682 99.0096266627696
1683 99.0262571502352
1684 99.0421588356293
1685 99.0533243428931
1686 99.0584800678337
1687 99.0619644536458
1688 99.0669101566289
1689 99.0746527862368
1690 99.0865396879247
1691 99.1020377548328
1692 99.1183199869955
1693 99.1319994599456
1694 99.1408847402819
1695 99.1452022999614
1696 99.1462122109447
1697 99.1421277040051
1698 99.1296222870509
1699 99.1099605843932
1700 99.0918204880631
1701 99.0848178506431
1702 99.0889231181406
1703 99.0954174236903
1704 99.0962964314304
1705 99.0895255073324
1706 99.0784933046046
1707 99.0678966370102
1708 99.0590889454521
1709 99.0490610871049
1710 99.0336516489666
1711 99.011693823987
1712 98.986516837793
1713 98.9636684716748
1714 98.946385918477
1715 98.9323764080082
1716 98.9150927496224
1717 98.8897874259728
1718 98.8592095649662
1719 98.8315641866924
1720 98.8120221179701
1721 98.7986172864229
1722 98.7865718107513
1723 98.7730190453453
1724 98.7576512904564
1725 98.7412876340526
1726 98.724879884518
1727 98.7097198777671
1728 98.6976421266544
1729 98.6906797886616
1730 98.6897813116057
1731 98.6945893755251
1732 98.7053029148035
1733 98.7237479811343
1734 98.7493376534078
1735 98.7742767379738
1736 98.7917986866143
1737 98.8038948971809
1738 98.8161495611168
1739 98.8336016312928
1740 98.8593011228216
1741 98.8924783482692
1742 98.9293667216627
1743 98.9660320972404
1744 98.9998624318748
1745 99.0295474699236
1746 99.0549809207184
1747 99.0770795098356
1748 99.0976549250362
1749 99.1198316512529
1750 99.1474163041019
1751 99.1816225718539
1752 99.2184176821126
1753 99.2513680144739
1754 99.2772456443337
1755 99.2976097234824
1756 99.3161203008338
1757 99.3343396659156
1758 99.3496569921004
1759 99.3587193101595
1760 99.3626817411051
1761 99.3679901814409
1762 99.381087308797
1763 99.4014842953262
1764 99.4222321848583
1765 99.4378699332594
1766 99.4492226150174
1767 99.4619818309675
1768 99.4818352379313
1769 99.509414138739
1770 99.5400820416928
1771 99.5680110020192
1772 99.5893604545123
1773 99.6030051673358
1774 99.6096888406894
1775 99.6096222043075
1776 99.6012789441968
1777 99.5840262496811
1778 99.561416812783
1779 99.5405193950118
1780 99.5267001452232
1781 99.5186642861085
1782 99.5106170283534
1783 99.4999688149241
1784 99.4908761631014
1785 99.4896927696739
1786 99.4974094159716
1787 99.507914895343
1788 99.5142539371425
1789 99.5148761171035
1790 99.5138405252892
1791 99.5161936848678
1792 99.52220251402
1793 99.5263499167736
1794 99.5246798071818
1795 99.5200869309182
1796 99.5177797387659
1797 99.51977021975
1798 99.5246283101315
1799 99.5308276978987
1800 99.5398963955265
1801 99.5551676714249
1802 99.5767723227324
1803 99.5989437706779
1804 99.6132008493486
1805 99.6142622727568
1806 99.6035897542558
1807 99.5886108058793
1808 99.5785471732322
1809 99.5795400993714
1810 99.5924124749895
1811 99.6140800254563
1812 99.6407860998486
1813 99.669849619633
1814 99.6982826596895
1815 99.7206119733945
1816 99.729706184405
1817 99.7212876026587
1818 99.697772213961
1819 99.6669679755388
1820 99.6368286732301
1821 99.6117067346094
1822 99.5930787328549
1823 99.5817885540626
1824 99.5782312688641
1825 99.5806202152161
1826 99.5847085023283
1827 99.5867294485862
1828 99.5859489236652
1829 99.5841333093469
1830 99.5830763576916
1831 99.5825089086664
1832 99.580839704225
1833 99.5773113527518
1834 99.573000401716
1835 99.570894751998
1836 99.5747900993305
1837 99.5866188048788
1838 99.6041423130605
1839 99.6216033727495
1840 99.6328764794824
1841 99.6343690278177
1842 99.6268047999758
1843 99.6163155416147
1844 99.6128295018962
1845 99.6225920227653
1846 99.6416244869695
1847 99.6598553113202
1848 99.6699846385655
1849 99.671190449065
1850 99.6669275590784
1851 99.660518969751
1852 99.6527953605806
1853 99.6434928566574
1854 99.6338756953499
1855 99.6269242651161
1856 99.6249785915532
1857 99.6275056394105
1858 99.631259765623
1859 99.6325426426613
1860 99.6298440046506
1861 99.6251451684954
1862 99.622495559183
1863 99.6242919512801
1864 99.6282252657788
1865 99.6283022425138
1866 99.619694307838
1867 99.6034106489494
1868 99.586724037057
1869 99.5781878496046
1870 99.581348360893
1871 99.5936304757785
1872 99.6097669063221
1873 99.6244692021296
1874 99.6335129393385
1875 99.635159346102
1876 99.6315792072481
1877 99.6276698253701
1878 99.6268065010521
1879 99.6274397492789
1880 99.6246860114428
1881 99.615946105273
1882 99.6046936690895
1883 99.5979965954467
1884 99.5999183767386
1885 99.6073289593206
1886 99.6122827894051
1887 99.6085094347334
1888 99.5958891390844
1889 99.5797357446329
1890 99.5660765170452
1891 99.5568647579522
1892 99.5491606341341
1893 99.5383198071222
1894 99.5221966569906
1895 99.5036295478007
1896 99.4892073777878
1897 99.4845137988403
1898 99.4898156603235
1899 99.5001457342609
1900 99.5090774762677
1901 99.512325982105
1902 99.5089020230233
1903 99.5006837991877
1904 99.4921919996001
1905 99.4898901076613
1906 99.4990048972022
1907 99.5189780442465
1908 99.5417905441274
1909 99.5563433864375
1910 99.5566287230509
1911 99.5463047945386
1912 99.5350657350096
1913 99.530415641505
1914 99.5324455175062
1915 99.5354498059452
1916 99.5337687961047
1917 99.5271147785187
1918 99.5217064627729
1919 99.5258434959643
1920 99.5434486559802
1921 99.5713603902116
1922 99.6018181215149
1923 99.6272735109725
1924 99.6449124504039
1925 99.6582180499546
1926 99.6733208446106
1927 99.6928224552956
1928 99.7129487758024
1929 99.7266235067566
1930 99.7296100888555
1931 99.7238640241543
1932 99.7152321137056
1933 99.7084191887953
1934 99.7043414366182
1935 99.7018638878373
1936 99.7009125656516
1937 99.7034997392275
1938 99.7119046486262
1939 99.7260294071044
1940 99.7425355363632
1941 99.7564377044993
1942 99.7642007367974
1943 99.7665887023479
1944 99.7691374693319
1945 99.7791494341724
1946 99.8009293665013
1947 99.8325100444495
1948 99.8656097456578
1949 99.8886509301138
1950 99.891346392332
1951 99.8686423145546
1952 99.823157727304
1953 99.7665985335328
1954 99.7190089778452
1955 99.7025855010619
1956 99.7297923294118
1957 99.7926918494094
1958 99.8632842621311
1959 99.9082834787497
1960 99.9097803551802
1961 99.8761942286369
1962 99.8341877127802
1963 99.8080908901281
1964 99.8040555636387
1965 99.810721185285
1966 99.8134590087523
1967 99.8088739772427
1968 99.8062353413911
1969 99.8146964959422
1970 99.8314645660621
1971 99.8457355067815
1972 99.8528258590739
1973 99.8580825100032
1974 99.8612237012986
1975 99.8386813818334
1976 99.751550215447
1977 99.5816521809138
1978 99.3616609481062
1979 99.1619314701357
1980 99.042238098168
1981 99.0172387366707
1982 99.0627620510453
1983 99.142894164071
1984 99.2286144954414
1985 99.3007448142419
1986 99.3476818803694
1987 99.3670137287714
1988 99.3681937415436
1989 99.3686356248678
1990 99.3831611798422
1991 99.4153182589309
1992 99.4572349679754
1993 99.4961621089546
1994 99.5211511382296
1995 99.5267235461017
1996 99.5157541620325
1997 99.5019819665789
1998 99.5066027535551
1999 99.5458445142851
2000 99.6184297848903
2001 99.7062290678384
2002 99.7879058977169
2003 99.8501281112371
2004 99.885335809491
2005 99.8840371161242
2006 99.8376758107659
2007 99.7525077782355
2008 99.6554345922906
2009 99.5789027498559
2010 99.5388947182926
2011 99.5295516998617
2012 99.5359649179356
2013 99.5466761428513
2014 99.5542489231378
2015 99.5505449530683
2016 99.527987532733
2017 99.4865482002931
2018 99.436514630057
2019 99.3918211855878
2020 99.360579597385
2021 99.3424582608211
2022 99.3341635107894
2023 99.3361323109556
2024 99.3533083547682
2025 99.3888800301733
2026 99.43695575895
2027 99.4822110456746
2028 99.5085547592054
2029 99.5095500581289
2030 99.4904148367951
2031 99.4595994589026
2032 99.4190569890468
2033 99.3643492411645
2034 99.2956326656242
2035 99.2277125169167
2036 99.1857546336203
2037 99.1870559008926
2038 99.2252281481525
2039 99.272689069759
2040 99.3003946928383
2041 99.298116647067
2042 99.2787420638185
2043 99.2646570461338
2044 99.2685496558111
2045 99.2823120675674
2046 99.2802888897119
2047 99.2369418888694
2048 99.1520403176564
2049 99.0642155589164
2050 99.0317682417176
2051 99.0882125181629
2052 99.2126902186238
2053 99.3443239780219
2054 99.4271499707474
2055 99.447242759244
2056 99.4329071588297
2057 99.422127454562
2058 99.4307662707184
2059 99.4485121578663
2060 99.4576430612167
2061 99.4515903097362
2062 99.4386909811824
2063 99.4331985578098
2064 99.4433755970298
2065 99.4648634676412
2066 99.4834828089896
2067 99.4859419820998
2068 99.4700640193392
2069 99.4457127064029
2070 99.426536474135
2071 99.4209527734009
2072 99.4291345748859
2073 99.4450436207148
2074 99.4593072941409
2075 99.4623822777606
2076 99.4496701131838
2077 99.4261357143137
2078 99.4044904794047
2079 99.3961636203347
2080 99.4030430989147
2081 99.4183728255318
2082 99.4355790812356
2083 99.455161737808
2084 99.4822910723219
2085 99.5181559789747
2086 99.5547644895454
2087 99.5794276315633
2088 99.5857310561901
2089 99.5813026498159
2090 99.5844569804965
2091 99.6106677447786
2092 99.6590228052307
2093 99.7100675763312
2094 99.7377600497326
2095 99.7267949237922
2096 99.6818743671461
2097 99.6220792901051
2098 99.5664235421176
2099 99.5234838224671
2100 99.4917894070601
2101 99.466791598219
2102 99.4465016494424
2103 99.4321802954507
2104 99.4258376040521
2105 99.4276797822187
2106 99.4350437292164
2107 99.4431355762518
2108 99.4475990430437
2109 99.4480680374017
2110 99.4501271806056
2111 99.4629315737344
2112 99.4929706182904
2113 99.5386407204776
2114 99.5905226126838
2115 99.6372372685978
2116 99.6716280167845
2117 99.6926863395479
2118 99.7039363155778
2119 99.7117639777405
2120 99.7242493433648
2121 99.7479949522892
2122 99.783171471912
2123 99.8221297496781
2124 99.855604399731
2125 99.8820666620708
2126 99.9107214470341
2127 99.9546762044965
2128 100.021119403069
2129 100.107129561027
2130 100.201769403726
2131 100.288922228764
2132 100.348582362767
2133 100.360702676109
2134 100.314671340413
2135 100.219252682419
2136 100.103394594106
2137 100.00496661191
2138 99.9549572058598
2139 99.9662296386046
2140 100.029369372768
2141 100.115124096851
2142 100.185309231225
2143 100.211730061778
2144 100.192862142138
2145 100.153628283429
2146 100.125893113076
2147 100.126208251793
2148 100.150691626888
2149 100.188720156629
2150 100.237704504747
2151 100.303656347084
2152 100.391463528038
2153 100.497768578045
2154 100.608532592384
2155 100.693554506089
2156 100.700040912788
2157 100.564337963347
2158 100.254768912494
2159 99.8195055768478
2160 99.3803556330322
2161 99.0559342181184
2162 98.887735557956
2163 98.8400297236796
2164 98.8519133219474
2165 98.8802642683965
2166 98.909075060722
2167 98.9389025823011
2168 98.9761874816219
2169 99.0284690990092
2170 99.1008900625747
2171 99.19079779141
2172 99.2836499658421
2173 99.3559699567258
2174 99.3875460453466
2175 99.3771889132492
2176 99.3490691503123
2177 99.3394131155561
2178 99.370108799821
2179 99.4314065506004
2180 99.4897640360395
2181 99.51348392325
2182 99.4932177976048
2183 99.4417687094648
2184 99.37913354284
2185 99.3207217085755
2186 99.2769171745906
2187 99.2560948346318
2188 99.2621405147842
2189 99.2890813494986
2190 99.3214039829577
2191 99.3420241357448
2192 99.3413660963119
2193 99.3213681020709
2194 99.294110941974
2195 99.276953778205
2196 99.2843803505873
2197 99.3183849804981
2198 99.364492885541
2199 99.3999510577546
2200 99.4099388740371
2201 99.397757524914
2202 99.3794777236134
2203 99.369183003702
2204 99.3696280863528
2205 99.3753760865258
2206 99.3819665924676
2207 99.3908972132423
2208 99.4073370962619
2209 99.4344670805309
2210 99.4688393397081
2211 99.499247945538
2212 99.510943643965
2213 99.4946700928995
2214 99.4545610461586
2215 99.4069655052773
2216 99.3695233904236
2217 99.349821619276
2218 99.3434808392926
2219 99.3414163628882
2220 99.3375008519868
2221 99.3304375797078
2222 99.3220223614613
2223 99.3164055010065
2224 99.3199168023408
2225 99.3378904822574
2226 99.369255019048
2227 99.4048735123543
2228 99.4331334824701
2229 99.4481656893437
2230 99.4524857950483
2231 99.4516497016083
2232 99.4470230425324
2233 99.4344060247133
2234 99.4096783222241
2235 99.375327493132
2236 99.3411790079087
2237 99.3187257313769
2238 99.3142856385904
2239 99.3261739511921
2240 99.3463658118145
2241 99.363930383887
2242 99.368827577676
2243 99.3565971262537
2244 99.3324683913788
2245 99.3101684075027
2246 99.3032273824699
2247 99.3147506387978
2248 99.3355770940471
2249 99.3533816943614
2250 99.3637346313954
2251 99.3718244390715
2252 99.3840085589218
2253 99.3988177183452
2254 99.4065805964737
2255 99.3972346104034
2256 99.3687124234561
2257 99.3296108657166
2258 99.2950497113609
2259 99.278520992508
2260 99.2838801665643
2261 99.3023231532241
2262 99.3172973827963
2263 99.3151524569974
2264 99.2939038655874
2265 99.2634150895222
2266 99.2373258851855
2267 99.22359511629
2268 99.220710995629
2269 99.2210467502175
2270 99.2177418783507
2271 99.2098205605492
2272 99.2021571943478
2273 99.2004299250418
2274 99.2049980974449
2275 99.209140877102
2276 99.2038373248221
2277 99.1850864247744
2278 99.156854496392
2279 99.1268820826433
2280 99.0997909810356
2281 99.0745022555201
2282 99.0478747323722
2283 99.0201104414373
2284 98.9961398270864
2285 98.9820609723116
2286 98.9804213402107
2287 98.9885281763578
2288 99.0007257401468
2289 99.0121579968072
2290 99.0210065279899
2291 99.0281218467241
2292 99.0354647225642
2293 99.0451427150975
2294 99.0593006089625
2295 99.0795090459106
2296 99.1053213420916
2297 99.1334552659329
2298 99.1593459154129
2299 99.179979434319
2300 99.1952676672476
2301 99.2066511146076
2302 99.2150515914971
2303 99.2207274147162
2304 99.224523977237
2305 99.2282378273636
2306 99.2332718141303
2307 99.2395818459926
2308 99.2459858202688
2309 99.2510000955723
2310 99.2528075076398
2311 99.2494787190676
2312 99.2407052691647
2313 99.2290734331712
2314 99.2179963362454
2315 99.2073142202308
2316 99.1923110074215
2317 99.1677896776066
2318 99.1324675413308
2319 99.0878207474603
2320 99.0332636446336
2321 98.9662170586994
2322 98.8917829995847
2323 98.8320282742014
2324 98.818790595139
2325 98.8720134334116
2326 98.9834978968265
2327 99.120932677102
2328 99.2459694844088
2329 99.3326042681841
2330 99.3756652682262
2331 99.3862597801631
2332 99.3805511994057
2333 99.3711136958055
2334 99.3652428226277
2335 99.3662608007378
2336 99.373413080155
2337 99.3824263549624
2338 99.3863729055932
2339 99.378520232641
2340 99.3561898861585
2341 99.3269030817876
2342 99.3087794708964
2343 99.3196511181519
2344 99.3613191342782
2345 99.4160066996255
2346 99.461881480725
2347 99.4906501860286
2348 99.5079025795575
2349 99.5214938078494
2350 99.5343362045514
2351 99.544982188954
2352 99.5525649380692
2353 99.5605898161056
2354 99.574641607043
2355 99.5932377561841
2356 99.6041933633535
2357 99.5970654899737
2358 99.5756729336013
2359 99.5531417479311
2360 99.5388126020449
2361 99.5369751462531
2362 99.5520827096636
2363 99.5859811852774
2364 99.6321417258667
2365 99.6772001299611
2366 99.7118139860205
2367 99.7362592791553
2368 99.7540361303832
2369 99.7645617720791
2370 99.7642790561669
2371 99.7524145529058
2372 99.7333928168598
2373 99.714416125614
2374 99.7018843379482
2375 99.6992653673112
2376 99.7063725592625
2377 99.7196554634097
2378 99.733682953049
2379 99.7433589454842
2380 99.7455862626902
2381 99.7397208638448
2382 99.7273296799783
2383 99.711822280465
2384 99.6976839146883
2385 99.6888686114477
2386 99.6868680779568
2387 99.6898375614703
2388 99.6937749249518
2389 99.6952440268464
2390 99.6937516214706
2391 99.6918453679962
2392 99.6925738631416
2393 99.6962168666529
2394 99.6992487141603
2395 99.6968825555875
2396 99.6871529584931
2397 99.6726293400039
2398 99.6580096116377
2399 99.6461347592529
2400 99.6365897573112
2401 99.6279609065916
2402 99.6205618844068
2403 99.6161093526432
2404 99.61475272628
2405 99.6132647300092
2406 99.607034952082
2407 99.5942133493578
2408 99.5778472946434
2409 99.5637871602044
2410 99.5562179105131
2411 99.5547056614472
2412 99.5550456976868
2413 99.5528983510161
2414 99.547121386492
2415 99.5401965856314
2416 99.5356493897662
2417 99.5349560192541
2418 99.5368542761236
2419 99.5395807520898
2420 99.5434462518312
2421 99.5506406123768
2422 99.5621323882906
2423 99.5749528850899
2424 99.5831495466546
2425 99.5820663388432
2426 99.5722224244888
2427 99.5594094404241
2428 99.5510216607389
2429 99.5515460569993
2430 99.5602859582046
2431 99.5724241112253
2432 99.5823452881726
2433 99.586893704272
2434 99.5864594172561
2435 99.5834634169196
2436 99.5798730561346
2437 99.5759236310823
2438 99.5706484900642
2439 99.5630241252996
2440 99.5525689464966
2441 99.5395276599457
2442 99.525123314803
2443 99.5114580126116
2444 99.5004694769587
2445 99.4927087047656
2446 99.4875124491503
2447 99.4846338291776
2448 99.4853062369952
2449 99.4910903619581
2450 99.5015225466495
2451 99.5131686772566
2452 99.5212356143354
2453 99.5223181476294
2454 99.5160876867251
2455 99.5050893045512
2456 99.4933919559175
2457 99.4852036094226
2458 99.4839103172441
2459 99.4913194993192
2460 99.5069030201091
2461 99.527505528461
2462 99.548358144625
2463 99.5653303443594
2464 99.5767872469803
2465 99.5833272103792
2466 99.5858057191786
2467 99.5840044613697
2468 99.5773749480846
2469 99.566518948892
2470 99.5532101339837
2471 99.5389860560685
2472 99.5244277934514
2473 99.5101798786112
2474 99.4981145303849
2475 99.4906658838936
2476 99.4888283085425
2477 99.4911960845191
2478 99.4951903133488
2479 99.4989939659226
2480 99.5020899567916
2481 99.5042516879896
2482 99.5047173385836
2483 99.5028398447849
2484 99.4994953094068
2485 99.4974143332138
2486 99.4995669490758
2487 99.5066668995703
2488 99.5158388462379
2489 99.5217018707869
2490 99.5193200712704
2491 99.5070818898864
2492 99.4876321820966
2493 99.466402918678
2494 99.4489434999645
2495 99.4387840375739
2496 99.4366786571702
2497 99.4409180859029
2498 99.4481377700522
2499 99.4544930799411
2500 99.4571197369725
2501 99.4552650853241
2502 99.4503619064089
2503 99.4451179594749
2504 99.4423612070039
2505 99.4440497895405
2506 99.4503414904406
2507 99.4589710281004
2508 99.4658220930696
2509 99.4669452595182
2510 99.4607282062048
2511 99.4485539095871
2512 99.4337566703667
2513 99.4200448505902
2514 99.4102021573186
2515 99.4049818115519
2516 99.4024548636512
2517 99.3988761072077
2518 99.3912485734894
2519 99.3796397228367
2520 99.3669419102754
2521 99.3563118371207
2522 99.348990620017
2523 99.3444241856631
2524 99.3416777203907
2525 99.3399638044607
2526 99.3380234365941
2527 99.334191180111
2528 99.3281393606334
2529 99.3224934551373
2530 99.3216290551266
2531 99.3277412844318
2532 99.3378429156808
2533 99.3452779546551
2534 99.3449968711333
2535 99.3376915440829
2536 99.3287321924958
2537 99.3231215805328
2538 99.3215960532208
2539 99.3212827671637
2540 99.3192216463627
2541 99.314514553908
2542 99.3073470960471
2543 99.2970696639583
2544 99.2822377780724
2545 99.2627349667565
2546 99.2414885223725
2547 99.2235728184465
2548 99.2129675192968
2549 99.2094337500426
2550 99.2081704343238
2551 99.2029723110648
2552 99.1907889567957
2553 99.1741430017657
2554 99.1594166760485
2555 99.1524284712299
2556 99.15479970122
2557 99.1635100069084
2558 99.1732389916679
2559 99.1793666112671
2560 99.1798100242317
2561 99.1750988592807
2562 99.1671247890614
2563 99.1576283495186
2564 99.1475171804439
2565 99.1372609300885
2566 99.1275124503507
2567 99.1190505839492
2568 99.112203721282
2569 99.1065758078149
2570 99.1012634285915
2571 99.0949943518702
2572 99.0860785784693
2573 99.0729478562918
2574 99.0555833997123
2575 99.0365463294882
2576 99.01997313847
2577 99.0088222664825
2578 99.0027513546041
2579 98.9986209699194
2580 98.9930983442046
2581 98.9850153910994
2582 98.9757912221504
2583 98.9681492926409
2584 98.9642918627484
2585 98.9643238455658
2586 98.9654681691481
2587 98.9629746764418
2588 98.9531469117564
2589 98.9367574624201
2590 98.9194680251554
2591 98.9077164865596
2592 98.9030949664215
2593 98.9005494915795
2594 98.8924535281012
2595 98.874794509959
2596 98.8497791964906
2597 98.8231696050147
2598 98.7997919290717
2599 98.7813845991084
2600 98.7674767633162
2601 98.7569942741326
2602 98.7486801726016
2603 98.7406553596161
2604 98.7305361204272
2605 98.7166244636607
2606 98.6991880289668
2607 98.6803969172788
2608 98.6626308573759
2609 98.6466345318903
2610 98.6314442081828
2611 98.6161778662646
2612 98.60144970322
2613 98.5883741225294
2614 98.5761311706769
2615 98.5612780851694
2616 98.540322917525
2617 98.5132991802496
2618 98.4847500177118
2619 98.461086547976
2620 98.4465539704888
2621 98.4406912733328
2622 98.4385501457154
2623 98.4332722515138
2624 98.419710938598
2625 98.3971840522657
2626 98.3695629325584
2627 98.3425708503117
2628 98.320346883166
2629 98.3037263031294
2630 98.2908505566869
2631 98.2788779872864
2632 98.2655401674901
2633 98.2502184154864
2634 98.2344085921388
2635 98.2210704974106
2636 98.21283509958
2637 98.2102930077685
2638 98.2118579478278
2639 98.2152655401329
2640 98.2191879853251
2641 98.223551138337
2642 98.2286710027542
2643 98.2344102177968
2644 98.240131677678
2645 98.2451171704172
2646 98.248758663141
2647 98.250491853274
2648 98.2500397149106
2649 98.2480805328188
2650 98.2464841873965
2651 98.2472918007986
2652 98.2510561758134
2653 98.2563382604236
2654 98.2612248404816
2655 98.2654198302648
2656 98.2705831465692
2657 98.2785004768512
2658 98.2892042566436
2659 98.3012194862217
2660 98.313621122963
2661 98.3275455764379
2662 98.3454409026323
2663 98.368696839182
2664 98.3957726477314
2665 98.422404395158
2666 98.4438364853052
2667 98.4576257455799
2668 98.4651281731783
2669 98.4705389316239
2670 98.4780408631203
2671 98.4891397452722
2672 98.5022141700523
2673 98.5144336343204
2674 98.5241893820976
2675 98.5319907906355
2676 98.539488101544
2677 98.5479616395844
2678 98.5575902609685
2679 98.5675619038393
2680 98.5763873909575
2681 98.5822872812931
2682 98.5840444232784
2683 98.5821199995227
2684 98.578923467224
2685 98.5775155310084
2686 98.5796380887287
2687 98.5848488121734
2688 98.5914675901514
2689 98.5982631180768
2690 98.6053111799045
2691 98.6134950273051
2692 98.6232921047416
2693 98.6338618189285
2694 98.6431922546673
2695 98.64940257853
2696 98.6522563758977
2697 98.6533508726272
2698 98.6544710295355
2699 98.6556570537277
2700 98.6551384929846
2701 98.651251201824
2702 98.6440926874236
2703 98.6350748934569
2704 98.6252222176029
2705 98.614470524842
2706 98.6026175351215
2707 98.5903885057722
2708 98.5792285972379
2709 98.5702898491626
2710 98.5638564858286
2711 98.5594206379098
2712 98.5557863899237
2713 98.5511670232394
2714 98.5438894812701
2715 98.5335711732258
2716 98.5215084942378
2717 98.5094812880201
2718 98.4979915882995
2719 98.4857810393878
2720 98.4711406677654
2721 98.4536387577286
2722 98.434633057134
2723 98.4163445726113
2724 98.4005513844546
2725 98.387898149919
2726 98.3779385898274
2727 98.3695219969845
2728 98.3613098324888
2729 98.3524530241103
2730 98.3432373560632
2731 98.3350953019572
2732 98.3295680636247
2733 98.3267820806807
2734 98.3248454038836
2735 98.3210540323853
2736 98.3140696094339
2737 98.305070155354
2738 98.296730098477
2739 98.2910207753936
2740 98.287949702
2741 98.2862886952763
2742 98.2853140188538
2743 98.2856780461373
2744 98.2885104888498
2745 98.2936529386967
2746 98.2988822353984
2747 98.3011572700571
2748 98.2989354300246
2749 98.2933339807204
2750 98.2868823604293
2751 98.2811129248956
2752 98.2755078817044
2753 98.2686960131178
2754 98.2601321225211
2755 98.2501322241112
2756 98.2385643876274
2757 98.2244417905951
2758 98.2074028430236
2759 98.1891978243756
2760 98.1728013145939
2761 98.1596098959033
2762 98.1477988659434
2763 98.1338237526468
2764 98.1154463348759
2765 98.0930154541441
2766 98.0680345912878
2767 98.041268344651
2768 98.012723615236
2769 97.9829566707426
2770 97.9533405276972
2771 97.9245732222358
2772 97.8954203401203
2773 97.8636774088952
2774 97.8285477524911
2775 97.7916619270786
2776 97.755325242845
2777 97.7196285236303
2778 97.6813517167636
2779 97.6359025573946
2780 97.5807032559672
2781 97.5171234625396
2782 97.4493806156356
2783 97.3815952835787
2784 97.315777726505
2785 97.2522089971586
2786 97.1908493667626
2787 97.131435991869
2788 97.0721371940387
2789 97.0090997641292
2790 96.9384456868225
2791 96.8590852702755
2792 96.7733980114972
2793 96.685225710613
2794 96.5974783059089
2795 96.5113529872512
2796 96.4266998138073
2797 96.3421553556054
2798 96.2551261869874
2799 96.1627061000242
2800 96.063349271429
2801 95.9575683398054
2802 95.8467051432642
2803 95.7311074729474
2804 95.609754240409
2805 95.481539582967
2806 95.346468413185
2807 95.205349693736
2808 95.0585385446636
2809 94.9052767666663
2810 94.7441513210421
2811 94.5737444467696
2812 94.3925890415648
2813 94.1987997203282
2814 93.990328110821
2815 93.765819242191
2816 93.5248742193911
2817 93.2669265210854
2818 92.989670702023
2819 92.6888809523496
2820 92.3601219353698
2821 92.0006353403176
2822 91.6092185721177
2823 91.1839775562557
2824 90.7201753669774
2825 90.2102938039222
2826 89.6459863957322
2827 89.01959474054
2828 88.3235901319305
2829 87.5486039888508
2830 86.6818252583662
2831 85.7063969977935
2832 84.6008923941003
2833 83.3382196179005
2834 81.8848045783751
2835 80.2011701310634
2836 78.2432214383896
2837 75.9622050954298
2838 73.3033241899939
2839 70.2070458626995
2840 66.6179838617229
2841 62.5017457867482
2842 57.8661070012524
2843 52.7859409123883
2844 47.4371752681666
2845 42.1379781877611
2846 37.3699706677299
2847 33.7317215334936
2848 31.7973474570413
2849 31.9197526066292
2850 34.0808304235098
2851 37.8847285579204
2852 42.705402457652
2853 47.9023681893772
2854 52.9885732972315
2855 57.6872044209016
2856 61.8942702058956
2857 65.6059510074117
2858 68.8586855597155
2859 71.6965054335941
2860 74.1582265769964
2861 76.2744081690518
2862 78.0688633700319
2863 79.562258536855
2864 80.7756663955341
2865 81.7326070738664
2866 82.4594024683642
2867 82.9844091538959
2868 83.3367328796129
2869 83.5447885217954
2870 83.6346244704919
2871 83.627509973479
2872 83.5367896901122
2873 83.3655045682314
2874 83.1071101342373
2875 82.7501320630316
2876 82.284669253626
2877 81.7072660683054
2878 81.0222949088306
2879 80.2406220051906
2880 79.3771000598788
2881 78.4474229631471
2882 77.4646033465119
2883 76.4366154247979
2884 75.3671537235252
2885 74.2591525429344
2886 73.1179621009817
2887 71.9516579791689
2888 70.7694956823671
2889 69.5812859800265
2890 68.3979812735175
2891 67.2307695243882
2892 66.0873196666503
2893 64.9681585624758
2894 63.8673186435205
2895 62.7770215955413
2896 61.6914508105125
2897 60.6055897880411
2898 59.5106284604424
2899 58.3908667745666
2900 57.2248193029655
2901 55.9885799412549
2902 54.6579640823606
2903 53.2078778348318
2904 51.6106029027341
2905 49.8358286144775
2906 47.8538247387885
2907 45.6423193279555
2908 43.1959217254491
2909 40.5375536861637
2910 37.7314145386622
2911 34.8954011144193
2912 32.2061773533411
2913 29.8869313894599
2914 28.1725425036198
2915 27.259156484922
2916 27.257048893565
2917 28.1664301301422
2918 29.8851848166579
2919 32.2422736730943
2920 35.0410924432733
2921 38.0973231149402
2922 41.2621782860001
2923 44.4295733345769
2924 47.5312462378785
2925 50.5268857563599
2926 53.3954646437375
2927 56.1301209198594
2928 58.7347941244411
2929 61.2197846790789
2930 63.5960298934464
2931 65.8706365992335
2932 68.0460327577274
2933 70.1222414223037
2934 72.099431475314
2935 73.9783427693184
2936 75.758819166988
2937 77.4387608115951
2938 79.0152980277957
2939 80.487507904631
2940 81.8580473389011
2941 83.1317152048366
2942 84.3116613007081
2943 85.3961595351091
2944 86.3785797836899
2945 87.2508480771009
2946 88.0081584381272
2947 88.6519478916298
2948 89.1896382280572
2949 89.6321954802554
2950 89.992025064066
2951 90.2827330520063
2952 90.5198235396247
2953 90.7202641071505
2954 90.9004861857863
2955 91.0745671440675
2956 91.254022853266
2957 91.4481615138522
2958 91.6630104626357
2959 91.8992543613398
2960 92.1522139991528
2961 92.4155820679744
2962 92.686343858097
2963 92.9662634820465
2964 93.2583737916456
2965 93.5618680924538
2966 93.870281522782
2967 94.1744910551158
2968 94.4676164287607
2969 94.7476605725957
2970 95.0162436191716
2971 95.2752156211338
2972 95.52425619448
2973 95.761119646596
2974 95.983643627385
2975 96.1912454821644
2976 96.3845082073006
2977 96.5636998123945
2978 96.7282654882561
2979 96.8779854965835
2980 97.0141225294333
2981 97.1386770844826
2982 97.2525160877761
2983 97.3551438707298
2984 97.4469744731666
2985 97.5312650399035
2986 97.6126236773734
2987 97.6932101286184
2988 97.7709863650905
2989 97.8420992335582
2990 97.9045097859068
2991 97.9589469682426
2992 98.0072814517856
2993 98.0514440667084
2994 98.0939714848838
2995 98.1378636970411
2996 98.1842769520186
2997 98.2305227054266
2998 98.271647362898
2999 98.3047037040502
3000 98.3312011735489
3001 98.3551551063915
3002 98.3791926923173
3003 98.4029033541426
3004 98.4244734550797
3005 98.443127781222
3006 98.4599935193839
3007 98.4773577642727
3008 98.4974110454338
3009 98.5209956985313
3010 98.5467380868843
3011 98.5715799836466
3012 98.5930953485368
3013 98.6116752292199
3014 98.6298695669878
3015 98.6490941155881
3016 98.6674780924311
3017 98.6817877988856
3018 98.6914461590945
3019 98.6997868332147
3020 98.7108644873078
3021 98.7255263693325
3022 98.7411072154224
3023 98.7545203154706
3024 98.7648027176878
3025 98.772656395459
3026 98.7785481033034
3027 98.7821553417804
3028 98.7834696147054
3029 98.7836546419428
3030 98.7845087571406
3031 98.7873769653468
3032 98.7927925220034
3033 98.8009093579729
3034 98.8118548867349
3035 98.82553350739
3036 98.8412977808155
3037 98.8580745894536
3038 98.874942356276
3039 98.8916132013715
3040 98.9083396936939
3041 98.9253242572334
3042 98.942217525356
3043 98.9582465850862
3044 98.9728630978573
3045 98.9861723863746
3046 98.9985956115862
3047 99.010162788172
3048 99.0204499117244
3049 99.0294591708621
3050 99.0383175598547
3051 99.0484997958886
3052 99.0600913127558
3053 99.0712838106147
3054 99.080222732614
3055 99.0873258862802
3056 99.0951016485041
3057 99.1052547650047
3058 99.1163525727361
3059 99.1249224574941
3060 99.1288478487169
3061 99.1294590961956
3062 99.1305935452286
3063 99.135976236974
3064 99.1468595076572
3065 99.1608336033309
3066 99.1725274059856
3067 99.1767987955604
3068 99.172837582589
3069 99.1652508231659
3070 99.1602056601996
3071 99.1601921046328
3072 99.1629919930975
3073 99.165695884783
3074 99.1687278158108
3075 99.1752416793359
3076 99.1871972095093
3077 99.2030679247507
3078 99.2193498267905
3079 99.2333355595774
3080 99.2439660958231
3081 99.2507641647099
3082 99.2531398211799
3083 99.2513205055849
3084 99.247762508442
3085 99.2469822599026
3086 99.253027392875
3087 99.2662135938679
3088 99.2822254850848
3089 99.2951903107034
3090 99.3024463099017
3091 99.3064512136979
3092 99.3118247521501
3093 99.3205397335735
3094 99.3301216545257
3095 99.3363463377321
3096 99.3374135527441
3097 99.3357177399659
3098 99.3361259150514
3099 99.3425455485286
3100 99.3551624582492
3101 99.3699483642883
3102 99.3810325192402
3103 99.3848180882364
3104 99.3828186410102
3105 99.3805807646318
3106 99.3834943996235
3107 99.3933360003044
3108 99.4084846954448
3109 99.4267013993676
3110 99.4468195053883
3111 99.4676227259351
3112 99.486112612158
3113 99.4982639898628
3114 99.5020614832122
3115 99.4994119357247
3116 99.4946343894415
3117 99.4912640159173
3118 99.4905978538201
3119 99.4927477006209
3120 99.4978364885218
3121 99.5056193843613
3122 99.5147571259951
3123 99.5235722642298
3124 99.531588246238
3125 99.5395532535216
3126 99.5476454142539
3127 99.5542416430285
3128 99.5570053491761
3129 99.555020264511
3130 99.5494964051797
3131 99.5425846004442
3132 99.535990416913
3133 99.5307370861224
3134 99.5277209243962
3135 99.5279961452916
3136 99.5323108556779
3137 99.5401548636705
3138 99.5490595503036
3139 99.5551539915736
3140 99.5552994748396
3141 99.5493770349582
3142 99.5404933617816
3143 99.5326749421621
3144 99.528256961234
3145 99.5272106986349
3146 99.5281215680638
3147 99.5290010557708
3148 99.5274970072879
3149 99.5217914733558
3150 99.512526009862
3151 99.5037887160109
3152 99.5012271689112
3153 99.5082371569072
3154 99.5234668637101
3155 99.5417710930694
3156 99.5575770738174
3157 99.5677431621684
3158 99.5719092713104
3159 99.5708565542676
3160 99.5651454855283
3161 99.5556758123584
3162 99.5452615932936
3163 99.5385272345558
3164 99.5389073496796
3165 99.5451462801781
3166 99.551220880039
3167 99.5506514631157
3168 99.5416500149665
3169 99.5284883633904
3170 99.5179714986884
3171 99.5142806153266
3172 99.5165076786478
3173 99.5204534903559
3174 99.5225408070786
3175 99.5221393508446
3176 99.5204811186129
3177 99.51795202241
3178 99.5132269750944
3179 99.505423019209
3180 99.4965454373639
3181 99.490782031639
3182 99.4909071262506
3183 99.4956430818126
3184 99.5008546280042
3185 99.503253069173
3186 99.5027667915399
3187 99.5014936609197
3188 99.500892414878
3189 99.5004288490521
3190 99.4989529277894
3191 99.497000521859
3192 99.4971141648743
3193 99.5012967639646
3194 99.507990788573
3195 99.512041073879
3196 99.5084161448396
3197 99.4965817704287
3198 99.4815370311062
3199 99.4706555931598
3200 99.4691905876864
3201 99.4777772973459
3202 99.4928012868322
3203 99.5084474867541
3204 99.5192147016358
3205 99.5222507836911
3206 99.5187190478674
3207 99.513233480189
3208 99.5112092622342
3209 99.5153965814168
3210 99.5237946745005
3211 99.5307576519702
3212 99.5310944417976
3213 99.52431458335
3214 99.5153307009187
3215 99.510569729866
3216 99.5128428219262
3217 99.5198507572814
3218 99.527418203573
3219 99.5334543497962
3220 99.5383578826813
3221 99.5422963502287
3222 99.5434464028044
3223 99.5394208990071
3224 99.5296914750648
3225 99.5159916426123
3226 99.500975570191
3227 99.4875173039697
3228 99.4790576387768
3229 99.478893158909
3230 99.4876554054034
3231 99.5017041867226
3232 99.5152571002004
3233 99.524821173211
3234 99.5313287217537
3235 99.537726131814
3236 99.5448852387413
3237 99.550420440656
3238 99.5515103955508
3239 99.5484403812491
3240 99.5449989035805
3241 99.5452140880338
3242 99.5496102216652
3243 99.5546762427155
3244 99.556150708205
3245 99.5529188491731
3246 99.5475705722066
3247 99.543148663897
3248 99.5398334334446
3249 99.5352662013834
3250 99.527812667021
3251 99.5187726829228
3252 99.5111755435976
3253 99.5069190222709
3254 99.5054963317799
3255 99.5051975889358
3256 99.5049711666676
3257 99.5050913181574
3258 99.5064947219843
3259 99.5096614418898
3260 99.5138012122613
3261 99.5169051745786
3262 99.5169866827617
3263 99.513874881721
3264 99.5099218915637
3265 99.5085254724004
3266 99.5114178740002
3267 99.5170698122008
3268 99.5216157303192
3269 99.5213790330443
3270 99.5148761190996
3271 99.5031517884208
3272 99.4889499697955
3273 99.4756781007664
3274 99.4663162613325
3275 99.4620168127617
3276 99.4610252783467
3277 99.4593693866229
3278 99.4535761732008
3279 99.4432440085373
3280 99.4308422599352
3281 99.4189177865353
3282 99.4078693534708
3283 99.396737710722
3284 99.385717717387
3285 99.3770352750818
3286 99.3730344390462
3287 99.3737486317772
3288 99.3765391453767
3289 99.3777860509556
3290 99.3747986232614
3291 99.3667452023523
3292 99.35460063798
3293 99.3402507560307
3294 99.3249353959662
3295 99.3081824545667
3296 99.2887744828582
3297 99.2674504593274
3298 99.2485725008378
3299 99.2382373491505
3300 99.2398052425712
3301 99.2508507783863
3302 99.2645938750149
3303 99.2748509791674
3304 99.2804189787052
3305 99.2853145018079
3306 99.2948494909836
3307 99.3110035133066
3308 99.3309960040304
3309 99.3499740553546
3310 99.36492807199
3311 99.3760004818793
3312 99.3844384967252
3313 99.3902477696909
3314 99.3926317449286
3315 99.39257039647
3316 99.3940302657589
3317 99.4018485261155
3318 99.4182750955386
3319 99.4415377399685
3320 99.4672610189111
3321 99.4907565688039
3322 99.5084185101115
3323 99.5183776673266
3324 99.5209456563788
3325 99.518202581181
3326 99.5123227636397
3327 99.5042935168993
3328 99.4949547201421
3329 99.4871136970178
3330 99.4850098545154
3331 99.4902238575982
3332 99.4984687535289
3333 99.5020140976525
3334 99.4963097599214
3335 99.4840650243615
3336 99.4724925184568
3337 99.4668648466234
3338 99.4670188332276
3339 99.4694095165424
3340 99.4714357594299
3341 99.4736012939709
3342 99.4782876155907
3343 99.4868145830932
3344 99.4969839264112
3345 99.5028380637896
3346 99.4975973080054
3347 99.4787051583544
3348 99.4513150996342
3349 99.4265125845139
3350 99.4144843222624
3351 99.4176422250531
3352 99.429374226907
3353 99.4393592387715
3354 99.4408664063232
3355 99.4343321806279
3356 99.4254029263444
3357 99.4202471012905
3358 99.4219172620645
3359 99.4293547724062
3360 99.4385850092224
3361 99.4453030513754
3362 99.4478801960466
3363 99.4487448246051
3364 99.4523223336065
3365 99.460822137919
3366 99.4719928319634
3367 99.4813602507561
3368 99.4864908439662
3369 99.4886271343182
3370 99.4905047736734
3371 99.4935399884877
3372 99.4972824525498
3373 99.5004324672634
3374 99.5014405073854
3375 99.498815887925
3376 99.4924866709239
3377 99.4854691596853
3378 99.4831665552638
3379 99.4896227733278
3380 99.5038109437613
3381 99.5196267414656
3382 99.5297783029197
3383 99.5303432556446
3384 99.5227708657046
3385 99.5124778244658
3386 99.5053629244563
3387 99.5045952017632
3388 99.5097892986207
3389 99.5188838849894
3390 99.5306448826671
3391 99.5451543712758
3392 99.5618885355725
3393 99.5778008654151
3394 99.5880497246942
3395 99.5892248327836
3396 99.5822742826363
3397 99.5725641712169
3398 99.5668143342044
3399 99.5688744002956
3400 99.5772832832875
3401 99.5866655384776
3402 99.5921272637557
3403 99.5930333727221
3404 99.5926603506969
3405 99.5940422759821
3406 99.5963010853421
3407 99.5953433292718
3408 99.5881385011975
3409 99.5762684102044
3410 99.5656575592089
3411 99.5632391663106
3412 99.5732031179643
3413 99.594584282345
3414 99.6209898431358
3415 99.6432648515779
3416 99.6545710529868
3417 99.6545257763327
3418 99.648460000373
3419 99.6420869799421
3420 99.6368030992414
3421 99.630421537727
3422 99.6220493868466
3423 99.6149419580876
3424 99.6137787044719
3425 99.6197041420148
3426 99.628866806087
3427 99.6357197132281
3428 99.6371887115834
3429 99.6337061243892
3430 99.627249900416
3431 99.6194790481187
3432 99.6117214578873
3433 99.6055966703397
3434 99.6025523967072
3435 99.6026177666161
3436 99.6040632380847
3437 99.6047192342882
3438 99.6038736255566
3439 99.6031463327542
3440 99.605667352319
3441 99.6140376255984
3442 99.6282217588661
3443 99.6448784173842
3444 99.6592413647836
3445 99.6686728134986
3446 99.6748745304302
3447 99.6821653704643
3448 99.6927458104976
3449 99.7035109840134
3450 99.7080326238476
3451 99.7018226808598
3452 99.6857705066618
3453 99.6651918079484
3454 99.6461089410786
3455 99.6321094025654
3456 99.6236671154112
3457 99.6192747011501
3458 99.6169091227501
3459 99.615185437075
3460 99.614096195822
3461 99.614977601669
3462 99.6193744072914
3463 99.627371191
3464 99.6369098565865
3465 99.6450565106438
3466 99.6502626128891
3467 99.6534556111554
3468 99.6567938696608
3469 99.661313502856
3470 99.6659732390408
3471 99.6690591825974
3472 99.6702400219117
3473 99.67099425198
3474 99.6731906049693
3475 99.6776253988901
3476 99.6839634716803
3477 99.6917046560308
3478 99.7008803452119
3479 99.7118864923959
3480 99.7247944029366
3481 99.7385683382576
3482 99.7505893960333
3483 99.7571446522496
3484 99.7550878142644
3485 99.7437096646579
3486 99.7256515335227
3487 99.7065098175881
3488 99.69312927323
3489 99.6905799374967
3490 99.698916787067
3491 99.7123016512476
3492 99.722243064295
3493 99.7232096489476
3494 99.7160598191955
3495 99.7061168209279
3496 99.6977225276351
3497 99.6908017495442
3498 99.6827174987114
3499 99.6726261029353
3500 99.6631138709823
3501 99.657851378008
3502 99.6585951152269
3503 99.6646906235404
3504 99.6746991054666
3505 99.6876100599947
3506 99.7024003544656
3507 99.7172513697194
3508 99.7299348675303
3509 99.738894004478
3510 99.7435122230277
3511 99.7434496895538
3512 99.7385108815375
3513 99.7294926164665
3514 99.718540465665
3515 99.7079955002931
3516 99.6989790478763
3517 99.6916665970929
3518 99.6871234726586
3519 99.6882914264941
3520 99.6984910005916
3521 99.7187236471613
3522 99.7462245485882
3523 99.7752825569901
3524 99.7994925308219
3525 99.8139876896128
3526 99.8166998958576
3527 99.8085272194262
3528 99.7928332538129
3529 99.7745774485051
3530 99.7591261846488
3531 99.7509016890945
3532 99.7520461798725
3533 99.7613183252617
3534 99.7739869372697
3535 99.7835884665765
3536 99.7852792304456
3537 99.7787034985492
3538 99.7679312801469
3539 99.7583526648086
3540 99.753220168102
3541 99.7524710100045
3542 99.7540697200904
3543 99.7561375796872
3544 99.7581210717058
3545 99.7604683961878
3546 99.7635251701546
3547 99.7668677652685
3548 99.7697219473734
3549 99.7715632564029
3550 99.7717497520662
3551 99.7691482624322
3552 99.7633293792796
3553 99.756350273101
3554 99.7522678053735
3555 99.7540659337451
3556 99.7613066306152
3557 99.7710628911948
3558 99.7805014414092
3559 99.7878541100865
3560 99.7912462840789
3561 99.7883315300636
3562 99.7787424851952
3563 99.7666323819002
3564 99.7592129476204
3565 99.7617727479898
3566 99.7734933859375
3567 99.7872965467687
3568 99.7943444737452
3569 99.7908214507538
3570 99.7808145594395
3571 99.7721280237484
3572 99.7702458437731
3573 99.7756304968011
3574 99.7846372235004
3575 99.7925656096108
3576 99.7965749459548
3577 99.7963789248463
3578 99.7929507496393
3579 99.7875042702604
3580 99.7817043188847
3581 99.7776389925641
3582 99.7763614242273
3583 99.7765410458294
3584 99.7753018422693
3585 99.7709762121344
3586 99.7651796569458
3587 99.7617691531444
3588 99.7620958704281
3589 99.7619632084952
3590 99.7564521820824
3591 99.7461694222506
3592 99.7361173806479
3593 99.7301798666144
3594 99.7272989753444
3595 99.7222284912288
3596 99.710884115714
3597 99.6951987491695
3598 99.6813572861311
3599 99.6732070616955
3600 99.6682692521012
3601 99.6606398628174
3602 99.6474493989491
3603 99.6317177999767
3604 99.6190350269119
3605 99.6128446148223
3606 99.6130746320681
3607 99.617820417341
3608 99.6248306035717
3609 99.6314936304853
3610 99.6354128771362
3611 99.6363456501409
3612 99.6367299698923
3613 99.639549851422
3614 99.6457248709939
3615 99.6536953530695
3616 99.6617260773995
3617 99.6700326403325
3618 99.6803220583476
3619 99.6932202025818
3620 99.7059193966183
3621 99.7139367726222
3622 99.7158455793676
3623 99.7142446125729
3624 99.7124820082348
3625 99.7117383717899
3626 99.7106520822386
3627 99.7072630409821
3628 99.7022407662909
3629 99.6996013200085
3630 99.7008535176829
3631 99.7021791124198
3632 99.7010668193802
3633 99.6982985998938
3634 99.6944911238201
3635 99.6889611776923
3636 99.6814817920178
3637 99.6738634211706
3638 99.6690186873068
3639 99.6684745493761
3640 99.671308030647
3641 99.6754435063549
3642 99.6793759017766
3643 99.6824603054731
3644 99.6842344352135
3645 99.684202987299
3646 99.682128405385
3647 99.6781788392081
3648 99.672800647741
3649 99.6666633788872
3650 99.6602995925204
3651 99.6537775774286
3652 99.6476954818799
3653 99.6439162829518
3654 99.6447099752256
3655 99.6513337186984
3656 99.6622817774925
3657 99.6723610683471
3658 99.6756313096252
3659 99.6704959186949
3660 99.6603783008147
3661 99.6499944907053
3662 99.6426805048416
3663 99.6400687017384
3664 99.6424600628129
3665 99.6488229067422
3666 99.6569064457073
3667 99.6646502825809
3668 99.6720478519799
3669 99.6816082099568
3670 99.6951501970586
3671 99.7094317406126
3672 99.7188123337072
3673 99.7217135113532
3674 99.7206525165772
3675 99.7186648367989
3676 99.7163020755886
3677 99.711000925651
3678 99.7013419867443
3679 99.6902981517714
3680 99.6824695740664
3681 99.6805387938613
3682 99.6839437400064
3683 99.6895922468763
3684 99.6938935491771
3685 99.6945279481981
3686 99.6907741520436
3687 99.6828755806294
3688 99.6713626440377
3689 99.6572970720711
3690 99.6431265036831
3691 99.6326514255232
3692 99.6294197645042
3693 99.6344079144096
3694 99.6449650329865
3695 99.6560424734748
3696 99.6633120455044
3697 99.6663987860852
3698 99.6695038374898
3699 99.6782371304337
3700 99.6945473411938
3701 99.7135045279986
3702 99.7251042000352
3703 99.7217957407106
3704 99.7053203877617
3705 99.6847600768086
3706 99.6686583206912
3707 99.6594774756324
3708 99.6533984862029
3709 99.6442943608662
3710 99.629775865773
3711 99.6151108583729
3712 99.6099014407569
3713 99.6186415889349
3714 99.6367971382218
3715 99.6567530806973
3716 99.6736256751078
3717 99.6856506884266
3718 99.6926753801341
3719 99.6959120383536
3720 99.6982134652824
3721 99.7027809705213
3722 99.7105285329138
3723 99.719176761438
3724 99.7253195762359
3725 99.7268552746952
3726 99.722874041601
3727 99.7122735869132
3728 99.6943316305803
3729 99.6704541615655
3730 99.6442005371832
3731 99.6195279799312
3732 99.5995131106045
3733 99.5866617293065
3734 99.5838364155164
3735 99.5936734499077
3736 99.6153056758405
3737 99.6423597422795
3738 99.6671094452076
3739 99.685490040229
3740 99.6962350862214
3741 99.6976349170345
3742 99.6871512680123
3743 99.6653542935751
3744 99.6415599062433
3745 99.630244746081
3746 99.6339451172918
3747 99.6406468916914
3748 99.6401982538809
3749 99.6319186027244
3750 99.6228657701093
3751 99.6212577473671
3752 99.6265152951328
3753 99.6298396026359
3754 99.6265088114139
3755 99.6202614400969
3756 99.6172754558064
3757 99.6203375522292
3758 99.6277967190471
3759 99.6361658564895
3760 99.6433237647579
3761 99.649324591362
3762 99.654825855087
3763 99.6598412104554
3764 99.6637885383889
3765 99.6660982321205
3766 99.666307875857
3767 99.6638940087057
3768 99.6590040754782
3769 99.6532164793993
3770 99.6488436030996
3771 99.647010477678
3772 99.6468520923293
3773 99.6472861063544
3774 99.6487947472362
3775 99.6529168277655
3776 99.660490063953
3777 99.6704227015456
3778 99.6796970500582
3779 99.6843988065118
3780 99.6817052364822
3781 99.6722179107903
3782 99.6603413415728
3783 99.6518401094
3784 99.6503143101266
3785 99.6545823686091
3786 99.6589486315302
3787 99.657357821631
3788 99.6483520381386
3789 99.6360599818652
3790 99.6268041538232
3791 99.6244783535353
3792 99.6283464957585
3793 99.6348112339056
3794 99.6410961467177
3795 99.6473447946461
3796 99.6553938127338
3797 99.6654736561328
3798 99.6747091799296
3799 99.679300028558
3800 99.677518564939
3801 99.6709155195543
3802 99.6632958619631
3803 99.657427515364
3804 99.6530595150015
3805 99.6490110517004
3806 99.6451827597957
3807 99.6423531005666
3808 99.6406161283426
3809 99.6386019771022
3810 99.6349214055196
3811 99.6296767569088
3812 99.6243112073578
3813 99.6205160492619
3814 99.6196419464168
3815 99.6227317291881
3816 99.6298845647974
3817 99.6389998930806
3818 99.6467463124297
3819 99.6515574752787
3820 99.6550228732232
3821 99.6603404405364
3822 99.668280197055
3823 99.6752482799885
3824 99.6775718570318
3825 99.6754717417292
3826 99.6721597479561
3827 99.6711600816824
3828 99.6738232675196
3829 99.6787281788421
3830 99.6831307654061
3831 99.6845634062196
3832 99.681649953017
3833 99.674492047884
3834 99.6648162581277
3835 99.655479379504
3836 99.6494398762412
3837 99.6483720944108
3838 99.6512461251762
3839 99.6543533154642
3840 99.6539696755577
3841 99.6492302536695
3842 99.6421444541514
3843 99.6356019925713
3844 99.631636733351
3845 99.6312006452131
3846 99.6346822874956
3847 99.6417869056447
3848 99.6510221470642
3849 99.6598899335688
3850 99.6662678435914
3851 99.6697428716571
3852 99.6713393366516
3853 99.6721305053172
3854 99.6717037267087
3855 99.6687000083898
3856 99.6640964222799
3857 99.6606940835986
3858 99.6592593467734
3859 99.6583254031908
3860 99.6565898168461
3861 99.6546002074058
3862 99.6538762239959
3863 99.6551451982179
3864 99.6576617886936
3865 99.659842616357
3866 99.660259289138
3867 99.6585390975674
3868 99.6557404215414
3869 99.6538195286405
3870 99.653815687452
3871 99.6533372112398
3872 99.6485030070062
3873 99.6397617759879
3874 99.6328349730124
3875 99.6332256780692
3876 99.6407461236657
3877 99.6502079071274
3878 99.6565883167235
3879 99.658282853618
3880 99.6571136120565
3881 99.6563105294136
3882 99.6580852920688
3883 99.6637033054745
3884 99.6738025659734
3885 99.6863008760714
3886 99.6952730146603
3887 99.6946426771205
3888 99.683783569358
3889 99.6674524426576
3890 99.6512467318106
3891 99.6391369867408
3892 99.632618738636
3893 99.6296791937429
3894 99.626331258247
3895 99.6204017147441
3896 99.6128902768808
3897 99.6066487204804
3898 99.6044947536981
3899 99.607719409825
3900 99.6158996436262
3901 99.6281369122245
3902 99.643798702915
3903 99.6609067197438
3904 99.6745454654771
3905 99.6792461035053
3906 99.6739554798562
3907 99.6630429262025
3908 99.651896986899
3909 99.6429644567978
3910 99.6358613211871
3911 99.6298383267856
3912 99.6254342198549
3913 99.6241881935479
3914 99.6273995158819
3915 99.6352459072745
3916 99.6462752845525
3917 99.6572598652464
3918 99.6642088480251
3919 99.6649284674626
3920 99.6611753215786
3921 99.6575214507221
3922 99.6576061452069
3923 99.661317646586
3924 99.6652864610864
3925 99.6660400026613
3926 99.6629962466277
3927 99.6585506246871
3928 99.6554274061199
3929 99.6542990101289
3930 99.6542793265784
3931 99.6555125236996
3932 99.6602694456402
3933 99.6701659687529
3934 99.6828884697504
3935 99.6933279454262
3936 99.6979376734804
3937 99.697131095734
3938 99.6938207139363
3939 99.6905067099035
3940 99.6883365676353
3941 99.6885857006541
3942 99.6934382771527
3943 99.7036028553114
3944 99.7154039434265
3945 99.7224942484182
3946 99.7215537849815
3947 99.7155134567004
3948 99.711017256255
3949 99.712490549757
3950 99.7182368285375
3951 99.7224283433852
3952 99.7206110845874
3953 99.712954109404
3954 99.7030687422075
3955 99.6947450935766
3956 99.6896610782818
3957 99.6874385170502
3958 99.6871475764361
3959 99.6883985061629
3960 99.6910341863536
3961 99.6942389441834
3962 99.6964849978231
3963 99.6965670788875
3964 99.6945192106439
3965 99.6913136228005
3966 99.6878737797904
3967 99.6849012104153
3968 99.6837069617508
3969 99.6863257885142
3970 99.6937023548842
3971 99.7035035106169
3972 99.7104851231526
3973 99.7101284323467
3974 99.7026541901954
3975 99.6935226665357
3976 99.6896642425278
3977 99.6947179963283
3978 99.7072497622814
3979 99.7226958645705
3980 99.7363735966084
3981 99.7449104091867
3982 99.7459593230019
3983 99.7379330903778
3984 99.7208393406801
3985 99.6975159021206
3986 99.673816560483
3987 99.6568885935203
3988 99.6518941410195
3989 99.6588787925314
3990 99.6722430634572
3991 99.6840957170721
3992 99.6894907938858
3993 99.689105802953
3994 99.6869541495389
3995 99.6857451035414
3996 99.6847971728071
3997 99.682297071405
3998 99.6754138834401
3999 99.6743874468126
4000 99.6766904958515
