#Datum: 21.01.2016 16:19:44
#Quelle: pulver_b

#Daten:
#cm-1 %T
515 43.816376125482
516 44.1042652855362
517 44.4509377735935
518 46.2168652538046
519 49.3758824668244
520 53.0067267038323
521 56.1335886474728
522 58.2606240578839
523 59.4826494703558
524 60.22069051882
525 60.8522640102089
526 61.636965769557
527 62.4021029570012
528 63.2158307769619
529 63.9889891129388
530 64.476902836874
531 64.3562193419869
532 63.4809759451248
533 62.0715532530259
534 60.611876855883
535 59.5233442249413
536 58.8751690528141
537 58.351763675232
538 57.5069643021488
539 56.0982023469492
540 54.2443268614674
541 52.3546196575619
542 50.9636681491858
543 50.5735015944269
544 51.5016035428289
545 53.7371282396129
546 56.881170920007
547 60.2522716355006
548 63.1464258831122
549 65.123464636317
550 66.1372505642467
551 66.4268776922047
552 66.2866695978855
553 65.9064525217552
554 65.349068197785
555 64.5947893082753
556 63.5817269267656
557 62.2510967812624
558 60.6252993154459
559 58.8782033373052
560 57.3160829852472
561 56.2566583066138
562 55.8901387099904
563 56.2179297537326
564 57.097731834272
565 58.3432901605291
566 59.7958235694884
567 61.3300902247211
568 62.8306640649518
569 64.1898773201656
570 65.3344559800206
571 66.2469090412084
572 66.9570248820907
573 67.5120985245786
574 67.9477161099931
575 68.2719650978896
576 68.4674807373399
577 68.5110682821901
578 68.3972087857927
579 68.1445860238547
580 67.7828845600059
581 67.341107324081
582 66.8515863675841
583 66.3556974486618
584 65.8885257486207
585 65.4454615429842
586 64.9607151764646
587 64.3232969313347
588 63.424989831459
589 62.2056415328543
590 60.6644904131292
591 58.834359651684
592 56.7457895589409
593 54.4214056704188
594 51.9243227541588
595 49.4316097683966
596 47.2626450404886
597 45.8162922876112
598 45.4402491955492
599 46.3041527773579
600 48.3425700247727
601 51.2909044070153
602 54.7836965204262
603 58.4528039362735
604 61.9822364491066
605 65.1290853810736
606 67.7437138552256
607 69.791021604048
608 71.3401779437318
609 72.5076330030566
610 73.3896549621776
611 74.0374154596349
612 74.484462940232
613 74.7815987270778
614 74.9949155737985
615 75.1754791525951
616 75.3434394092044
617 75.5010638874294
618 75.6465928022055
619 75.7674291799442
620 75.833498071556
621 75.8178054445303
622 75.7280221348292
623 75.609938689008
624 75.5138704636158
625 75.4565942079892
626 75.414117951978
627 75.3452897088642
628 75.2174334283771
629 75.0135548507007
630 74.7250761643135
631 74.3439179000944
632 73.8618273212109
633 73.2750236365032
634 72.5861952386043
635 71.792971054753
636 70.860277671757
637 69.6962702960677
638 68.1705692172638
639 66.1992937096591
640 63.8644869468139
641 61.4775460521064
642 59.5041161750182
643 58.3680274349242
644 58.2708481210551
645 59.1636775831175
646 60.8591525577685
647 63.1391293703284
648 65.7545583124535
649 68.3755322565709
650 70.6277647627685
651 72.2321261669269
652 73.1066735819872
653 73.3362062006745
654 73.0730385523944
655 72.460075920477
656 71.5898254636638
657 70.4873760459688
658 69.1246621536174
659 67.4465897354841
660 65.3675672758638
661 62.7767904236582
662 59.65060004654
663 56.2021511002396
664 52.8450181497421
665 50.0402631112642
666 48.395755387852
667 49.0473933468858
668 53.2384393257136
669 59.8586687363371
670 65.6908333466367
671 69.5789711344915
672 72.2324416808994
673 74.2873443268057
674 75.9021747669225
675 77.0357912517493
676 77.7161724771414
677 78.0750531346193
678 78.238632247493
679 78.2740072974692
680 78.2151288782838
681 78.0837291783832
682 77.8862210839448
683 77.62025512462
684 77.2919698914678
685 76.9176406609574
686 76.5095227758069
687 76.0671674671998
688 75.5794015492464
689 75.0263626068011
690 74.3795543107028
691 73.6059195562405
692 72.6725902264685
693 71.5431281561454
694 70.1684506370831
695 68.4859845500963
696 66.4299261565616
697 63.9366202631078
698 60.9333472666114
699 57.3359026248966
700 53.1150919283624
701 48.4640757829103
702 43.987164243259
703 40.719568134834
704 39.8228220950271
705 42.0313654632728
706 47.1844466171241
707 54.2009604977984
708 61.5608166398925
709 67.9741596194635
710 72.8049227267649
711 76.0622313451214
712 78.1074256981034
713 79.3502436049839
714 80.0977902479229
715 80.5448580545062
716 80.8123850770064
717 80.972335415776
718 81.0576721819894
719 81.0762813102853
720 81.0318783614627
721 80.9383551740867
722 80.8160018871004
723 80.6770076383339
724 80.5190788403712
725 80.3334113418711
726 80.1163270294221
727 79.872190527519
728 79.6060634181608
729 79.3156834906461
730 78.9918106514649
731 78.6253756632233
732 78.2131697828423
733 77.7571141075729
734 77.2590766935085
735 76.7154924148932
736 76.1145911405205
737 75.4375842012513
738 74.663294702776
739 73.7728537900834
740 72.7498649063504
741 71.5747376314072
742 70.216834211889
743 68.6300186233564
744 66.7553670199252
745 64.5313312542494
746 61.9077310849917
747 58.8582702500544
748 55.3924110120151
749 51.5791949730364
750 47.5948510217886
751 43.7778515800639
752 40.6393615455824
753 38.7794513074943
754 38.7168274313734
755 40.7075591561331
756 44.642247484987
757 50.0595847869652
758 56.2537953055246
759 62.4357132617105
760 67.9140411962525
761 72.2518184145856
762 75.3360235299427
763 77.3248017421803
764 78.5075941424266
765 79.165569815471
766 79.501084771023
767 79.6385270791101
768 79.6531478380034
769 79.5915433452962
770 79.4791198395191
771 79.3256228233632
772 79.1330014394515
773 78.9009359522225
774 78.6269930183105
775 78.3044194092998
776 77.9218439072043
777 77.4654852446471
778 76.9213383143349
779 76.2754510090697
780 75.5128223900587
781 74.6151719340553
782 73.5546087158661
783 72.2818526997932
784 70.7202868807657
785 68.7895293127531
786 66.4703696387051
787 63.8824638068891
788 61.3123269274802
789 59.1452516577254
790 57.7209723494924
791 57.195348511244
792 57.4892614503605
793 58.3396357045664
794 59.4000523907379
795 60.3280149287238
796 60.8328617872331
797 60.6941542654704
798 59.7717108618306
799 58.0284904254331
800 55.5851819650073
801 52.8019332510634
802 50.3277802928368
803 49.0166899381857
804 49.6571757878541
805 52.6102594530026
806 57.5782182083698
807 63.684739486712
808 69.838615102174
809 75.1557550526415
810 79.1987816238726
811 81.9549598816557
812 83.6541822648598
813 84.584333444214
814 84.9903786548782
815 85.0503666321086
816 84.8849518564379
817 84.5717442367845
818 84.1580055646213
819 83.672361836869
820 83.1340358918736
821 82.5568825766069
822 81.9476849832866
823 81.3020424945529
824 80.6037704880617
825 79.8311217325107
826 78.9656898132327
827 77.9948580694074
828 76.9028084485326
829 75.6553750517604
830 74.1906772282285
831 72.4241628961381
832 70.2663567264575
833 67.6443571073792
834 64.5235862669858
835 60.9414938658654
836 57.068774233578
837 53.2840309104132
838 50.1970518480807
839 48.5404337571078
840 48.9172729524561
841 51.5125543200734
842 55.9443041812972
843 61.369988131892
844 66.804798905045
845 71.4721179108124
846 75.0006063840314
847 77.4036664188505
848 78.9164204676155
849 79.8191011123441
850 80.3325125179015
851 80.5949033524632
852 80.6836111352448
853 80.6440810107334
854 80.5090621189962
855 80.3064136878136
856 80.0593639358809
857 79.7841737372645
858 79.4900997330901
859 79.1836554067106
860 78.8741642870219
861 78.575372074377
862 78.3012505911814
863 78.0595922735029
864 77.8487243901319
865 77.6594314562761
866 77.4799720289378
867 77.300694503873
868 77.116119088846
869 76.9243486855279
870 76.7250813667669
871 76.5180342945751
872 76.3026444422345
873 76.0777671737016
874 75.8393481007314
875 75.57681534061
876 75.2722910275055
877 74.9048168170583
878 74.455150764809
879 73.9051226472458
880 73.2351993725882
881 72.4337153313276
882 71.5230957060526
883 70.5843878057674
884 69.749250096794
885 69.1502341052927
886 68.8587446280356
887 68.8542241761799
888 69.0411382549723
889 69.2920600468747
890 69.4846796836429
891 69.5209488744928
892 69.3371217692214
893 68.9117188476007
894 68.265259547088
895 67.4443195249871
896 66.4959207934234
897 65.4482076857711
898 64.307281556715
899 63.0661610065634
900 61.7153021881272
901 60.2484227110214
902 58.663888028347
903 56.963673432925
904 55.1494946792153
905 53.2163109106315
906 51.1465871027541
907 48.9111062984526
908 46.4794402909221
909 43.8376412216505
910 41.0080734441699
911 38.0687257288689
912 35.1714812141435
913 32.5543065584038
914 30.5329556611694
915 29.454957769109
916 29.6121486213106
917 31.1343462587133
918 33.9092186668357
919 37.5736205751257
920 41.5943860240716
921 45.413718512822
922 48.6004401448004
923 50.9449005635119
924 52.4661780634831
925 53.3452115104952
926 53.828502886014
927 54.1477795267621
928 54.4780318703978
929 54.9303202947552
930 55.5628398324864
931 56.3957328591074
932 57.4234337818161
933 58.624187559404
934 59.967378630872
935 61.4183823366406
936 62.9409959039572
937 64.4988888081437
938 66.057617346863
939 67.5870500603269
940 69.0627210397524
941 70.4653982248192
942 71.7798822762451
943 72.9944484928513
944 74.1011215605644
945 75.0958742312066
946 75.9780769923984
947 76.7495148474831
948 77.4138305959427
949 77.9768541211285
950 78.4472806530578
951 78.8363639026332
952 79.1556007710853
953 79.41294922234
954 79.6098117469619
955 79.741095567513
956 79.7985179585712
957 79.7744193270292
958 79.6623553729968
959 79.4527992345234
960 79.1253429205098
961 78.6402483226273
962 77.9332240300243
963 76.9208207069891
964 75.5264841323584
965 73.7289862057091
966 71.6135152817136
967 69.389283228495
968 67.3502836674873
969 65.7953572229045
970 64.9528769278914
971 64.9419495972469
972 65.762389771669
973 67.2892871123424
974 69.2737529539577
975 71.3799249331045
976 73.2724358404087
977 74.7184888201924
978 75.6428674977468
979 76.1060495427528
980 76.2326775937077
981 76.1439492979333
982 75.9264881743764
983 75.6335586702576
984 75.2975238840649
985 74.9391950024326
986 74.5716216541527
987 74.2007459909842
988 73.8253482419819
989 73.4380998592562
990 73.0282329998134
991 72.5846572856825
992 72.0979200253966
993 71.5593125236246
994 70.9550172299503
995 70.257126810975
996 69.423828287982
997 68.4249022135195
998 67.2881036200357
999 66.1270808542399
1000 65.1052118388042
1001 64.338047081399
1002 63.8016626795248
1003 63.3236560881037
1004 62.6681215215631
1005 61.6487347374389
1006 60.1922036997608
1007 58.3330190308216
1008 56.1826071778398
1009 53.9211001305247
1010 51.8137301098023
1011 50.2097062645979
1012 49.4815037593254
1013 49.9056924349007
1014 51.5390585568155
1015 54.1647156516323
1016 57.3514219233892
1017 60.6017036011605
1018 63.5093951594665
1019 65.847799934777
1020 67.5637724840775
1021 68.7130350709973
1022 69.3912221068958
1023 69.6917791470324
1024 69.6905543300014
1025 69.4455591935073
1026 69.0055456085228
1027 68.4243020536929
1028 67.7720428920913
1029 67.1310583913856
1030 66.5705995019176
1031 66.1128459119867
1032 65.7143377210915
1033 65.2835698510394
1034 64.7353665504187
1035 64.0571406978845
1036 63.3478775471711
1037 62.8001230325171
1038 62.6271464470822
1039 62.9728361692075
1040 63.8551492362614
1041 65.172375106091
1042 66.7594966822428
1043 68.4523041805715
1044 70.1223391406877
1045 71.677387701715
1046 73.0493386681497
1047 74.1915775789862
1048 75.0877144878532
1049 75.7568512715764
1050 76.2440201210224
1051 76.6006137513127
1052 76.8688725630357
1053 77.0779349840544
1054 77.2469746720324
1055 77.387894292277
1056 77.5063710169064
1057 77.6044828524908
1058 77.6847832450248
1059 77.7513742363039
1060 77.8062839640783
1061 77.8459430714491
1062 77.8629635419916
1063 77.8511655920532
1064 77.8067438982696
1065 77.7231582064384
1066 77.5858773647451
1067 77.3740615935551
1068 77.0684280722132
1069 76.6581939952708
1070 76.1424602383493
1071 75.5278318992142
1072 74.8258549782941
1073 74.050415455423
1074 73.2131489512778
1075 72.3172805216304
1076 71.3531861390091
1077 70.2981674211548
1078 69.120407549702
1079 67.7874513878756
1080 66.2821960452969
1081 64.6275967775409
1082 62.9113108961686
1083 61.2904226923244
1084 59.9579112350068
1085 59.0724440520843
1086 58.68020238457
1087 58.6709546289214
1088 58.7981550605376
1089 58.7618876775467
1090 58.3253306976142
1091 57.4254152173013
1092 56.2411429641241
1093 55.1851002336442
1094 54.7921270928023
1095 55.5183415064461
1096 57.5303843253406
1097 60.6037619723001
1098 64.2048989620945
1099 67.718191837148
1100 70.6841342000829
1101 72.9194842134459
1102 74.4846225954081
1103 75.5659530911278
1104 76.3606551656209
1105 77.0145987111015
1106 77.6079023072384
1107 78.1647434864042
1108 78.6718025450049
1109 79.099269908417
1110 79.4195857592057
1111 79.6187001578332
1112 79.6982622935595
1113 79.6718793541759
1114 79.5585285594873
1115 79.3764943049812
1116 79.13837341983
1117 78.8486634399876
1118 78.5054019415869
1119 78.1048797933804
1120 77.6449937232051
1121 77.1245613540346
1122 76.5421482768182
1123 75.898570825491
1124 75.1986453333598
1125 74.4434375057885
1126 73.6140979070412
1127 72.657574307691
1128 71.4768349104357
1129 69.9232031907337
1130 67.8161059173204
1131 65.0452810913726
1132 61.7601642123725
1133 58.5160515132113
1134 56.1753730910387
1135 55.5071183723981
1136 56.7118213822375
1137 59.2381650822761
1138 62.0640720645447
1139 64.2464806055896
1140 65.3514752614414
1141 65.5191656575301
1142 65.2154123938971
1143 64.9001610867463
1144 64.8112331867618
1145 64.9284034607117
1146 65.0725362921978
1147 65.0494109172161
1148 64.7526632801791
1149 64.1826825115106
1150 63.3991070615619
1151 62.4628082214325
1152 61.4107676848889
1153 60.2652995195838
1154 59.0526419644521
1155 57.8110228244955
1156 56.5853753778484
1157 55.4152544511562
1158 54.3237549624594
1159 53.3136503395481
1160 52.3720911423556
1161 51.4783832095666
1162 50.6080601112548
1163 49.732918527619
1164 48.8222328523203
1165 47.8476105214172
1166 46.7878577204663
1167 45.6297847501764
1168 44.3661395430698
1169 42.995012980096
1170 41.5224065006995
1171 39.9654524005825
1172 38.3530520366018
1173 36.722990165398
1174 35.1163165027839
1175 33.5700167541959
1176 32.10980033962
1177 30.7468676675171
1178 29.4829202239751
1179 28.3236919815635
1180 27.2950839917283
1181 26.4533351527528
1182 25.8844381804622
1183 25.694302803499
1184 25.9932191693815
1185 26.8753672407803
1186 28.393573644208
1187 30.5357680366258
1188 33.2161693253944
1189 36.290596752029
1190 39.5914692855918
1191 42.9662928488308
1192 46.3033000353372
1193 49.5368675972792
1194 52.6356850000027
1195 55.5834794116409
1196 58.3628054048331
1197 60.9462780958618
1198 63.2916484339982
1199 65.3358851604635
1200 66.9911728266482
1201 68.152967748973
1202 68.7261662512771
1203 68.66176706122
1204 67.9860070027185
1205 66.8068297603973
1206 65.2946264939164
1207 63.6448377033882
1208 62.033729559368
1209 60.5781465254256
1210 59.3093461079644
1211 58.1706368358874
1212 57.0453171357459
1213 55.8116599163377
1214 54.4064376445674
1215 52.8687486420667
1216 51.3431881791728
1217 50.0439417495934
1218 49.2017589615616
1219 49.0189099149815
1220 49.6428645020656
1221 51.1523090983511
1222 53.5447344657858
1223 56.724710922917
1224 60.5031885942481
1225 64.6178139587203
1226 68.773712226315
1227 72.6934348868087
1228 76.1612167038119
1229 79.0500193300091
1230 81.3256812782502
1231 83.0293626012366
1232 84.2464252658006
1233 85.0742177866558
1234 85.599447477425
1235 85.888963567496
1236 85.9910172280686
1237 85.9416475335053
1238 85.7720073598783
1239 85.5141972827802
1240 85.2038423588252
1241 84.8780118463358
1242 84.5687638098309
1243 84.2955951160668
1244 84.0615571844749
1245 83.8549712862366
1246 83.6535626757508
1247 83.4263735545436
1248 83.1324192038629
1249 82.7181194115816
1250 82.115938100482
1251 81.2510488978868
1252 80.0708997193147
1253 78.6047161761381
1254 77.0225353515682
1255 75.6275047508991
1256 74.7408779801522
1257 74.532709346095
1258 74.9216854313006
1259 75.6260894859859
1260 76.3254678367242
1261 76.8066469512728
1262 76.9969558087783
1263 76.8973389772808
1264 76.5072995385011
1265 75.8108303414873
1266 74.8140080681025
1267 73.5808732018431
1268 72.2328447316294
1269 70.9167670971564
1270 69.7632593387756
1271 68.8498395523199
1272 68.1764469691368
1273 67.6619675701505
1274 67.1664079942565
1275 66.531275320255
1276 65.6228000314568
1277 64.3640495301293
1278 62.747398224844
1279 60.8264323519078
1280 58.6955564832424
1281 56.4703389375424
1282 54.2756324390486
1283 52.2369520024779
1284 50.4665230570696
1285 49.0417367649847
1286 47.9827298117249
1287 47.2407121326472
1288 46.7084422452409
1289 46.2574352730746
1290 45.7914958491093
1291 45.2911552056207
1292 44.8224521612878
1293 44.5009127879561
1294 44.4263991427205
1295 44.6210176420571
1296 45.0010295846708
1297 45.3966257328866
1298 45.611573912154
1299 45.4982319696688
1300 45.0174161457505
1301 44.2587410238203
1302 43.4127135757067
1303 42.7058597789487
1304 42.3281284575859
1305 42.3864958361522
1306 42.9023133465169
1307 43.8422844142653
1308 45.1570977277236
1309 46.8075567107712
1310 48.7729013870208
1311 51.0441461433323
1312 53.6061306353011
1313 56.4167388077658
1314 59.3983697302623
1315 62.4509022223487
1316 65.473555311861
1317 68.3740822337931
1318 71.0637151095236
1319 73.4576715577763
1320 75.4930242138885
1321 77.1500882437654
1322 78.4566007685476
1323 79.4740540217775
1324 80.2815360263997
1325 80.9648596681594
1326 81.606196747198
1327 82.2697330651772
1328 82.9879278101841
1329 83.7564651709134
1330 84.5420753369813
1331 85.3003953033627
1332 85.9947924958548
1333 86.6078494283327
1334 87.141190540753
1335 87.6062185968352
1336 88.0116244695898
1337 88.3551669075534
1338 88.6252261543733
1339 88.8116247613464
1340 88.9163832756051
1341 88.9550457971643
1342 88.9495384911753
1343 88.9184536773347
1344 88.8703179894768
1345 88.8039645909956
1346 88.7132665488278
1347 88.5900249532772
1348 88.4246489703824
1349 88.2083895402837
1350 87.9361654942437
1351 87.6041669391968
1352 87.2027262015044
1353 86.711538762251
1354 86.1031203115128
1355 85.3513472163462
1356 84.4365290549154
1357 83.3460891788954
1358 82.0713631345014
1359 80.6023003056024
1360 78.9286912741713
1361 77.0657608336694
1362 75.1043686074976
1363 73.228569873889
1364 71.6378627248085
1365 70.4363391591162
1366 69.6105709725964
1367 69.0942915656542
1368 68.8333370523326
1369 68.803490960786
1370 68.9963887077333
1371 69.4141523603273
1372 70.0841268919439
1373 71.0607803752011
1374 72.3865825696514
1375 74.0322897600028
1376 75.8860068629234
1377 77.8083468367286
1378 79.6769023133045
1379 81.3888889856134
1380 82.8633200050694
1381 84.0608386741176
1382 84.9937719416746
1383 85.7077463445312
1384 86.2502548610906
1385 86.6507214880482
1386 86.9185841971064
1387 87.0548963167116
1388 87.0712047337477
1389 87.0001856709754
1390 86.8843767750152
1391 86.7477908912441
1392 86.5764826458079
1393 86.3253543594845
1394 85.9530872631177
1395 85.4629921367457
1396 84.8946708272126
1397 84.2651814255655
1398 83.5449542571268
1399 82.7031390256518
1400 81.7599806420282
1401 80.7733280153156
1402 79.7709365218372
1403 78.7183513993635
1404 77.5663665849479
1405 76.331673789128
1406 75.1183879464939
1407 74.0453859812346
1408 73.1664373827918
1409 72.4585799399904
1410 71.8525946674024
1411 71.2592761659588
1412 70.5907784119512
1413 69.7885261811038
1414 68.8433691186514
1415 67.7896946425643
1416 66.6872868235242
1417 65.6405315620539
1418 64.8670986307681
1419 64.6929384668995
1420 65.3342389648199
1421 66.7117741543451
1422 68.5785228284174
1423 70.6842208575063
1424 72.7756038625688
1425 74.590084399835
1426 75.9553255980853
1427 76.8690971588127
1428 77.4325699639225
1429 77.7311782757351
1430 77.8037059592395
1431 77.6893557698989
1432 77.4610242376306
1433 77.1991598595198
1434 76.9530070380647
1435 76.7425280584524
1436 76.5917817681879
1437 76.5545967893706
1438 76.6840229446525
1439 76.9859820154859
1440 77.4174594595022
1441 77.8983575974466
1442 78.3188080520021
1443 78.5587078334991
1444 78.5160116192483
1445 78.1052697537191
1446 77.2370439179802
1447 75.8444051247128
1448 73.9459653498166
1449 71.6300746761487
1450 68.9655321235416
1451 65.9896542848379
1452 62.8084833212515
1453 59.6554613300473
1454 56.8343449658211
1455 54.6579437094207
1456 53.4744910650936
1457 53.6299222344765
1458 55.1085044079452
1459 57.3671750062661
1460 59.9115841427841
1461 62.6547125201374
1462 65.7435777760383
1463 69.3334552458169
1464 73.3891232188312
1465 77.5355148780885
1466 81.1881655144567
1467 83.9749660928106
1468 85.9412461812252
1469 87.3384552462646
1470 88.3751983265571
1471 89.1329660179245
1472 89.6045149500549
1473 89.7829318866854
1474 89.6975659079305
1475 89.3634289365951
1476 88.7421646249286
1477 87.7627081756733
1478 86.3739989674931
1479 84.5975377921474
1480 82.5858278805123
1481 80.6702023309339
1482 79.2937711658705
1483 78.78597419468
1484 79.173778623922
1485 80.2328433187224
1486 81.6809066225998
1487 83.3207592515606
1488 85.0664731790077
1489 86.8752193055807
1490 88.636875332389
1491 90.1534645946071
1492 91.2887069436509
1493 92.0704723117796
1494 92.6116576628746
1495 93.0053829512668
1496 93.2910166560235
1497 93.4786611389875
1498 93.5847500963767
1499 93.6300853214881
1500 93.6335606152653
1501 93.6174104080715
1502 93.6017554893988
1503 93.5979227474933
1504 93.6063696384688
1505 93.5777227333431
1506 93.3939117473794
1507 93.0674260476188
1508 92.7981509635254
1509 92.6549689291751
1510 92.5698017154674
1511 92.4897664405942
1512 92.416069286329
1513 92.3732675569382
1514 92.3655035971107
1515 92.36436761519
1516 92.3400942423875
1517 92.2940295627502
1518 92.2459116288548
1519 92.2022167815602
1520 92.1564119757283
1521 92.1122576102952
1522 92.1027880854405
1523 92.15896120175
1524 92.264899329
1525 92.3716316055974
1526 92.437203060137
1527 92.45439556095
1528 92.4517132043229
1529 92.4676027970004
1530 92.5210782591392
1531 92.5938582885869
1532 92.6380897172554
1533 92.6174734101877
1534 92.5503079294247
1535 92.4818668876033
1536 92.4339926831119
1537 92.399978923076
1538 92.3603712669464
1539 92.27396028111
1540 92.1319373738074
1541 92.0243433553786
1542 91.995760931996
1543 91.9884898531322
1544 91.9431291810546
1545 91.8465097416056
1546 91.7255256802646
1547 91.6094131895278
1548 91.4962244408302
1549 91.3584099686271
1550 91.1747291559134
1551 90.9474647134327
1552 90.6921162616163
1553 90.4256703591097
1554 90.1688222846316
1555 89.9456586394046
1556 89.7588252338081
1557 89.5409487114762
1558 89.1544490626688
1559 88.5827250812608
1560 88.0339443952374
1561 87.6830105603986
1562 87.5533054526599
1563 87.5243218574163
1564 87.4705418426729
1565 87.3501859529073
1566 87.1747193045599
1567 86.9390102439428
1568 86.5835501125578
1569 86.0349251920732
1570 85.302760025388
1571 84.5083414275495
1572 83.7676459466257
1573 83.1016226977243
1574 82.4951065879649
1575 82.0089229599642
1576 81.8185286835304
1577 82.0768669443124
1578 82.7208511916938
1579 83.5379733862394
1580 84.346867334023
1581 85.0436332756528
1582 85.5717499726471
1583 85.9047507794391
1584 86.0475037781196
1585 86.0299719153056
1586 85.8886062282178
1587 85.6516134398055
1588 85.3316690104378
1589 84.930268704666
1590 84.437672196068
1591 83.8279750591434
1592 83.0599178017062
1593 82.0973058512228
1594 80.9456888948763
1595 79.6674516965528
1596 78.3346397791986
1597 76.9336582436922
1598 75.2935245114097
1599 73.0955781905453
1600 69.9768866593789
1601 65.7266761776387
1602 60.5467319653388
1603 55.2354739876707
1604 51.0802214759864
1605 49.4040070333455
1606 50.9907918761165
1607 55.6971103260192
1608 62.4535230844334
1609 69.6969419865741
1610 76.0353749217103
1611 80.7466663698649
1612 83.8276107530248
1613 85.6713619328869
1614 86.7123047237542
1615 87.2625200164191
1616 87.5131013124664
1617 87.597450071223
1618 87.62400519599
1619 87.6491049768552
1620 87.6564181911037
1621 87.5931516687039
1622 87.4255655869504
1623 87.1695497408437
1624 86.8813334315207
1625 86.6053560701074
1626 86.3383205360143
1627 86.0458514935257
1628 85.7013385969366
1629 85.3164762366741
1630 84.9361551351175
1631 84.5975409619244
1632 84.2939565131345
1633 83.9690759782509
1634 83.5293626585328
1635 82.9012122668084
1636 82.1590497405536
1637 81.5021306196311
1638 81.030976305823
1639 80.702473449391
1640 80.4447326899892
1641 80.2262327122408
1642 80.0463049977321
1643 79.9021333889916
1644 79.769085200701
1645 79.5907469728379
1646 79.3048668511766
1647 78.9225139933732
1648 78.5288170817926
1649 78.1620458624874
1650 77.78221349481
1651 77.3163246774707
1652 76.6180821792078
1653 75.5389223904337
1654 74.2998220793961
1655 73.2815106046311
1656 72.487646598417
1657 71.7070676585417
1658 70.8043422820802
1659 69.7660637194879
1660 68.6014243340775
1661 67.2593601651968
1662 65.6686239704126
1663 63.8674752981774
1664 62.0325727841305
1665 60.3218811796518
1666 58.7381157544752
1667 57.1428748637206
1668 55.3415444720896
1669 53.2130621716243
1670 50.8692471763546
1671 48.5964886974837
1672 46.5497285620915
1673 44.62854148045
1674 42.6412918505737
1675 40.5467257859539
1676 38.5692153134034
1677 37.0069208940397
1678 35.9684502919034
1679 35.3815122251183
1680 35.1382946773663
1681 35.1720953115031
1682 35.480453102991
1683 36.1290034911076
1684 37.1683693585787
1685 38.4498349078634
1686 39.6995056548537
1687 40.8397661381009
1688 41.978321935273
1689 43.2329391234884
1690 44.6318931714359
1691 46.0908183567728
1692 47.5074829944179
1693 48.9026219286951
1694 50.4516252383604
1695 52.3415156260466
1696 54.5295923602809
1697 56.7604011197671
1698 58.9728425572376
1699 61.4877845321522
1700 64.6032645428994
1701 67.9951925262771
1702 70.9794293661834
1703 73.3797344631224
1704 75.4878320547116
1705 77.5447775071931
1706 79.5118978735291
1707 81.1807664406192
1708 82.4507396823256
1709 83.4113515026749
1710 84.1909655626931
1711 84.8580352479252
1712 85.4329688923986
1713 85.9165724184541
1714 86.2910352086692
1715 86.5249101779444
1716 86.5995531389304
1717 86.5401660209015
1718 86.4104352073922
1719 86.2664671486584
1720 86.1318688377594
1721 86.001765502156
1722 85.8575642750201
1723 85.6893354831445
1724 85.5039893523546
1725 85.3151014443404
1726 85.1256389223913
1727 84.9158746877115
1728 84.6518825129297
1729 84.3059405459144
1730 83.8732217788492
1731 83.3493371018595
1732 82.6755518164926
1733 81.7277693947497
1734 80.4562959005361
1735 79.0588739696138
1736 77.7892377055778
1737 76.6344906175109
1738 75.3655291121537
1739 73.7756287942009
1740 71.8322449031685
1741 69.6585818985242
1742 67.3674978014297
1743 64.964928423587
1744 62.437322333672
1745 59.8526392093541
1746 57.3473892446093
1747 55.0665030066911
1748 53.1634358929877
1749 51.8468620381433
1750 51.3618530123398
1751 51.8325716818698
1752 53.114549763895
1753 54.8970437005072
1754 56.939870091137
1755 59.1547335214728
1756 61.5057572387293
1757 63.8849639054818
1758 66.1199322765008
1759 68.1095068245863
1760 69.8803607325906
1761 71.483734296476
1762 72.8845705209607
1763 73.9902134122394
1764 74.7849326399865
1765 75.3717646493616
1766 75.8946230888573
1767 76.4646670364995
1768 77.1346980518716
1769 77.9163617059914
1770 78.829477598267
1771 79.9286227620224
1772 81.2513720227002
1773 82.7280102109099
1774 84.2044951949618
1775 85.5779747395652
1776 86.835742636028
1777 87.9907065881444
1778 89.039926297508
1779 89.9693149782458
1780 90.7697050295166
1781 91.4429818439278
1782 91.9974588479902
1783 92.4439033454621
1784 92.7956054317374
1785 93.0665319387271
1786 93.2774268171637
1787 93.4575060521168
1788 93.6318106459778
1789 93.8005990853761
1790 93.9320110102443
1791 93.9834789059569
1792 93.9427120702262
1793 93.8473498557471
1794 93.7534854633484
1795 93.6919240270564
1796 93.6573198669235
1797 93.6263098405473
1798 93.5777877885102
1799 93.4991786611532
1800 93.3868065638423
1801 93.2487389185542
1802 93.1046516385084
1803 92.9795476435967
1804 92.8967676375631
1805 92.8718700935637
1806 92.9105055870089
1807 93.0084456039496
1808 93.1539147651765
1809 93.3314753878793
1810 93.5251885352955
1811 93.7203386350475
1812 93.9056816919207
1813 94.0766384065519
1814 94.2329664785076
1815 94.3704010492776
1816 94.4776865165596
1817 94.5437065472762
1818 94.568988061398
1819 94.5699236201959
1820 94.5710793213552
1821 94.5913377032082
1822 94.6305699378615
1823 94.6686906768507
1824 94.681779646955
1825 94.6632955328143
1826 94.6268317163511
1827 94.5849573603978
1828 94.5304468315938
1829 94.4432407999115
1830 94.3171271737203
1831 94.17118495089
1832 94.0318834527109
1833 93.9127005831018
1834 93.8092988547155
1835 93.7116385713987
1836 93.6180153676738
1837 93.5394333550211
1838 93.4950520079934
1839 93.5023556062492
1840 93.5646718173467
1841 93.6628275336332
1842 93.7585484179073
1843 93.8134508867943
1844 93.8161961922372
1845 93.7920726472077
1846 93.7727932243704
1847 93.7626157007635
1848 93.7423616129002
1849 93.6967109552461
1850 93.63114090018
1851 93.5658865018584
1852 93.5200718522624
1853 93.5030574523345
1854 93.5164926106767
1855 93.5601080292773
1856 93.6319862320008
1857 93.7287550431334
1858 93.8440051526032
1859 93.9672292672619
1860 94.086390250866
1861 94.1934925825215
1862 94.2889430390019
1863 94.3809886755968
1864 94.4790728692446
1865 94.5844280087126
1866 94.6843019632949
1867 94.7567185805755
1868 94.7863293994033
1869 94.7772397531592
1870 94.7481323875772
1871 94.719563572674
1872 94.7051183424141
1873 94.7061686258385
1874 94.7146440384164
1875 94.7213081191992
1876 94.7208388715441
1877 94.7112765061838
1878 94.691385460893
1879 94.6600028595212
1880 94.6176313243221
1881 94.5669595122656
1882 94.5124002248553
1883 94.4610085693088
1884 94.423321361259
1885 94.4103824054052
1886 94.42569745767
1887 94.457677737007
1888 94.4825530863772
1889 94.4805614383558
1890 94.4527306787491
1891 94.4201422085485
1892 94.4066967257539
1893 94.4227906558439
1894 94.4618900832547
1895 94.5094419661005
1896 94.5539624562149
1897 94.5916986389892
1898 94.6245227028525
1899 94.6546313712072
1900 94.6805624108688
1901 94.6979670574346
1902 94.7043319048878
1903 94.7040493069033
1904 94.7074588637077
1905 94.7237007218792
1906 94.7537695142682
1907 94.7894347178711
1908 94.8193364821922
1909 94.8370187338434
1910 94.8423450699367
1911 94.8398454239488
1912 94.8376984798448
1913 94.8463249687332
1914 94.8725350648845
1915 94.9110060912638
1916 94.9438377840062
1917 94.953798601862
1918 94.9415705647263
1919 94.9263627653005
1920 94.9256087174305
1921 94.9374386858757
1922 94.9449683791151
1923 94.9361057063123
1924 94.915119301915
1925 94.8943471376147
1926 94.8791440271786
1927 94.8632274456471
1928 94.8368603463899
1929 94.7976319438525
1930 94.7516221909435
1931 94.7080382820968
1932 94.6731972413217
1933 94.6490993293589
1934 94.6342629512006
1935 94.6238813092273
1936 94.6133383289613
1937 94.6031443226147
1938 94.5993791766374
1939 94.606917199176
1940 94.6222822388229
1941 94.6361161076861
1942 94.6441622786864
1943 94.6522174449236
1944 94.6668136152103
1945 94.6856065304201
1946 94.701362503211
1947 94.7123130815251
1948 94.7252569702546
1949 94.7475792874258
1950 94.7767788950369
1951 94.7994206904354
1952 94.801633580496
1953 94.7822008534684
1954 94.7567423872815
1955 94.748902734509
1956 94.7735291388883
1957 94.8227111108858
1958 94.8673195345924
1959 94.8757170073204
1960 94.8353450409295
1961 94.7584606864602
1962 94.6673803519194
1963 94.5751650685128
1964 94.4801141377661
1965 94.3755765293446
1966 94.2630820787732
1967 94.1574057600761
1968 94.0801289975171
1969 94.0473116534605
1970 94.0618165579981
1971 94.1158373213702
1972 94.2000032380059
1973 94.3094772011462
1974 94.4393845216859
1975 94.5735818385983
1976 94.6820878050828
1977 94.7369717438694
1978 94.735265581641
1979 94.7036816305154
1980 94.6768014460584
1981 94.6714966768807
1982 94.6827255324538
1983 94.6984852793204
1984 94.7128482323148
1985 94.7262427716016
1986 94.7387557289417
1987 94.7476221041278
1988 94.7506579358598
1989 94.7481017638049
1990 94.7390600271568
1991 94.7181633630042
1992 94.6784888434299
1993 94.6174901434004
1994 94.5390013999383
1995 94.4510795457631
1996 94.3649844404323
1997 94.2967898283382
1998 94.2659674115554
1999 94.2866081999531
2000 94.3578431922636
2001 94.4647785365518
2002 94.5893750950136
2003 94.7182772329536
2004 94.8391979669155
2005 94.9347426062531
2006 94.9863432897385
2007 94.988215368412
2008 94.9556782777215
2009 94.9151542523624
2010 94.8855360470562
2011 94.8701602821314
2012 94.8637628384878
2013 94.8615574256986
2014 94.8601715318118
2015 94.8537540281488
2016 94.8340497968705
2017 94.7960996811336
2018 94.7430086374418
2019 94.6844762094178
2020 94.6308486045092
2021 94.5875842383005
2022 94.5529544032773
2023 94.5193794115305
2024 94.4778101366029
2025 94.4236164111983
2026 94.3609057660655
2027 94.3019198959892
2028 94.260322554882
2029 94.2415590119678
2030 94.2376280355742
2031 94.2314193932215
2032 94.2086977907123
2033 94.1682937886729
2034 94.122316722176
2035 94.0874749993057
2036 94.0760624473769
2037 94.0927758218664
2038 94.135164162769
2039 94.1932059898266
2040 94.2491416957492
2041 94.2826782574662
2042 94.2820285980516
2043 94.2524035777203
2044 94.2118334614298
2045 94.1746567853388
2046 94.1370710554289
2047 94.0816243377626
2048 94.0010638661949
2049 93.9182064854711
2050 93.8748931258538
2051 93.8950168239587
2052 93.9599389671047
2053 94.0225749865949
2054 94.0460466844035
2055 94.0312840654913
2056 94.0103194115871
2057 94.0142125081315
2058 94.0480488312688
2059 94.0938373547222
2060 94.1314176832008
2061 94.1541548585236
2062 94.1682144448109
2063 94.1820135165736
2064 94.1980907330239
2065 94.2129501569811
2066 94.2223749592608
2067 94.2268173260126
2068 94.2327047566535
2069 94.2487943528923
2070 94.2801055923688
2071 94.3232841645373
2072 94.3661316519304
2073 94.3921839438276
2074 94.3890401521223
2075 94.3565125451274
2076 94.3088227509696
2077 94.2672003634893
2078 94.2465135237918
2079 94.2454036707692
2080 94.2481091617428
2081 94.2373522002658
2082 94.2085259877791
2083 94.1742347460927
2084 94.1555569411437
2085 94.1666188889126
2086 94.2041952575982
2087 94.2501206274652
2088 94.2842406238452
2089 94.2975414436375
2090 94.295431597688
2091 94.2896378509802
2092 94.2865827840934
2093 94.2824256271831
2094 94.2684553363841
2095 94.2412059713558
2096 94.2074243785242
2097 94.1789019153588
2098 94.1625400080738
2099 94.1560417863598
2100 94.1530674346239
2101 94.1512818607188
2102 94.1544455962544
2103 94.1674420663434
2104 94.1907345344144
2105 94.2201991335514
2106 94.2514709115161
2107 94.2833956824142
2108 94.3174612499568
2109 94.3550024501216
2110 94.3957022781816
2111 94.4384858903604
2112 94.4830261241796
2113 94.5298091619246
2114 94.5785709635361
2115 94.6266645059697
2116 94.6690705073011
2117 94.7005399923575
2118 94.7188310358496
2119 94.7269994321318
2120 94.7326684988606
2121 94.7437014985355
2122 94.7626419199246
2123 94.7845340634862
2124 94.8010755396036
2125 94.8084762633894
2126 94.8120673189098
2127 94.8229117319841
2128 94.8490573284996
2129 94.8889875343043
2130 94.9321740906266
2131 94.9647015660064
2132 94.9744084268059
2133 94.9529905630146
2134 94.8974135537241
2135 94.8133549924423
2136 94.718622747766
2137 94.6406702676458
2138 94.6054507481674
2139 94.6228481198844
2140 94.6786682229668
2141 94.7400873468798
2142 94.7728722102316
2143 94.7605210009147
2144 94.7135304024448
2145 94.6629023986339
2146 94.6416625581697
2147 94.6653184742136
2148 94.7233512173316
2149 94.7880479439363
2150 94.8352687494888
2151 94.8616129520382
2152 94.8841733216086
2153 94.9228674394886
2154 94.9789433061231
2155 95.0256092621499
2156 95.017866148708
2157 94.9175618693323
2158 94.7217717949039
2159 94.4753823468727
2160 94.2493110246126
2161 94.0943466120092
2162 94.0137155958153
2163 93.9784289849606
2164 93.9613725033612
2165 93.9556881134125
2166 93.9681845598724
2167 94.0022774136008
2168 94.0497093164189
2169 94.0970051956336
2170 94.1365916452116
2171 94.1695320510792
2172 94.1974635435049
2173 94.2135494317004
2174 94.2043395127782
2175 94.1635032052901
2176 94.1039903849536
2177 94.0535214693356
2178 94.0349071627969
2179 94.0501126280474
2180 94.0828803145178
2181 94.114102918139
2182 94.1324990358854
2183 94.1327050813474
2184 94.1097831619165
2185 94.0614859496384
2186 93.9956477049529
2187 93.9306951789253
2188 93.8855485583027
2189 93.8685312604779
2190 93.8755411259698
2191 93.8965084768408
2192 93.921721675612
2193 93.943752377864
2194 93.957789770404
2195 93.9628417646631
2196 93.9613941454871
2197 93.95551960794
2198 93.9434383263357
2199 93.9220640717959
2200 93.8936087847317
2201 93.867431321441
2202 93.8529554929875
2203 93.851036129177
2204 93.8541395537237
2205 93.8552296300589
2206 93.8547287293908
2207 93.8581438032791
2208 93.86887616593
2209 93.8850463540522
2210 93.9016554125435
2211 93.9126574423527
2212 93.9109218357737
2213 93.8900793166126
2214 93.8497641139856
2215 93.7984573792122
2216 93.7488086418585
2217 93.7095380433322
2218 93.6824450441037
2219 93.6660006347824
2220 93.6590249493908
2221 93.6601775844724
2222 93.6664780690454
2223 93.6746288277929
2224 93.6827848527528
2225 93.6891036402491
2226 93.6895213166964
2227 93.6801455485644
2228 93.6629581921856
2229 93.6470265629692
2230 93.6419252502321
2231 93.6503506720887
2232 93.6681738719523
2233 93.6905719403041
2234 93.7157412057162
2235 93.7423443107005
2236 93.7659266504318
2237 93.780426045713
2238 93.7835521286303
2239 93.7792953232165
2240 93.7741798910942
2241 93.7708067490418
2242 93.7652689419224
2243 93.7508650479162
2244 93.7245997279998
2245 93.69022683109
2246 93.6553697221694
2247 93.6259818808671
2248 93.6037634207024
2249 93.5879705050912
2250 93.5779126626335
2251 93.5723486587202
2252 93.5672374194214
2253 93.5559033683866
2254 93.5337983389495
2255 93.503174169118
2256 93.4722463915437
2257 93.4493122989457
2258 93.4369639781165
2259 93.4321433818762
2260 93.4307557225693
2261 93.4313382320616
2262 93.4336603116064
2263 93.4343300958884
2264 93.4261387064526
2265 93.4035027131352
2266 93.3694466139544
2267 93.3356298149612
2268 93.3139203617146
2269 93.3073878767168
2270 93.3094098480441
2271 93.3115006189721
2272 93.3111218344328
2273 93.312042460125
2274 93.3175158470449
2275 93.323978958714
2276 93.3213880961221
2277 93.3005024446846
2278 93.2600611546221
2279 93.2079014082681
2280 93.1546698747499
2281 93.1067228552427
2282 93.0647340212378
2283 93.0281968959362
2284 93.000107987891
2285 92.985514139933
2286 92.9864624917106
2287 92.9983709897316
2288 93.0128445160823
2289 93.0230009039285
2290 93.0272650082608
2291 93.0285489743581
2292 93.031602815362
2293 93.040741138448
2294 93.0580653446617
2295 93.0825121563799
2296 93.1087713320398
2297 93.1299808338232
2298 93.1405460243403
2299 93.1408802574815
2300 93.1358121406656
2301 93.1327259426036
2302 93.1358930821338
2303 93.1465720327768
2304 93.1625024634408
2305 93.1805761292254
2306 93.1961223113802
2307 93.2047130940195
2308 93.20383315221
2309 93.1954782353951
2310 93.183738144499
2311 93.171611517792
2312 93.1574911082761
2313 93.1393706730933
2314 93.1163293460116
2315 93.0911995718979
2316 93.0646820959475
2317 93.0369532605786
2318 93.0054831950693
2319 92.9703546581022
2320 92.9297257558315
2321 92.884445045283
2322 92.8378299350201
2323 92.8022821522028
2324 92.7911669915773
2325 92.8095314142518
2326 92.847166066129
2327 92.8846774299207
2328 92.9048372892417
2329 92.9021000278468
2330 92.8812259326164
2331 92.8550432276516
2332 92.8327630091596
2333 92.8223043380851
2334 92.8222862394816
2335 92.8272164637218
2336 92.824869580579
2337 92.806293730714
2338 92.7714376956217
2339 92.7303260518933
2340 92.693278000203
2341 92.6631494853724
2342 92.638399899618
2343 92.6197352347911
2344 92.6104028521722
2345 92.6069216168813
2346 92.6006378413691
2347 92.583725643138
2348 92.5574791305024
2349 92.5260332283744
2350 92.4921528664793
2351 92.4575299378577
2352 92.4244567761943
2353 92.3993250404142
2354 92.3881681455607
2355 92.3918489445034
2356 92.4036486538366
2357 92.40905554745
2358 92.3903633177466
2359 92.3312161426217
2360 92.2307952437647
2361 92.1111350444084
2362 92.0094537822612
2363 91.9535692829964
2364 91.945049449892
2365 91.9672838161191
2366 92.0004489261092
2367 92.0282262857814
2368 92.0376114111314
2369 92.020777119665
2370 91.979602724315
2371 91.9244117009353
2372 91.8660125730069
2373 91.8101405626732
2374 91.7593186722684
2375 91.7163982102954
2376 91.6836497354594
2377 91.6593505612583
2378 91.6376706567764
2379 91.6128535131939
2380 91.5829267137451
2381 91.5491333874158
2382 91.5127296732626
2383 91.4733115427237
2384 91.4300388395763
2385 91.3833627614058
2386 91.3346408191816
2387 91.284060388869
2388 91.2298263649477
2389 91.1704865359458
2390 91.108553852162
2391 91.051265419359
2392 91.0065182588196
2393 90.9770079233398
2394 90.9580523977718
2395 90.9414047229588
2396 90.92154864257
2397 90.898733435817
2398 90.8767481944694
2399 90.8588467542615
2400 90.846055795559
2401 90.8381902993103
2402 90.8347215919534
2403 90.8340177374108
2404 90.8327588959986
2405 90.8274292124611
2406 90.8166105952104
2407 90.8012246611952
2408 90.7825188885127
2409 90.7608027407746
2410 90.7368807276273
2411 90.7140154102722
2412 90.696952264213
2413 90.6881898075661
2414 90.6854883408459
2415 90.683446503902
2416 90.6773432160262
2417 90.6653027114242
2418 90.647576633556
2419 90.6251382379072
2420 90.5994686922259
2421 90.5726849303076
2422 90.5464984058529
2423 90.5206993660506
2424 90.4932221263672
2425 90.4620248356668
2426 90.4266623269555
2427 90.3880394428993
2428 90.34744729942
2429 90.306670587532
2430 90.2687673908424
2431 90.2374901711834
2432 90.2149077469458
2433 90.1995278522887
2434 90.1871926368236
2435 90.1740203913144
2436 90.1583778198559
2437 90.1401298828246
2438 90.1186532542768
2439 90.0924860057344
2440 90.0613952374736
2441 90.0284313059791
2442 89.9989361379439
2443 89.9765490022521
2444 89.9598325494503
2445 89.9430655303263
2446 89.9206041019008
2447 89.8905844353619
2448 89.854773454486
2449 89.8156956390528
2450 89.7744770612916
2451 89.7309294312804
2452 89.6845507216308
2453 89.6349833094572
2454 89.5821370235916
2455 89.5266042951626
2456 89.4699992758833
2457 89.4147068626879
2458 89.3634314182694
2459 89.3188529704666
2460 89.2825614723965
2461 89.2528738125384
2462 89.2236004977248
2463 89.1865981280125
2464 89.1374536262173
2465 89.0794703109133
2466 89.0218220042739
2467 88.9731194855282
2468 88.9356133232492
2469 88.9040289966871
2470 88.868980345866
2471 88.8223150341368
2472 88.7615217655962
2473 88.690973305992
2474 88.6191422001834
2475 88.5533947781657
2476 88.4959951894639
2477 88.4440601160299
2478 88.3927870462221
2479 88.3387952925493
2480 88.281188581962
2481 88.2205764558046
2482 88.157812267924
2483 88.0936170438535
2484 88.0288544599748
2485 87.9645144860059
2486 87.9009038254086
2487 87.8366178256002
2488 87.7685543380614
2489 87.6936032525229
2490 87.6110015852189
2491 87.5233415303255
2492 87.4351846884938
2493 87.3503601107151
2494 87.2700594015094
2495 87.1928416358369
2496 87.1159261365377
2497 87.0365693770887
2498 86.9530273941825
2499 86.865244066717
2500 86.7751670987499
2501 86.6861752479191
2502 86.60150420468
2503 86.5225189520767
2504 86.4480337182621
2505 86.3751065387984
2506 86.3006465833038
2507 86.2227659759099
2508 86.1412083766126
2509 86.056822390867
2510 85.9706087605755
2511 85.8832000378482
2512 85.7953667596979
2513 85.7090976573574
2514 85.6278123059661
2515 85.5546558365058
2516 85.4896548850882
2517 85.428129759083
2518 85.362337880312
2519 85.2859331073562
2520 85.1983161704954
2521 85.1055303283228
2522 85.016682727511
2523 84.9383595303697
2524 84.8712080462199
2525 84.8109781776104
2526 84.7524475619572
2527 84.6925726248579
2528 84.6308373518006
2529 84.5677287380905
2530 84.5031962974312
2531 84.4358080781593
2532 84.3626436760684
2533 84.2803663565665
2534 84.1874030026022
2535 84.0853697889544
2536 83.9776789455791
2537 83.8662322039008
2538 83.7498464420694
2539 83.6264846101317
2540 83.4969596014914
2541 83.3661418816964
2542 83.24082789421
2543 83.1270436704355
2544 83.0293301422726
2545 82.9516774079799
2546 82.8982957128296
2547 82.8733332399983
2548 82.8798105644515
2549 82.9182597724158
2550 82.9857317838186
2551 83.076186424459
2552 83.1825828405795
2553 83.2992941181893
2554 83.4229308270024
2555 83.5513099534709
2556 83.6821431128296
2557 83.8128036990202
2558 83.9409267193598
2559 84.064809045993
2560 84.1831349035044
2561 84.2942362838759
2562 84.3953071558242
2563 84.4821474141143
2564 84.5499781820957
2565 84.5950532926813
2566 84.6158439383813
2567 84.6129571731036
2568 84.588390120342
2569 84.5451344930607
2570 84.4869138277829
2571 84.4171161798596
2572 84.3373056269301
2573 84.24712509163
2574 84.1462488317133
2575 84.0363200520209
2576 83.9203116443586
2577 83.7996242533286
2578 83.6720671026396
2579 83.5331800702099
2580 83.3801100718604
2581 83.2151159650176
2582 83.0464429257125
2583 82.8863003037891
2584 82.7471101343492
2585 82.6378963011607
2586 82.5628775703089
2587 82.5233484817159
2588 82.5215157107453
2589 82.5628394943226
2590 82.6541734965757
2591 82.7986021526228
2592 82.9910744410867
2593 83.2184718835324
2594 83.464111309065
2595 83.7133716934026
2596 83.9569634528795
2597 84.1907676904655
2598 84.4134550321114
2599 84.6237235604944
2600 84.8184603854877
2601 84.9924756565958
2602 85.1398780626381
2603 85.2565321182105
2604 85.3425024741103
2605 85.4031930046275
2606 85.4480712750738
2607 85.4868094998162
2608 85.5245010601296
2609 85.5591755377449
2610 85.5839541624454
2611 85.592650482814
2612 85.5844871865175
2613 85.5643642795158
2614 85.5391814210302
2615 85.5138523732347
2616 85.4899259159389
2617 85.4668013816846
2618 85.4436793714142
2619 85.4206399790285
2620 85.3983309013371
2621 85.3767362493233
2622 85.3542319365721
2623 85.3280499180694
2624 85.2959096179802
2625 85.2572003243792
2626 85.2126295270408
2627 85.1632325869335
2628 85.1102731509656
2629 85.0558088266046
2630 85.0021897145765
2631 84.9500814900088
2632 84.8971525513228
2633 84.8395733013046
2634 84.7754617837024
2635 84.7070430338852
2636 84.6394889464523
2637 84.5776192576588
2638 84.523234583604
2639 84.4746643055281
2640 84.4280876450509
2641 84.3793964726486
2642 84.3258014768038
2643 84.2668328849941
2644 84.2043879395766
2645 84.1415879435332
2646 84.0809521116197
2647 84.0232314932234
2648 83.9679607041632
2649 83.915187553954
2650 83.8664862679389
2651 83.8240442247854
2652 83.788824888136
2653 83.7599248316373
2654 83.735766049719
2655 83.7155383041031
2656 83.6991854365406
2657 83.6862818375861
2658 83.6755908838453
2659 83.666121906308
2660 83.6585056323359
2661 83.6549791330401
2662 83.65765262163
2663 83.6664175686443
2664 83.6782819634893
2665 83.6888841375945
2666 83.6952743577265
2667 83.6979867969407
2668 83.7009930091657
2669 83.7099705720491
2670 83.730590035299
2671 83.7678095688157
2672 83.8255171692525
2673 83.9054430153881
2674 84.0055312240176
2675 84.1190210589652
2676 84.2350235135208
2677 84.3403608112444
2678 84.4221347131588
2679 84.4706517686669
2680 84.4819502869723
2681 84.4586922370479
2682 84.4087509737304
2683 84.3422797731706
2684 84.2687931747676
2685 84.1951771631898
2686 84.1247456400881
2687 84.0573771310238
2688 83.9909335830785
2689 83.923624397354
2690 83.855973167031
2691 83.7909378540696
2692 83.7320090815165
2693 83.6808851930471
2694 83.636870821242
2695 83.5987075928191
2696 83.5671960324872
2697 83.5460089956597
2698 83.539799102577
2699 83.5515057516589
2700 83.5815811037345
2701 83.6298424386963
2702 83.6980112469859
2703 83.7905285594094
2704 83.9130527450663
2705 84.0698858211449
2706 84.2620568781441
2707 84.4869808957496
2708 84.7394123252312
2709 85.0125234229682
2710 85.2979454762978
2711 85.585009896404
2712 85.8608922426016
2713 86.11299434501
2714 86.3326697435604
2715 86.5176444154762
2716 86.6713281492872
2717 86.7997135424809
2718 86.9081167890646
2719 86.9996380837282
2720 87.0757380869598
2721 87.1380338655496
2722 87.1896457283727
2723 87.2347008267048
2724 87.2761644532459
2725 87.313900934743
2726 87.3448714440133
2727 87.3653835445986
2728 87.3735286158591
2729 87.3701927243565
2730 87.3585616597204
2731 87.3428119909338
2732 87.3264902258296
2733 87.3110833504451
2734 87.2957433713927
2735 87.2786689438828
2736 87.2591227974348
2737 87.238240998754
2738 87.2180303043964
2739 87.1998206769615
2740 87.1836316964159
2741 87.168416825303
2742 87.1522067096531
2743 87.1319404912639
2744 87.1038269224229
2745 87.0647670876637
2746 87.0140292678209
2747 86.9538146034766
2748 86.8881503441479
2749 86.8208277948826
2750 86.753744327565
2751 86.6867386588916
2752 86.6190300772595
2753 86.5511140509373
2754 86.4853922520647
2755 86.4248188052181
2756 86.3708290896993
2757 86.3226926587395
2758 86.2789645434701
2759 86.2393940012949
2760 86.2052105332106
2761 86.177642905998
2762 86.1565089891778
2763 86.1403792866831
2764 86.1278237730056
2765 86.1181196615373
2766 86.1107321349805
2767 86.1044848032386
2768 86.0976068504275
2769 86.0886490435885
2770 86.0771685109216
2771 86.0633636976336
2772 86.0470683661065
2773 86.0272475281985
2774 86.0025789923208
2775 85.9724382326184
2776 85.9370443919631
2777 85.8963924726794
2778 85.8490736610862
2779 85.7925489793702
2780 85.7251142690295
2781 85.6478855665786
2782 85.5647722003323
2783 85.4802514743638
2784 85.3969922296152
2785 85.3154722052336
2786 85.2354884708347
2787 85.1573726006518
2788 85.0812864747629
2789 85.0055458665876
2790 84.9264017476458
2791 84.8402543262823
2792 84.7464812711872
2793 84.6481608964393
2794 84.5499217124344
2795 84.4547844407144
2796 84.3625211789952
2797 84.2705127574468
2798 84.1760853380854
2799 84.0784670326198
2800 83.9790795940887
2801 83.8802086990976
2802 83.7832972226018
2803 83.6883115186373
2804 83.5945827058684
2805 83.5020689453277
2806 83.4116418008481
2807 83.3242017077076
2808 83.2397895942301
2809 83.1577378642804
2810 83.0775436290704
2811 82.9993716799423
2812 82.9238330454576
2813 82.851717352979
2814 82.7841169753716
2815 82.7222893829572
2816 82.6665107841864
2817 82.614612924257
2818 82.5620490443182
2819 82.5043020121322
2820 82.4399464328583
2821 82.371550102188
2822 82.3034424998247
2823 82.2384536362909
2824 82.1766766481381
2825 82.1170193212152
2826 82.0593730096479
2827 82.0049904638882
2828 81.9552427886547
2829 81.9109646519606
2830 81.873465136379
2831 81.8456039542411
2832 81.8309128652165
2833 81.8313464411818
2834 81.8463298980536
2835 81.874304495735
2836 81.9148084954926
2837 81.9685296065999
2838 82.0354831257758
2839 82.1137354387603
2840 82.2000108811034
2841 82.2909786564213
2842 82.38356505882
2843 82.4744309346388
2844 82.5598553596818
2845 82.6363131148051
2846 82.7008747822642
2847 82.7509680738317
2848 82.7841258887624
2849 82.7983976241336
2850 82.7932608680054
2851 82.7704468818357
2852 82.7342611023733
2853 82.6909839464247
2854 82.6469632740161
2855 82.6059400296179
2856 82.5674568931997
2857 82.5279569976293
2858 82.4838992249026
2859 82.4342299279976
2860 82.3802851418507
2861 82.3239053590439
2862 82.2661198577402
2863 82.2076032021846
2864 82.1499238656419
2865 82.0959892495449
2866 82.0493537404811
2867 82.0132468851146
2868 81.9899496953814
2869 81.9803527961744
2870 81.9836226016425
2871 81.997599475766
2872 82.0202882795361
2873 82.0513674146411
2874 82.0919676230171
2875 82.1424910383349
2876 82.2004737759172
2877 82.2606694625301
2878 82.3173408876218
2879 82.3667740257667
2880 82.408283180915
2881 82.4435434302849
2882 82.4750021257591
2883 82.5041482533171
2884 82.5305120302591
2885 82.5522779456979
2886 82.5683074131371
2887 82.5797445568226
2888 82.5894734224344
2889 82.6000548911713
2890 82.6126216880604
2891 82.6278943393471
2892 82.647510831552
2893 82.6733302365712
2894 82.7052724976332
2895 82.740705212183
2896 82.7767345023906
2897 82.8128637979764
2898 82.8506316518181
2899 82.8906115416897
2900 82.9308024216096
2901 82.968930849415
2902 83.0061496429115
2903 83.0468242437979
2904 83.0946952074652
2905 83.1484044158917
2906 83.2024166142288
2907 83.2523125741918
2908 83.2989964628147
2909 83.347566993502
2910 83.4024113277673
2911 83.4637623081002
2912 83.5287402888038
2913 83.5947864788108
2914 83.6615393767881
2915 83.7295184661973
2916 83.7978277619124
2917 83.8638725725878
2918 83.9253285329494
2919 83.9820262930417
2920 84.0357616089818
2921 84.0884777216971
2922 84.1407551588641
2923 84.1916969602572
2924 84.2397115336199
2925 84.2833493069231
2926 84.3220460668278
2927 84.3567353251728
2928 84.3895343007513
2929 84.4217434827767
2930 84.4511925426251
2931 84.4716686788859
2932 84.4759901094073
2933 84.4606587039689
2934 84.4278482971594
2935 84.3828233852983
2936 84.3294975300214
2937 84.2685919499096
2938 84.1997757096405
2939 84.1250531463668
2940 84.0500773444106
2941 83.9828377117969
2942 83.9313402741135
2943 83.9014486829693
2944 83.895007597484
2945 83.9087720038222
2946 83.9352522892794
2947 83.9654995895583
2948 83.9920515455009
2949 84.0103536592146
2950 84.0187848094966
2951 84.0183681597612
2952 84.012174056682
2953 84.0035967763845
2954 83.9939814384037
2955 83.9818331024296
2956 83.9650533836664
2957 83.9444660839374
2958 83.9249893930123
2959 83.9127636699156
2960 83.9105834684143
2961 83.9159337885497
2962 83.9235904792727
2963 83.9302922779612
2964 83.9369964718014
2965 83.9468421724804
2966 83.9614876368676
2967 83.9799840239981
2968 84.0010379602219
2969 84.0253493030749
2970 84.0547091831973
2971 84.0887443998384
2972 84.1234287222311
2973 84.1537274226019
2974 84.1780224379084
2975 84.1996808790549
2976 84.2239110917282
2977 84.2529867352619
2978 84.2846895539096
2979 84.3154066855616
2980 84.3442236739333
2981 84.3731854126349
2982 84.4033026173255
2983 84.4310980020481
2984 84.4502001092049
2985 84.4566777493071
2986 84.4523941471228
2987 84.442940146151
2988 84.4328325925732
2989 84.4231801936782
2990 84.4134461873578
2991 84.4042149853053
2992 84.3976130551219
2993 84.3955416917572
2994 84.3982992877928
2995 84.405034400265
2996 84.4150232117561
2997 84.428118954359
2998 84.4441546151781
2999 84.4624792524492
3000 84.4825146940474
3001 84.5047521782174
3002 84.5308399590578
3003 84.5623381195344
3004 84.5993387324452
3005 84.6403363958799
3006 84.6831537732704
3007 84.7255030444842
3008 84.7646832901816
3009 84.7976795925502
3010 84.8227238285302
3011 84.8411155287782
3012 84.856876457112
3013 84.8738667553392
3014 84.8930056891438
3015 84.9123453649093
3016 84.9295682064402
3017 84.9440246288668
3018 84.9564337400074
3019 84.9673191680569
3020 84.9764686730259
3021 84.9841051598751
3022 84.9922872862215
3023 85.0048086066982
3024 85.025448127414
3025 85.0559396528295
3026 85.0952396444288
3027 85.1405975028213
3028 85.1896093837744
3029 85.2417304308769
3030 85.2980459619058
3031 85.3593169790914
3032 85.4239027668324
3033 85.487699720665
3034 85.546600203098
3035 85.5993154405912
3036 85.6476534321031
3037 85.69380094518
3038 85.7374350138083
3039 85.7758999392374
3040 85.807494825252
3041 85.8344938740526
3042 85.8628015516853
3043 85.8987350897735
3044 85.9460426024018
3045 86.005113591371
3046 86.0734795112147
3047 86.1461250807944
3048 86.2160966357019
3049 86.2767419463061
3050 86.3246906861169
3051 86.3606533316641
3052 86.3869179778502
3053 86.4044766130606
3054 86.4133107009987
3055 86.4152455545538
3056 86.4152678086655
3057 86.4190787719819
3058 86.4295216511443
3059 86.4458924858679
3060 86.4663587864765
3061 86.4902309625082
3062 86.5179469608453
3063 86.5497876264033
3064 86.585049521966
3065 86.6219312659916
3066 86.6578500604864
3067 86.6905442778538
3068 86.7197062764952
3069 86.7472266028982
3070 86.7748176673649
3071 86.8011849519895
3072 86.8224381794429
3073 86.8361520136739
3074 86.8451150142177
3075 86.8570077387814
3076 86.8807622400244
3077 86.9231462334342
3078 86.9872104162869
3079 87.0713558707893
3080 87.1683577612681
3081 87.2661425726765
3082 87.3518406679881
3083 87.4172766256106
3084 87.4618650107874
3085 87.4909379226119
3086 87.5113402759044
3087 87.5278671761335
3088 87.5427141217054
3089 87.5575152375071
3090 87.5757937604774
3091 87.6036514385323
3092 87.6479393803941
3093 87.7130100610411
3094 87.7980530260496
3095 87.8965919439883
3096 87.9986509640161
3097 88.0949200055705
3098 88.1807852395625
3099 88.2573916995038
3100 88.3284926946728
3101 88.395481779946
3102 88.4553801015533
3103 88.5043364527974
3104 88.543386430916
3105 88.5801120599408
3106 88.6238534526638
3107 88.679022541164
3108 88.7429370887806
3109 88.8094241607424
3110 88.8736506224316
3111 88.93365056066
3112 88.9889656075726
3113 89.0398367207299
3114 89.0880857397541
3115 89.1372690072526
3116 89.1902476851475
3117 89.2461795629789
3118 89.300538320566
3119 89.3486362844051
3120 89.3891740966729
3121 89.424463201456
3122 89.4577207223628
3123 89.4905217604242
3124 89.5224717968258
3125 89.5523899463291
3126 89.5792745802728
3127 89.6026385657441
3128 89.622955096208
3129 89.6422872341861
3130 89.6639905098034
3131 89.6908014646169
3132 89.7225390456606
3133 89.7557639452795
3134 89.7863016493253
3135 89.8126546566475
3136 89.8371132645818
3137 89.863535751071
3138 89.8941204038358
3139 89.9282764915418
3140 89.9641151865735
3141 90.0002006944445
3142 90.0355591785374
3143 90.0688678118834
3144 90.0990025410772
3145 90.126755401433
3146 90.1550718924038
3147 90.1866244296015
3148 90.2212791900534
3149 90.2566670954256
3150 90.291313084271
3151 90.3265031923381
3152 90.364733579881
3153 90.4068163287239
3154 90.4509031617531
3155 90.4938069940429
3156 90.5325201722854
3157 90.564775942174
3158 90.5895205642056
3159 90.6079209300008
3160 90.6238035968331
3161 90.6423425161565
3162 90.6677340038123
3163 90.7016800636839
3164 90.7432651987294
3165 90.7892988094304
3166 90.834657370594
3167 90.8736219922312
3168 90.9028767743652
3169 90.9243724435914
3170 90.944801701509
3171 90.9708832700987
3172 91.0041789832097
3173 91.040413403359
3174 91.0739369608351
3175 91.1025234316792
3176 91.1276732372637
3177 91.1512074152287
3178 91.1731164764446
3179 91.1931499456361
3180 91.2130988381118
3181 91.2358353670908
3182 91.2620662269179
3183 91.2892755979665
3184 91.3145703887771
3185 91.3380743621518
3186 91.3628063995397
3187 91.3911985945601
3188 91.4220803900025
3189 91.4511692100955
3190 91.474616871978
3191 91.4926094317013
3192 91.5098417310677
3193 91.5317796092109
3194 91.5593006825089
3195 91.5867579417084
3196 91.6062146801572
3197 91.6144814006238
3198 91.616023238449
3199 91.6186570322291
3200 91.6265378381679
3201 91.6374476778774
3202 91.6460725378409
3203 91.648773476971
3204 91.6453667378726
3205 91.6380375900297
3206 91.6301855747694
3207 91.6262982691864
3208 91.6314640262042
3209 91.6494723566298
3210 91.6806662689799
3211 91.7215754239375
3212 91.7668162168608
3213 91.8118140576017
3214 91.8545596408826
3215 91.8955462139755
3216 91.9361190685989
3217 91.9763763546713
3218 92.014223554324
3219 92.0465263182779
3220 92.0715774359608
3221 92.0907132776917
3222 92.1074539412808
3223 92.1248293547539
3224 92.1433228740569
3225 92.1612522865331
3226 92.1771016966588
3227 92.1915745371296
3228 92.207420152605
3229 92.2271193258224
3230 92.2505842435013
3231 92.2751300731398
3232 92.2977663781334
3233 92.3174624922163
3234 92.3351394061956
3235 92.3518013269587
3236 92.3673576849573
3237 92.381544742004
3238 92.3953559165316
3239 92.4106267794738
3240 92.4280193270204
3241 92.4460601813038
3242 92.4626132504795
3243 92.4768656737698
3244 92.4892382879245
3245 92.4995880012902
3246 92.5065018333048
3247 92.508935362361
3248 92.5081271625863
3249 92.5073282669696
3250 92.5098238993152
3251 92.517601091826
3252 92.531439600399
3253 92.5509698105507
3254 92.573836895635
3255 92.5954530768352
3256 92.610982208959
3257 92.6184335889472
3258 92.6199239082329
3259 92.6199715160125
3260 92.6226841661425
3261 92.630142905621
3262 92.6423628708477
3263 92.6578725839653
3264 92.6744134125601
3265 92.6899307967241
3266 92.7035706538641
3267 92.7159126398376
3268 92.7282691248707
3269 92.7416772958614
3270 92.7562355143866
3271 92.771074702257
3272 92.7850042363379
3273 92.7973825130345
3274 92.8081428084938
3275 92.8165568042055
3276 92.8203987173844
3277 92.8177210595939
3278 92.8102543671996
3279 92.8040823725475
3280 92.8053038204019
3281 92.814630100122
3282 92.8271643262031
3283 92.8380059994564
3284 92.8473922544006
3285 92.859804618346
3286 92.8787786047144
3287 92.9034652390634
3288 92.929586474595
3289 92.9522657605674
3290 92.9679590783526
3291 92.9755410298522
3292 92.9769961438889
3293 92.9763973157772
3294 92.9766245323794
3295 92.976769965105
3296 92.9736656180798
3297 92.9663047716735
3298 92.9579786702334
3299 92.9535007699098
3300 92.9549643902353
3301 92.9609847265719
3302 92.9695714944162
3303 92.980484432791
3304 92.9945919405761
3305 93.0121767932421
3306 93.0328234989838
3307 93.056224109294
3308 93.0816429030014
3309 93.1064341527914
3310 93.1265029489773
3311 93.1394208931187
3312 93.146766602192
3313 93.1525309508268
3314 93.1593854170685
3315 93.1674517401182
3316 93.1767670775801
3317 93.1894922641328
3318 93.2082440559663
3319 93.2323870913397
3320 93.2572385216029
3321 93.277667402524
3322 93.2921536190022
3323 93.3029262362094
3324 93.3125349485874
3325 93.3210037901502
3326 93.3265132314104
3327 93.3284648776859
3328 93.3294380570718
3329 93.3338238706464
3330 93.3441410591039
3331 93.3584921532428
3332 93.3720789393212
3333 93.382048226576
3334 93.3912598419763
3335 93.4068182102067
3336 93.4339783722202
3337 93.4708691674768
3338 93.5090845277637
3339 93.5396382881505
3340 93.5588529000948
3341 93.5693581413655
3342 93.5762442874998
3343 93.582541069389
3344 93.58810243513
3345 93.5922760728254
3346 93.596924954828
3347 93.6060791338254
3348 93.6222716008257
3349 93.6435159091328
3350 93.66445824866
3351 93.6806778150156
3352 93.6915380173169
3353 93.6988710625676
3354 93.7038208759603
3355 93.7061658231344
3356 93.7069574040499
3357 93.7106218239278
3358 93.7226623526586
3359 93.7442826240776
3360 93.7698048422895
3361 93.790906827237
3362 93.8046464757636
3363 93.8171891587373
3364 93.8385353573554
3365 93.8729009671171
3366 93.9143256130934
3367 93.9517090809292
3368 93.9775137412215
3369 93.9914304604285
3370 93.9972602993431
3371 93.9986154054731
3372 93.9979900095095
3373 93.9976829210219
3374 93.9993175099335
3375 94.002609348619
3376 94.0063018102809
3377 94.0108401949126
3378 94.0188997358772
3379 94.032267604649
3380 94.0486924393985
3381 94.0628611125936
3382 94.0708219295318
3383 94.0734220117764
3384 94.0759044082844
3385 94.0846335729852
3386 94.1035978742781
3387 94.1325894154648
3388 94.167763982539
3389 94.2040439887433
3390 94.2375407105462
3391 94.2661366043747
3392 94.288325045225
3393 94.3024049504789
3394 94.3075663315403
3395 94.3058443195721
3396 94.3026474371912
3397 94.3049516007358
3398 94.3181198097525
3399 94.3428723739499
3400 94.3739569927364
3401 94.402062687623
3402 94.4191224683918
3403 94.4240680814429
3404 94.4239706673407
3405 94.4283774938111
3406 94.441199380368
3407 94.4577743011255
3408 94.4699267168627
3409 94.47397776756
3410 94.4740158770286
3411 94.4780842334724
3412 94.4918591421437
3413 94.5156726258458
3414 94.5461129812084
3415 94.5790227809688
3416 94.6106462383763
3417 94.6369073158899
3418 94.6530929483758
3419 94.6556635602671
3420 94.6455002776865
3421 94.629709101468
3422 94.6191814472654
3423 94.6224707283339
3424 94.6405762804384
3425 94.6671577035366
3426 94.6938367511409
3427 94.7157612639427
3428 94.7329070102401
3429 94.7472540829605
3430 94.7597808255851
3431 94.770211123572
3432 94.7785360485519
3433 94.7857415627016
3434 94.7931543882274
3435 94.8016944073349
3436 94.8118150220099
3437 94.8236754143994
3438 94.8371462563668
3439 94.8518515548499
3440 94.8672100263125
3441 94.8821769291978
3442 94.895068390124
3443 94.9043315272276
3444 94.9100995683044
3445 94.9148188313761
3446 94.9217071173658
3447 94.9322398296321
3448 94.9453096417365
3449 94.9590688707902
3450 94.9732142653386
3451 94.9889012524698
3452 95.006636385371
3453 95.0249860841064
3454 95.0416729779247
3455 95.055643146744
3456 95.0676045465092
3457 95.0785789618833
3458 95.0885312677868
3459 95.0968649140459
3460 95.1039802853872
3461 95.1117014032306
3462 95.1218125141039
3463 95.13439940789
3464 95.1480753711334
3465 95.1617288140384
3466 95.175430843322
3467 95.1893070570762
3468 95.2018349011569
3469 95.2098177262158
3470 95.2103978791259
3471 95.20327245379
3472 95.1912695108425
3473 95.178944424979
3474 95.1700820507458
3475 95.1655339276483
3476 95.1628602728316
3477 95.1583608690246
3478 95.150056371692
3479 95.1389990970654
3480 95.1278007997064
3481 95.1178595108634
3482 95.1078173145812
3483 95.0943546483376
3484 95.0740877350328
3485 95.0449465925012
3486 95.0072259201592
3487 94.9650572820195
3488 94.9270494414214
3489 94.9036810192288
3490 94.9019137904245
3491 94.9214826014209
3492 94.9565083456128
3493 95.0007817663298
3494 95.0514679536736
3495 95.1078323167351
3496 95.1669659938961
3497 95.222081034576
3498 95.2662707673788
3499 95.2980643032493
3500 95.3224769558716
3501 95.3461704344272
3502 95.3716924417954
3503 95.3965076444217
3504 95.4173784859169
3505 95.4348181726833
3506 95.4523933552921
3507 95.472387335376
3508 95.4935562927603
3509 95.5131020522189
3510 95.5296510012313
3511 95.5437461293334
3512 95.5564755225469
3513 95.5690059949105
3514 95.5833001947694
3515 95.6015693316018
3516 95.623793322684
3517 95.6463697148841
3518 95.6649039936272
3519 95.6790694133474
3520 95.693921564648
3521 95.715243892511
3522 95.7432884303949
3523 95.7716943406807
3524 95.7932868690304
3525 95.8069375387715
3526 95.8181779407493
3527 95.8332920466134
3528 95.8535936715459
3529 95.875399038917
3530 95.8945893815304
3531 95.910427179209
3532 95.9251677026857
3533 95.9410018888121
3534 95.9577797371411
3535 95.9729798811182
3536 95.9834879385808
3537 95.9881770330657
3538 95.9896712032156
3539 95.9932810675296
3540 96.003000994621
3541 96.0177624987642
3542 96.0318169368245
3543 96.0395857429771
3544 96.0408862791126
3545 96.0415251078972
3546 96.0482116488921
3547 96.0625192730454
3548 96.0803139322308
3549 96.0966681218035
3550 96.109705552057
3551 96.1200630015473
3552 96.128682492774
3553 96.1361770347782
3554 96.144015316809
3555 96.1553732855839
3556 96.1735167472666
3557 96.1987779450712
3558 96.2267937024232
3559 96.2498048148856
3560 96.2604811993897
3561 96.2562707717855
3562 96.2414538171732
3563 96.2252666787842
3564 96.2169767285588
3565 96.2213745949669
3566 96.2372158078782
3567 96.2583964996416
3568 96.2769685042488
3569 96.2882963678019
3570 96.2945000803754
3571 96.3012922883034
3572 96.3123536015955
3573 96.32760097947
3574 96.3448670192585
3575 96.3623138128814
3576 96.3791853456014
3577 96.3953008092137
3578 96.4098751879272
3579 96.4214611311751
3580 96.4286219103841
3581 96.431275804447
3582 96.4307982570304
3583 96.4292777305504
3584 96.4280714012546
3585 96.4276476739294
3586 96.4288378819526
3587 96.4338343988504
3588 96.4439245474485
3589 96.4560668934344
3590 96.4660506123593
3591 96.4736375897452
3592 96.4820870205379
3593 96.4941135625289
3594 96.5085252964365
3595 96.5201723641011
3596 96.5237250921944
3597 96.5194962605478
3598 96.5137802581028
3599 96.5135640539609
3600 96.520874870758
3601 96.5319291533107
3602 96.5405963519871
3603 96.543002957257
3604 96.539719686822
3605 96.5348087771589
3606 96.5335430704085
3607 96.5397300554944
3608 96.5527001302168
3609 96.5656761907236
3610 96.5708203693757
3611 96.5663139069896
3612 96.5574496195708
3613 96.5517015675785
3614 96.5534130026124
3615 96.5624673212336
3616 96.5766077180315
3617 96.5946409122309
3618 96.6170813443501
3619 96.6432148817871
3620 96.6675255251587
3621 96.682084285013
3622 96.6840233321506
3623 96.6774610222491
3624 96.6692083457431
3625 96.6641778556425
3626 96.6630479888397
3627 96.6629644333266
3628 96.6607233855904
3629 96.6547407555941
3630 96.6434496888426
3631 96.6279477315694
3632 96.6156218722888
3633 96.6135687809617
3634 96.6226346795273
3635 96.6377336080234
3636 96.6520078483751
3637 96.6618447520107
3638 96.6679772250578
3639 96.6720626699088
3640 96.6739693753266
3641 96.6727657544754
3642 96.6694937287884
3643 96.6676105805217
3644 96.6700406930872
3645 96.6761029986822
3646 96.6813088642133
3647 96.6807600161463
3648 96.674050387451
3649 96.6669375104445
3650 96.6645121483983
3651 96.6639530712456
3652 96.6599279195092
3653 96.6520470068576
3654 96.6437452243392
3655 96.639095646947
3656 96.6401252517749
3657 96.6443317634073
3658 96.647084941266
3659 96.6480189104542
3660 96.6516524305619
3661 96.6608721403985
3662 96.6730406076122
3663 96.6825870197147
3664 96.6870983097623
3665 96.6891256672445
3666 96.6911518194775
3667 96.6911859535164
3668 96.6853664203083
3669 96.6762904638161
3670 96.6749804646438
3671 96.6885797075027
3672 96.7109950648532
3673 96.7317353458186
3674 96.7460184665846
3675 96.7568323332034
3676 96.7672724794211
3677 96.7718852224832
3678 96.7639416926117
3679 96.7455202235973
3680 96.7238456062044
3681 96.7063903891053
3682 96.6984349922529
3683 96.7010898237048
3684 96.7107635834724
3685 96.720765041744
3686 96.7245141297382
3687 96.7184522655597
3688 96.7040676819136
3689 96.6871561576673
3690 96.6745773166188
3691 96.6698319509811
3692 96.6725428728154
3693 96.6798630142681
3694 96.6877784917458
3695 96.692782999789
3696 96.6933652895272
3697 96.6917503079189
3698 96.6928470846956
3699 96.701708723329
3700 96.7200282518465
3701 96.7437934380041
3702 96.7639629263123
3703 96.7716111464305
3704 96.7651332558246
3705 96.7503968812911
3706 96.7342551082574
3707 96.7185896527936
3708 96.7003409043821
3709 96.6756080262048
3710 96.6466754856664
3711 96.624791089429
3712 96.6226163196823
3713 96.6407214759049
3714 96.6669699288582
3715 96.6889744588321
3716 96.7011436910602
3717 96.7044981488605
3718 96.703735233735
3719 96.7045820446537
3720 96.710811266674
3721 96.7215880358008
3722 96.7314679156189
3723 96.7344330793571
3724 96.7291048690553
3725 96.7195758960545
3726 96.7103607520815
3727 96.7012062615946
3728 96.6885201633629
3729 96.6713920929129
3730 96.6538103240793
3731 96.6405398316736
3732 96.6319846777088
3733 96.6240716527608
3734 96.6149351820611
3735 96.6105996785384
3736 96.6189815883233
3737 96.6386519199358
3738 96.6600455327453
3739 96.6758013818324
3740 96.6835696943424
3741 96.6818458742919
3742 96.6682176877374
3743 96.6441113985768
3744 96.6202934429921
3745 96.6107896337019
3746 96.615840451226
3747 96.6228044606218
3748 96.6217859829274
3749 96.6120455214701
3750 96.6014162903189
3751 96.5981707957812
3752 96.5999217304066
3753 96.5974757956477
3754 96.5883483719453
3755 96.5780592442154
3756 96.5733727845576
3757 96.5780914132672
3758 96.5922987687465
3759 96.612625700556
3760 96.6338004279918
3761 96.6520659508534
3762 96.6672769257543
3763 96.6810472015949
3764 96.6932513132652
3765 96.7014391223886
3766 96.7027993483069
3767 96.6967706138326
3768 96.6866714877002
3769 96.6784434695709
3770 96.6767388643228
3771 96.6809236610763
3772 96.6855053885208
3773 96.6856180928049
3774 96.6806328072085
3775 96.6729618199264
3776 96.66536156817
3777 96.6599361005574
3778 96.6590843672876
3779 96.6654908044407
3780 96.6787979675486
3781 96.6932142354522
3782 96.7013753552813
3783 96.7006522048677
3784 96.6948927838797
3785 96.6907250756201
3786 96.691492743922
3787 96.6944122229789
3788 96.6939910411176
3789 96.6871886460949
3790 96.6750978847297
3791 96.6608222874275
3792 96.6469102820348
3793 96.6348921384777
3794 96.6268516324381
3795 96.6266373827848
3796 96.6374579085739
3797 96.6564257405118
3798 96.6736463635064
3799 96.6790069570282
3800 96.6698832431954
3801 96.6535030227659
3802 96.6410987208182
3803 96.6369383559593
3804 96.6365612702612
3805 96.6353628827942
3806 96.6342201483558
3807 96.6380637165265
3808 96.6484871251051
3809 96.6607587377871
3810 96.6697226254045
3811 96.6740140103798
3812 96.6745587812157
3813 96.6716099054478
3814 96.6644596357457
3815 96.654344838591
3816 96.6461545494698
3817 96.6443758963626
3818 96.6479698699907
3819 96.6514408868389
3820 96.6505888035819
3821 96.6463606263192
3822 96.6418453402386
3823 96.6377814838492
3824 96.6342496638582
3825 96.6323930064172
3826 96.6335814386997
3827 96.6383008847214
3828 96.6443943690284
3829 96.6483478239056
3830 96.6484269963986
3831 96.6462968052714
3832 96.6457275345643
3833 96.6489408115672
3834 96.6540436889051
3835 96.6567412202791
3836 96.6545865445928
3837 96.6496290755986
3838 96.6463420671943
3839 96.6459453024395
3840 96.6444600674214
3841 96.6380212997584
3842 96.628082634861
3843 96.6205067901543
3844 96.6197499649941
3845 96.6251717919981
3846 96.6327835224807
3847 96.6390983944475
3848 96.6427688109835
3849 96.6433596838566
3850 96.6399821684669
3851 96.6322096771493
3852 96.622346652482
3853 96.616111342607
3854 96.6154669215557
3855 96.613860917794
3856 96.6088302200486
3857 96.6047065544448
3858 96.6032748762668
3859 96.6040119039439
3860 96.6061572844098
3861 96.6086389775845
3862 96.6095202131511
3863 96.6078467347209
3864 96.6050747654136
3865 96.6036276591267
3866 96.6039079930002
3867 96.6046863447495
3868 96.6059822321694
3869 96.6102868550549
3870 96.6192153977326
3871 96.6279073285723
3872 96.6283731906756
3873 96.6192831969906
3874 96.6073706493028
3875 96.6003585533016
3876 96.6000829223624
3877 96.602806719918
3878 96.6050947784142
3879 96.6077087912712
3880 96.6139374295003
3881 96.6231552603947
3882 96.6285692170642
3883 96.6255138516293
3884 96.6173850281002
3885 96.6118966016571
3886 96.612901646943
3887 96.615869707323
3888 96.6141131171145
3889 96.6065831546894
3890 96.5971566044923
3891 96.5908650631307
3892 96.5899596821764
3893 96.5923144425732
3894 96.5951729907886
3895 96.5986323010685
3896 96.6035710865476
3897 96.6090352825927
3898 96.612593657611
3899 96.6128131853308
3900 96.6113218066099
3901 96.6120893384739
3902 96.6180558056055
3903 96.6276339071147
3904 96.6343067833756
3905 96.6309913180387
3906 96.6163698674282
3907 96.5960173145053
3908 96.5769829266727
3909 96.5626351077174
3910 96.5521677789779
3911 96.5433396069494
3912 96.5352640104091
3913 96.5291350580152
3914 96.5265442580816
3915 96.5277158676476
3916 96.531125996376
3917 96.5345619410461
3918 96.5363344353954
3919 96.5360946063508
3920 96.5351630522052
3921 96.5358030160733
3922 96.5397106843501
3923 96.5469323685184
3924 96.5558827506322
3925 96.5639865990972
3926 96.5688382181136
3927 96.5697359310165
3928 96.5684187386213
3929 96.5677346873733
3930 96.5696047271184
3931 96.5739666614461
3932 96.5788880061385
3933 96.5816303887272
3934 96.5808047480558
3935 96.5778906182372
3936 96.5760094584708
3937 96.5768277356158
3938 96.5788400223989
3939 96.5788175702552
3940 96.5752655969509
3941 96.5706537615988
3942 96.569907090295
3943 96.5757383176254
3944 96.5851604720238
3945 96.5917337363958
3946 96.5915857006955
3947 96.5865679409299
3948 96.582097026228
3949 96.5820457690022
3950 96.5853518904028
3951 96.5876583495808
3952 96.5857031086942
3953 96.579306525023
3954 96.5697079333046
3955 96.5574139688743
3956 96.5425054504308
3957 96.52675276611
3958 96.5142506313958
3959 96.5090360806877
3960 96.5119017817644
3961 96.5196834636164
3962 96.5274917866325
3963 96.5317842179901
3964 96.5320529737322
3965 96.5303049083801
3966 96.5289629227863
3967 96.5288554149276
3968 96.5288524511153
3969 96.5273776666647
3970 96.5243942792319
3971 96.5219037198766
3972 96.5223864422496
3973 96.5268039696806
3974 96.5340521138438
3975 96.5420688365926
3976 96.5493280886659
3977 96.5555674744675
3978 96.5615843723381
3979 96.5684674185738
3980 96.576523790629
3981 96.5843146170103
3982 96.5886471995604
3983 96.5860328064249
3984 96.5749116174568
3985 96.5571902459374
3986 96.5380651445505
3987 96.5239272017001
3988 96.5190320944704
3989 96.52284101815
3990 96.5303378605027
3991 96.5356971220812
3992 96.5364093621899
3993 96.5340427902974
3994 96.5312311671498
3995 96.5285487065134
3996 96.5247497281772
3997 96.519331087963
3998 96.513865075007
3999 96.5099975814261
4000 96.5076551768142
