#Datum: 21.01.2016 16:19:44
#Quelle: pulver_c

#Daten:
#cm-1 %T
515 78.7523250247128
516 83.8048980301969
517 86.7087632085278
518 87.6116113194368
519 88.1962261409876
520 89.79706068867
521 92.3068383924722
522 94.4999459924129
523 95.2075878326018
524 94.2610416662388
525 92.4787478839558
526 90.9396945145281
527 90.2860187010744
528 90.5278091740065
529 91.2688951500427
530 92.0310653390774
531 92.4943779077301
532 92.604017083496
533 92.5173324124553
534 92.4369929995026
535 92.4573404962018
536 92.5290257704896
537 92.5522767288468
538 92.5080722898615
539 92.4969328640986
540 92.6444834327593
541 92.968972290951
542 93.3442910073436
543 93.5997830464867
544 93.6665899172126
545 93.6226082441633
546 93.5852629971478
547 93.5719196417245
548 93.4863040713615
549 93.2447945961116
550 92.8963423918297
551 92.5976186583932
552 92.4761286415187
553 92.5363999744339
554 92.695823230846
555 92.8824337458781
556 93.0738161287215
557 93.25253465129
558 93.3651578422949
559 93.3571421674422
560 93.2415004449863
561 93.1056701598076
562 93.0382126018002
563 93.0527907165759
564 93.0847900798699
565 93.0506258250459
566 92.8996941973755
567 92.6221450685425
568 92.2438854284725
569 91.840376470114
570 91.5427439155646
571 91.4902795363002
572 91.7432029832544
573 92.229804545171
574 92.781546030546
575 93.233161692062
576 93.5103677021586
577 93.6416630089223
578 93.6984237990344
579 93.7260309737618
580 93.7214499628884
581 93.6626087247806
582 93.5538304549437
583 93.4435032101822
584 93.395029587996
585 93.4344265209164
586 93.5242412762241
587 93.5954242022243
588 93.614621222912
589 93.6218223450509
590 93.6975222609271
591 93.8865281820537
592 94.1476560336523
593 94.3760315065136
594 94.4804695687046
595 94.4490118029513
596 94.3495685533904
597 94.2722830805912
598 94.2648489545395
599 94.3103650191592
600 94.3592681430598
601 94.3824850606538
602 94.396114975462
603 94.4375416901604
604 94.5219146921149
605 94.6245556814133
606 94.7051558564714
607 94.7464799334335
608 94.7684197312489
609 94.8062872916487
610 94.8780556487782
611 94.9712946426216
612 95.0571891550103
613 95.1146871648501
614 95.1458451388205
615 95.1763486457338
616 95.243411699402
617 95.3718065464077
618 95.5467263679781
619 95.7110391566236
620 95.8028738640662
621 95.8031068982534
622 95.7475953920142
623 95.6963421750262
624 95.6904548435768
625 95.7326874347618
626 95.8004879948851
627 95.8708227013669
628 95.9323142694551
629 95.980687067046
630 96.0108429848583
631 96.0168784172814
632 95.9997506607474
633 95.9734317854753
634 95.9613193525096
635 95.9831896380003
636 96.0429714848248
637 96.1288028553252
638 96.2249118810521
639 96.3223909423772
640 96.4179992834581
641 96.5057711350114
642 96.5750833625964
643 96.6183333275891
644 96.6368311048595
645 96.6362947477214
646 96.6190882025278
647 96.5860651443712
648 96.5469757570851
649 96.5236722115397
650 96.5353602747691
651 96.5785239286367
652 96.6254167331498
653 96.645642481022
654 96.6309043984542
655 96.600436194635
656 96.583521564248
657 96.5960697703867
658 96.6308809273669
659 96.6664909084982
660 96.6848391326557
661 96.6832439295572
662 96.6729821464596
663 96.6677947914736
664 96.6732112588646
665 96.6852114961815
666 96.6949375140648
667 96.6941621969146
668 96.686568096139
669 96.6898369445402
670 96.7035312230528
671 96.7109912853207
672 96.7064593438143
673 96.6924548110254
674 96.6738105682702
675 96.6555301867276
676 96.6395087078897
677 96.6221396267773
678 96.596932407185
679 96.5606774350947
680 96.5178840902387
681 96.4786411756612
682 96.4507912146898
683 96.4336101768867
684 96.4189947554889
685 96.3984349855928
686 96.3684491936754
687 96.3298543376375
688 96.2832065345353
689 96.2256674355298
690 96.151880748507
691 96.0578616169852
692 95.9445930346151
693 95.8172668064015
694 95.6801303962889
695 95.5325610871095
696 95.3707215248005
697 95.1902511202789
698 94.9825894798828
699 94.7290192392928
700 94.4033544157366
701 93.9799442487052
702 93.429980589251
703 92.7021229242113
704 91.7001148955533
705 90.2532868663096
706 88.0631151068318
707 84.6790347415916
708 79.6600872889322
709 73.0117175026697
710 65.6676892097436
711 59.5111603028153
712 56.6330560415593
713 58.1853279105766
714 63.6634318871518
715 71.2026302424705
716 78.6680046176691
717 84.6816973307373
718 88.90487079459
719 91.6559086938387
720 93.4054611136314
721 94.5174734703224
722 95.2319206357774
723 95.7134815828211
724 96.0685418633703
725 96.3506203934889
726 96.5804591675898
727 96.7667635872931
728 96.9120468486275
729 97.0121259994971
730 97.062961928791
731 97.0716744627386
732 97.0594134250162
733 97.0527466287831
734 97.0712222555354
735 97.1196019280653
736 97.1881854325319
737 97.259945811993
738 97.3197772131358
739 97.3605627496521
740 97.3837925884414
741 97.3961268737148
742 97.4044794300544
743 97.4120207301831
744 97.4172680119523
745 97.4167330921324
746 97.4084877690616
747 97.3933915062317
748 97.3740602673461
749 97.3541477043458
750 97.3382516836208
751 97.3299222918652
752 97.3278081697154
753 97.3247707544468
754 97.3132905445502
755 97.2926234312242
756 97.2693612479628
757 97.2498998616799
758 97.2331260122781
759 97.2117493181842
760 97.1806133832442
761 97.1426060332849
762 97.1061830960221
763 97.0779457897082
764 97.0579579161157
765 97.0409958986122
766 97.0206708321967
767 96.9923665788997
768 96.954219349405
769 96.9075303375011
770 96.8571489916165
771 96.81095512737
772 96.7776453973902
773 96.763281427275
774 96.768267103636
775 96.7867125537202
776 96.8088862487804
777 96.8251727358638
778 96.8290243924183
779 96.8180954869865
780 96.7945516923444
781 96.7646656773963
782 96.7362999456434
783 96.7147847225061
784 96.7012440702869
785 96.6959214785049
786 96.7021666995488
787 96.7240415323283
788 96.7583168917395
789 96.7910502595617
790 96.8060329837954
791 96.7981535765381
792 96.7769896532434
793 96.7563273423472
794 96.741369560282
795 96.7269873838672
796 96.7063618923885
797 96.6781914057196
798 96.6454264845027
799 96.6107053986025
800 96.5763966269076
801 96.5484128434434
802 96.5363283933895
803 96.5468290215417
804 96.576667257907
805 96.6132242627195
806 96.6432168628938
807 96.6617215833866
808 96.6732458084452
809 96.6840436058056
810 96.6931636423149
811 96.6910936542642
812 96.667784990015
813 96.6227747393813
814 96.5679734558956
815 96.5204523488598
816 96.4911328949119
817 96.4780836208301
818 96.4690648716031
819 96.4510279717372
820 96.4190711079881
821 96.3776703351369
822 96.3338276243561
823 96.2894996197968
824 96.2407266393772
825 96.1828381705984
826 96.1150692490153
827 96.0406622082144
828 95.9640620352582
829 95.8874170121179
830 95.8072501917236
831 95.7140690940304
832 95.5980143312148
833 95.4570986957262
834 95.2995370019998
835 95.1377425356719
836 94.9802781643575
837 94.8260402485063
838 94.6600285540354
839 94.4556047173029
840 94.1883610887288
841 93.8417582646199
842 93.3705794430865
843 92.6435201777684
844 91.4695606837883
845 89.7794638861676
846 87.8436254340522
847 86.2672203063986
848 85.6499029661361
849 86.144387488379
850 87.3112060066646
851 88.4163058854682
852 88.9015761114932
853 88.6283688626958
854 87.7645665609691
855 86.5207364880626
856 84.9940088278761
857 83.1780459321196
858 81.0284558742313
859 78.4895542396564
860 75.4898398444747
861 71.9503593624994
862 67.811246442558
863 63.0494115806645
864 57.676452540514
865 51.7401258169242
866 45.3615260962963
867 38.8080296143014
868 32.5481442668506
869 27.208813403804
870 23.4056035082027
871 21.522505739323
872 21.5841894414776
873 23.3095782628983
874 26.2991247196594
875 30.2151309406824
876 34.8446053388196
877 40.0437668075102
878 45.6487139326953
879 51.4398867653829
880 57.1875243250918
881 62.7356587631084
882 68.0487808381566
883 73.1692784276511
884 78.1047194992465
885 82.7314674267109
886 86.8014316095572
887 90.0593990472661
888 92.3857675455998
889 93.8591695999465
890 94.702597273934
891 95.1676909356732
892 95.4434154612531
893 95.6322298127001
894 95.7751945385625
895 95.8850853347997
896 95.9658208895319
897 96.0203828130197
898 96.0541533365956
899 96.074595328296
900 96.0873855635174
901 96.0933955061481
902 96.0907750239679
903 96.0800766079734
904 96.0667094048086
905 96.0576313869303
906 96.0553599994692
907 96.0547918533802
908 96.0459829534673
909 96.0213494889787
910 95.9820215482208
911 95.9381673385594
912 95.9026255565109
913 95.8827168837922
914 95.8765778653574
915 95.8764158193067
916 95.8754468095114
917 95.8727557080772
918 95.872465057412
919 95.8783439365094
920 95.8887944210872
921 95.896995673396
922 95.8963466223462
923 95.8859650078335
924 95.8706253210521
925 95.8553570506588
926 95.8407533199489
927 95.8238745734291
928 95.8028215154216
929 95.7791050191684
930 95.7555432246399
931 95.7332814575739
932 95.7118153688074
933 95.6910407395384
934 95.6718286187819
935 95.654673713358
936 95.6392280618324
937 95.6257813835417
938 95.6159858391092
939 95.6106962196962
940 95.6073642390012
941 95.6011164805742
942 95.5892527103244
943 95.5740714858141
944 95.560473050147
945 95.5509467137277
946 95.5433638904572
947 95.533338814624
948 95.5180973326749
949 95.4984243096601
950 95.4781562018386
951 95.4623027137134
952 95.4543828920013
953 95.4536789803544
954 95.4544497732219
955 95.4488233529662
956 95.4318421133838
957 95.4043883511944
958 95.3713494685632
959 95.3370417372179
960 95.3023220851426
961 95.2655051591237
962 95.2252437103355
963 95.1821315568595
964 95.1375787546848
965 95.0911634308228
966 95.0390644108614
967 94.9755920439545
968 94.8974610804691
969 94.8076182565111
970 94.7147193599847
971 94.6274235459533
972 94.5475448497234
973 94.4680251637086
974 94.3780675989706
975 94.2715421070004
976 94.1518831688944
977 94.0298584846246
978 93.9165236232947
979 93.8168464287162
980 93.727804309661
981 93.640895847708
982 93.5466586895365
983 93.4388717573339
984 93.316992349367
985 93.1858330795018
986 93.0522893403374
987 92.9208523993846
988 92.7911659369753
989 92.6596388226727
990 92.5235491735756
991 92.3837509999986
992 92.2436841388489
993 92.1061901088518
994 91.9715107502808
995 91.8380845459892
996 91.7047448284016
997 91.5718952481609
998 91.440720817794
999 91.3115187204639
1000 91.1829273702684
1001 91.0528653287944
1002 90.9202541425258
1003 90.7856293439695
1004 90.6498398170094
1005 90.5125279116305
1006 90.3729998906864
1007 90.2334461322197
1008 90.1008207899056
1009 89.9840670881932
1010 89.8884658287579
1011 89.8127292543619
1012 89.7516419396054
1013 89.700646518007
1014 89.6570677348161
1015 89.6178708067301
1016 89.5786403333524
1017 89.536155407471
1018 89.4909688920701
1019 89.4454766144112
1020 89.3988087157158
1021 89.3447884066164
1022 89.27642180952
1023 89.1929087826659
1024 89.1018671019563
1025 89.0142250889305
1026 88.9366758166788
1027 88.8687680174831
1028 88.806820781673
1029 88.7502420806182
1030 88.7038816367481
1031 88.6742456314916
1032 88.6634357175937
1033 88.6667535112728
1034 88.676240440594
1035 88.6867324035462
1036 88.6988264749467
1037 88.7164131835448
1038 88.7416825813558
1039 88.7725571256479
1040 88.8046649185888
1041 88.8354672351958
1042 88.8664395333894
1043 88.9014639506661
1044 88.9431542278085
1045 88.9903729806134
1046 89.0388296023925
1047 89.0840147978782
1048 89.1240175399655
1049 89.1600621987081
1050 89.1945497192217
1051 89.2284903507474
1052 89.2606167907083
1053 89.2886581963058
1054 89.3111297329969
1055 89.3279674390097
1056 89.3401374535366
1057 89.3492424483349
1058 89.3570540670584
1059 89.3641570260112
1060 89.3684120739061
1061 89.3655200956328
1062 89.3522644682684
1063 89.3293993722833
1064 89.300868990954
1065 89.2704165547438
1066 89.239968419694
1067 89.211400482485
1068 89.1879766246876
1069 89.1717470183693
1070 89.1592301136079
1071 89.1415477479838
1072 89.110845880254
1073 89.0671549807585
1074 89.0184749264461
1075 88.9738253686058
1076 88.9361577356867
1077 88.9014303344504
1078 88.8632651279154
1079 88.8175646854854
1080 88.7631865054825
1081 88.7000255639824
1082 88.628232140935
1083 88.549828218884
1084 88.4704363231322
1085 88.3984537511615
1086 88.3418285245805
1087 88.3051097402955
1088 88.2889563739696
1089 88.2917255390888
1090 88.3111662776605
1091 88.345074427177
1092 88.3914085842983
1093 88.4485870740503
1094 88.5156523041452
1095 88.5916802543204
1096 88.6747951548228
1097 88.7617473472847
1098 88.8481835715515
1099 88.9289234829303
1100 88.9982927352078
1101 89.0518083756613
1102 89.0882702180688
1103 89.1124800630409
1104 89.132448081914
1105 89.1546297102062
1106 89.1806214739683
1107 89.2085541820797
1108 89.2371807992147
1109 89.2679904493424
1110 89.3035616428556
1111 89.3450124133955
1112 89.3915392354645
1113 89.4421694631469
1114 89.4964845430255
1115 89.5536783363906
1116 89.6116997132772
1117 89.668137752131
1118 89.7218157086238
1119 89.7729042279533
1120 89.8215753030658
1121 89.8672807143774
1122 89.9095592950997
1123 89.9487190251066
1124 89.9847983856549
1125 90.0159409503868
1126 90.0386895805498
1127 90.0505158559127
1128 90.0519792439052
1129 90.046160230588
1130 90.0361454062228
1131 90.0232611388738
1132 90.0073270010489
1133 89.9876919707585
1134 89.9635022862624
1135 89.9334503110873
1136 89.8962803859804
1137 89.8521998430717
1138 89.8037513053298
1139 89.7548219952486
1140 89.7081849541775
1141 89.6634000098044
1142 89.6167680818033
1143 89.5636464985045
1144 89.5018209595598
1145 89.433715922503
1146 89.3657092589591
1147 89.3046643796064
1148 89.253819750655
1149 89.2107164561548
1150 89.1683848109371
1151 89.1187722438474
1152 89.0562183354264
1153 88.9791786126679
1154 88.8896314694282
1155 88.7908594549857
1156 88.6851708083552
1157 88.5731677037173
1158 88.4549900356854
1159 88.3322530504278
1160 88.2088118440818
1161 88.0897896039244
1162 87.9800101473672
1163 87.883089819481
1164 87.8011274979788
1165 87.7343082884013
1166 87.6806310179867
1167 87.6365877964641
1168 87.5985832711817
1169 87.5635735146099
1170 87.5280881974841
1171 87.4871488984202
1172 87.4353687085311
1173 87.3701117535701
1174 87.2937398465172
1175 87.212467391781
1176 87.1328990494065
1177 87.0596427746945
1178 86.9956574486024
1179 86.9435790241981
1180 86.90538918623
1181 86.8804111844593
1182 86.8641108889003
1183 86.849523451238
1184 86.8303008120612
1185 86.8029445406152
1186 86.7671995857174
1187 86.7254447935894
1188 86.6818291170247
1189 86.6407096485019
1190 86.604336084513
1191 86.5715380157788
1192 86.5392036379446
1193 86.5053649571861
1194 86.4703256672288
1195 86.4342738702817
1196 86.3942841318608
1197 86.3447531687207
1198 86.2813012512768
1199 86.2040385349411
1200 86.1170202619766
1201 86.0251840690753
1202 85.9319711884297
1203 85.8386624456618
1204 85.7443150461825
1205 85.6459097487465
1206 85.5397442132931
1207 85.4240065012072
1208 85.3003240744798
1209 85.1725887363914
1210 85.0443251894045
1211 84.9172182247173
1212 84.7913537343471
1213 84.6654268208532
1214 84.5361344486089
1215 84.3985509934735
1216 84.2489081204123
1217 84.0876456337585
1218 83.9188481600072
1219 83.7457935807379
1220 83.5673275195762
1221 83.3795530121616
1222 83.1814046341195
1223 82.9778902236801
1224 82.7770556649467
1225 82.5835730987326
1226 82.3954750174035
1227 82.2068817417369
1228 82.0132644796505
1229 81.8140046035773
1230 81.6108615029351
1231 81.405216079777
1232 81.1970138917258
1233 80.9853660794818
1234 80.7690718344862
1235 80.5466117088037
1236 80.3167191887489
1237 80.0799054986112
1238 79.839500560101
1239 79.6006898152136
1240 79.3680957232304
1241 79.1438868773402
1242 78.9273726790944
1243 78.7154375010057
1244 78.5033042233477
1245 78.2860896700324
1246 78.0610283599842
1247 77.8286106365061
1248 77.5911046603409
1249 77.3495135571825
1250 77.1018451282569
1251 76.8442491697641
1252 76.5737254974135
1253 76.2899008589672
1254 75.9947891215828
1255 75.6912879021068
1256 75.3815919247859
1257 75.066261061428
1258 74.7444726846414
1259 74.4154377616717
1260 74.0800678224581
1261 73.7414119032105
1262 73.4033669023541
1263 73.0688057848636
1264 72.7388312033998
1265 72.4132238497786
1266 72.091034601755
1267 71.7706366288855
1268 71.4497011103042
1269 71.1256562371172
1270 70.796294757117
1271 70.4598833068608
1272 70.1148979561191
1273 69.7599206517712
1274 69.3939462554627
1275 69.0166219920674
1276 68.6280868216053
1277 68.2287906944871
1278 67.8197835024823
1279 67.4033019947104
1280 66.9829494107177
1281 66.5628291875687
1282 66.1458957232244
1283 65.7323787664146
1284 65.3193757033955
1285 64.9021709422304
1286 64.4767976072162
1287 64.0421080889514
1288 63.5997024876382
1289 63.1517116121562
1290 62.698385303043
1291 62.2377448111095
1292 61.7673987572922
1293 61.2863631978034
1294 60.794994129673
1295 60.2934736128754
1296 59.7809789587789
1297 59.2567102696026
1298 58.7215776524667
1299 58.1784735291992
1300 57.6306545704714
1301 57.079736948732
1302 56.525204379074
1303 55.9656694251648
1304 55.4005968733994
1305 54.8310187747708
1306 54.2589108270077
1307 53.686323567618
1308 53.1149689423576
1309 52.5460139626222
1310 51.9793783228705
1311 51.4135368759883
1312 50.8466564393753
1313 50.278477853105
1314 49.7106479248213
1315 49.1446916332557
1316 48.5799427220006
1317 48.0140761384391
1318 47.4456013505817
1319 46.8751744924633
1320 46.3042652724126
1321 45.7331534017641
1322 45.1608719141098
1323 44.5865964892927
1324 44.0102037775537
1325 43.4312588845512
1326 42.8479795014658
1327 42.2577109925104
1328 41.6585542504576
1329 41.0507216221205
1330 40.4363864547614
1331 39.8185660749436
1332 39.1994835599007
1333 38.5795156370583
1334 37.9575002616422
1335 37.3321044790388
1336 36.7025034321184
1337 36.067546898259
1338 35.4252620830125
1339 34.7750423618883
1340 34.1209646348255
1341 33.4710380751949
1342 32.8313233667742
1343 32.2015810831702
1344 31.5774979714591
1345 30.9559595943228
1346 30.3371101357514
1347 29.7221832189507
1348 29.1114021829823
1349 28.5048319860997
1350 27.9035895594059
1351 27.3083892963991
1352 26.7173915849648
1353 26.1270959266697
1354 25.5351719713299
1355 24.9420761281472
1356 24.3504646408674
1357 23.7646448553092
1358 23.1900311354372
1359 22.6303423175725
1360 22.0837601122211
1361 21.5432748766405
1362 21.0039592827457
1363 20.4713380966167
1364 19.9592543859115
1365 19.476768555145
1366 19.0197371021529
1367 18.576152028033
1368 18.1381694414748
1369 17.7092122975547
1370 17.2993677438868
1371 16.9139950253425
1372 16.5486222516256
1373 16.1946751145782
1374 15.8481797595698
1375 15.5121401181555
1376 15.1909610449816
1377 14.88552239433
1378 14.5943178933807
1379 14.3162979187607
1380 14.0511142097436
1381 13.7984547483511
1382 13.5592770075862
1383 13.337307046769
1384 13.1377049530418
1385 12.964051253183
1386 12.817593050827
1387 12.6995365627682
1388 12.6127210412152
1389 12.5595443464948
1390 12.5397401429475
1391 12.553369939545
1392 12.6067839585319
1393 12.7138434760783
1394 12.8864556916595
1395 13.11954262403
1396 13.3900243217834
1397 13.6744343237887
1398 13.9583585931414
1399 14.2265837600641
1400 14.4577711916609
1401 14.6403839984107
1402 14.7900700353939
1403 14.945232510216
1404 15.1468810782461
1405 15.4172134999703
1406 15.74980623249
1407 16.122680790265
1408 16.5211378368697
1409 16.94362135979
1410 17.3904597083801
1411 17.8555367335953
1412 18.3301890502244
1413 18.8094852718866
1414 19.2901098394316
1415 19.76766188046
1416 20.246305838202
1417 20.7523139736416
1418 21.3241889889735
1419 21.9655565782777
1420 22.6152873264564
1421 23.2085518198528
1422 23.748321713643
1423 24.284213119317
1424 24.8518606629679
1425 25.4447184552745
1426 26.0350987499995
1427 26.6132237352901
1428 27.1971506105872
1429 27.810012084149
1430 28.4528301358125
1431 29.0972349294485
1432 29.7066959290698
1433 30.2681847406921
1434 30.8064805751868
1435 31.3748871602523
1436 32.0200311849752
1437 32.7265411191262
1438 33.4151883069501
1439 34.0313588615749
1440 34.5944323368396
1441 35.1538333623885
1442 35.7370730093519
1443 36.3356364983893
1444 36.9278437509648
1445 37.5107839869469
1446 38.1052018308756
1447 38.7303073114815
1448 39.3789231577173
1449 40.0234358234128
1450 40.6432146510544
1451 41.2341083279305
1452 41.7941584301443
1453 42.3185920541683
1454 42.8171751205831
1455 43.3340879670307
1456 43.9403285599769
1457 44.66646705403
1458 45.4200000783103
1459 46.0669688495867
1460 46.5845288769641
1461 47.034841631755
1462 47.4832042569442
1463 47.974653705363
1464 48.5307420032908
1465 49.1368796492206
1466 49.7425894533206
1467 50.2985698361527
1468 50.7931600876395
1469 51.2498665083255
1470 51.7092426342888
1471 52.2153738119856
1472 52.7929010776478
1473 53.416867520342
1474 54.0277982081577
1475 54.5949061698357
1476 55.1331695285791
1477 55.6641420572468
1478 56.1930586256749
1479 56.7220392659919
1480 57.2638581141876
1481 57.8318747426709
1482 58.4208695988043
1483 59.0093017940201
1484 59.5833699532789
1485 60.1493034298093
1486 60.7210792099534
1487 61.3071209841105
1488 61.915192455178
1489 62.5558695737428
1490 63.2203941764283
1491 63.8627150148281
1492 64.4345981136024
1493 64.9346965907413
1494 65.407216884682
1495 65.9084968945558
1496 66.4731655272242
1497 67.0903651778684
1498 67.7140531531991
1499 68.3061624805814
1500 68.8550317037225
1501 69.3578717500329
1502 69.8111762648621
1503 70.2211058363774
1504 70.6196032459764
1505 71.0747185907916
1506 71.6680604510954
1507 72.3877506684408
1508 73.0696065903712
1509 73.6009712375534
1510 74.0314931867534
1511 74.4449799607092
1512 74.8750488891312
1513 75.312498580161
1514 75.7472189808883
1515 76.1934596454786
1516 76.6694959178633
1517 77.1604784501822
1518 77.6259549764151
1519 78.0559365738612
1520 78.4948140085752
1521 78.9927788554781
1522 79.5354404400505
1523 80.053697681707
1524 80.5163772995432
1525 80.9571465872967
1526 81.4201385818735
1527 81.9138994572197
1528 82.4092991570114
1529 82.8740007165782
1530 83.3042394002711
1531 83.7295810431955
1532 84.1993130993709
1533 84.7462741889011
1534 85.336768720711
1535 85.8861864174071
1536 86.3494274190338
1537 86.7591360185616
1538 87.1950643162252
1539 87.7447668364029
1540 88.4304042758356
1541 89.141479010173
1542 89.7599606896118
1543 90.2976433982307
1544 90.8134533840892
1545 91.3211265741832
1546 91.7976002994062
1547 92.2274981046377
1548 92.620823690679
1549 92.9949963812688
1550 93.3518607193141
1551 93.6759174162684
1552 93.9544970022228
1553 94.1904111771698
1554 94.392772439451
1555 94.5638339378581
1556 94.7026997244881
1557 94.8208945404404
1558 94.9490083756786
1559 95.1088988812532
1560 95.2601112301519
1561 95.3585414448573
1562 95.4260979561773
1563 95.4921355884126
1564 95.5651056154368
1565 95.6407570510934
1566 95.712237346412
1567 95.7766731726289
1568 95.83654874822
1569 95.8956794024875
1570 95.9531897156638
1571 96.0036795077078
1572 96.0450775418657
1573 96.0790706308138
1574 96.1059079567264
1575 96.1253328801153
1576 96.1404302967628
1577 96.1565772202459
1578 96.1775702682828
1579 96.2050956349006
1580 96.2378068897804
1581 96.2727068508414
1582 96.3075689166826
1583 96.3414246781698
1584 96.3747362953656
1585 96.4091225609327
1586 96.447076092479
1587 96.4915796170604
1588 96.5452236477379
1589 96.6087459502526
1590 96.6806984295823
1591 96.7582412105777
1592 96.8383142346556
1593 96.9181775503007
1594 96.9949219618253
1595 97.065476994873
1596 97.1279598602918
1597 97.1831184025485
1598 97.2335213545888
1599 97.2808841170105
1600 97.3242162927981
1601 97.3611185080786
1602 97.3907035536371
1603 97.4148622538171
1604 97.4372278542314
1605 97.4611898227002
1606 97.4887364020886
1607 97.5200395311891
1608 97.5539347391934
1609 97.5888643100087
1610 97.6232823918105
1611 97.6563121526219
1612 97.6877638653329
1613 97.7171741750455
1614 97.7426282722213
1615 97.7616077143398
1616 97.7735288735403
1617 97.7810829152102
1618 97.7894940607749
1619 97.8045676346502
1620 97.8290506468794
1621 97.8599600110187
1622 97.890557269087
1623 97.9132518918586
1624 97.9240707622028
1625 97.9269752311968
1626 97.9306795087062
1627 97.9411244715881
1628 97.9582749995257
1629 97.9780379882466
1630 97.9963674665563
1631 98.0117005279114
1632 98.0235824185719
1633 98.0311798413277
1634 98.0357668511575
1635 98.0452432824518
1636 98.0680195905159
1637 98.0991885363158
1638 98.1277146167158
1639 98.1481504672312
1640 98.1582902290214
1641 98.1575770113815
1642 98.1486873013378
1643 98.1366684606001
1644 98.1264593341543
1645 98.1223448828566
1646 98.1295802061856
1647 98.1507798646288
1648 98.1781669649908
1649 98.2031691080855
1650 98.2244782754898
1651 98.2407598853355
1652 98.2503846737384
1653 98.2605028175991
1654 98.2773676938582
1655 98.2966473159971
1656 98.319312202169
1657 98.3457911647996
1658 98.3710840028534
1659 98.3925037275318
1660 98.4113477947377
1661 98.4308015849649
1662 98.4518191556553
1663 98.4717657303556
1664 98.4876104109166
1665 98.4994012821529
1666 98.5079746879947
1667 98.5116105480321
1668 98.5083012007796
1669 98.5015287609126
1670 98.4987867616116
1671 98.5026163535494
1672 98.5102056126754
1673 98.5179116643855
1674 98.5225460472348
1675 98.5232405976544
1676 98.5213879505216
1677 98.5200183027553
1678 98.5223664042065
1679 98.5293756033326
1680 98.5395319609599
1681 98.5508954496318
1682 98.5629261082274
1683 98.578129679034
1684 98.5990246804121
1685 98.6188287843579
1686 98.6301094135316
1687 98.6395559823104
1688 98.6535561832322
1689 98.669496605573
1690 98.6831262654052
1691 98.6934009886207
1692 98.7032976865424
1693 98.7154532791263
1694 98.7291166972214
1695 98.7429737053409
1696 98.757155689794
1697 98.7707053891125
1698 98.7815394972334
1699 98.7887677868387
1700 98.7930771487446
1701 98.7951131912621
1702 98.7961898920971
1703 98.7991716844016
1704 98.8027223645648
1705 98.8011911623869
1706 98.7923129607424
1707 98.7808832098345
1708 98.7732481227867
1709 98.7700693405264
1710 98.7662125030329
1711 98.7564534526191
1712 98.7405732019623
1713 98.7235072079778
1714 98.7111694761214
1715 98.7061565638957
1716 98.7062688725956
1717 98.7056682874372
1718 98.6995828085949
1719 98.6899764850831
1720 98.6842166169478
1721 98.6866371007614
1722 98.6957464606874
1723 98.707124244038
1724 98.7165244614032
1725 98.7215715765945
1726 98.7225304116517
1727 98.7215474021948
1728 98.7203943732608
1729 98.7201755006684
1730 98.7210904694441
1731 98.7224604308579
1732 98.723898439863
1733 98.7258038025346
1734 98.7268740343008
1735 98.7220839300221
1736 98.7109279446184
1737 98.7008745546096
1738 98.6966442678125
1739 98.6988342965168
1740 98.7087127314359
1741 98.7280267199685
1742 98.7549965223666
1743 98.783310332893
1744 98.8052323740362
1745 98.8158932460184
1746 98.8152587523364
1747 98.8063753924499
1748 98.7931568715198
1749 98.7815881113104
1750 98.7792191370132
1751 98.7898333834432
1752 98.8083411338374
1753 98.825476531197
1754 98.8373165409346
1755 98.8454381731285
1756 98.8524994507256
1757 98.8592970195556
1758 98.8645960977004
1759 98.8683771838298
1760 98.874933245212
1761 98.8902560497322
1762 98.9148858803184
1763 98.9409341534782
1764 98.9585773627244
1765 98.965439951634
1766 98.965808457889
1767 98.9660182408934
1768 98.9711018253261
1769 98.9815951817474
1770 98.9929399272902
1771 98.99884750384
1772 98.9952748141724
1773 98.9839114053045
1774 98.9710674286686
1775 98.9606154630264
1776 98.9496994903549
1777 98.9321360790136
1778 98.9042557460771
1779 98.8674961977092
1780 98.8255200392686
1781 98.7775972349448
1782 98.7166437301309
1783 98.6333240255442
1784 98.5182140997371
1785 98.3610579362792
1786 98.149178701644
1787 97.869395222718
1788 97.509390305108
1789 97.0564990954218
1790 96.5048351316946
1791 95.8812509002639
1792 95.2715610832043
1793 94.7914197828511
1794 94.5023457765256
1795 94.3801283790952
1796 94.3697524347249
1797 94.4444390844678
1798 94.6197117267358
1799 94.9308468272605
1800 95.392675543401
1801 95.9687420052784
1802 96.5786516541815
1803 97.1401452186647
1804 97.6055096704865
1805 97.9661651173607
1806 98.2362021336156
1807 98.4374417466262
1808 98.5918255862143
1809 98.7170037623696
1810 98.8234771773816
1811 98.9146164160706
1812 98.9905587353796
1813 99.053073516894
1814 99.106104541653
1815 99.1512280379442
1816 99.1844004233232
1817 99.199947458323
1818 99.1973678712418
1819 99.1836951626892
1820 99.1688028660341
1821 99.1593107241254
1822 99.1579554281865
1823 99.165702276149
1824 99.1819588632792
1825 99.2023328278184
1826 99.2188880622259
1827 99.2261413141368
1828 99.2258701206247
1829 99.2252776884715
1830 99.2302686532769
1831 99.2399048605274
1832 99.2485529784969
1833 99.2522744582346
1834 99.2510641632258
1835 99.2476052493892
1836 99.2465939880188
1837 99.2528498462388
1838 99.2670847000379
1839 99.284437470684
1840 99.2980473639024
1841 99.3038183941525
1842 99.3029030776094
1843 99.3009834370366
1844 99.3048163843732
1845 99.3161330141258
1846 99.3299877317682
1847 99.340715292632
1848 99.3461380684054
1849 99.3473852226862
1850 99.3475185595514
1851 99.3498094707065
1852 99.3555788913674
1853 99.3630535998883
1854 99.3686892518101
1855 99.3698013430892
1856 99.3667322589225
1857 99.3616618398444
1858 99.3563524640465
1859 99.3510060348271
1860 99.345280393967
1861 99.3401126493911
1862 99.3379951495745
1863 99.3408247540524
1864 99.3476970293089
1865 99.3551848710603
1866 99.3594504543258
1867 99.3580216190989
1868 99.3505636083382
1869 99.3392071241685
1870 99.3284240769672
1871 99.3232535517476
1872 99.325845885997
1873 99.3337154370406
1874 99.3419785771945
1875 99.347449408145
1876 99.3508645932339
1877 99.3552470856619
1878 99.3622623352239
1879 99.3701525856084
1880 99.3753476508598
1881 99.3763297435774
1882 99.3754999233421
1883 99.3764493151503
1884 99.3792787169688
1885 99.379154989528
1886 99.3707193028983
1887 99.3544220313486
1888 99.3374572953514
1889 99.3278447465382
1890 99.3273932856321
1891 99.331474109901
1892 99.335752476263
1893 99.3404248800863
1894 99.3473132394462
1895 99.3553882638254
1896 99.360960086286
1897 99.3620308194865
1898 99.3606683940768
1899 99.3599746253444
1900 99.3596447353262
1901 99.3554869500041
1902 99.3434549908507
1903 99.3237967042271
1904 99.3021900184189
1905 99.287179165596
1906 99.2858315605135
1907 99.2996693343828
1908 99.3218278176473
1909 99.338531827022
1910 99.3372633954505
1911 99.3158577917594
1912 99.2844393976083
1913 99.257479166996
1914 99.243491877462
1915 99.2418338409136
1916 99.2468309438156
1917 99.2534338674306
1918 99.2596010900342
1919 99.2658826035491
1920 99.275044316469
1921 99.2909691614049
1922 99.3156688519761
1923 99.3460200608156
1924 99.374608733958
1925 99.3953396377819
1926 99.4077977378608
1927 99.4152985774493
1928 99.4201384222296
1929 99.4223155993325
1930 99.4223529824987
1931 99.4226561776467
1932 99.4254180015727
1933 99.429345469883
1934 99.4301450413479
1935 99.4251780476847
1936 99.4164388896796
1937 99.4093821380902
1938 99.4085574211169
1939 99.4139709183226
1940 99.4210184489756
1941 99.4230911066621
1942 99.4148727373214
1943 99.3954921854239
1944 99.370943972931
1945 99.3535633272194
1946 99.3563678602022
1947 99.3840585266028
1948 99.4266289554289
1949 99.4628015396296
1950 99.4738094115958
1951 99.4563561435709
1952 99.4224724576383
1953 99.3878928738958
1954 99.3625108072859
1955 99.3507526462235
1956 99.3556059436551
1957 99.3766836209588
1958 99.4040314787204
1959 99.4201351138827
1960 99.4141629003448
1961 99.3943344216424
1962 99.3820709451366
1963 99.3913974992682
1964 99.4155757931874
1965 99.4353254011055
1966 99.4394116427617
1967 99.4359643616469
1968 99.4420290999684
1969 99.4621653264896
1970 99.4808081974241
1971 99.478007286623
1972 99.450383138298
1973 99.4122352019254
1974 99.3733981902851
1975 99.3189328711436
1976 99.2184796639357
1977 99.0616019777831
1978 98.8820639907103
1979 98.739762554783
1980 98.6763655121057
1981 98.6912826083566
1982 98.7552832457898
1983 98.8367129059936
1984 98.9142381854338
1985 98.9738145768542
1986 99.0046954000464
1987 99.0041348005094
1988 98.9842656465943
1989 98.968532507131
1990 98.9763208356102
1991 99.0087947167024
1992 99.049170234856
1993 99.0775217261449
1994 99.0865548984028
1995 99.0848013161372
1996 99.0880380793229
1997 99.1092698917336
1998 99.1530691199546
1999 99.2140700543441
2000 99.2798811503199
2001 99.33847265659
2002 99.3856005501701
2003 99.4246580134086
2004 99.4576309243473
2005 99.476439243118
2006 99.4665572940893
2007 99.4214379984962
2008 99.3526160086526
2009 99.2840075836131
2010 99.2364204036788
2011 99.218108539114
2012 99.2259810785248
2013 99.2499126850894
2014 99.274820490187
2015 99.2836888959957
2016 99.2652186200856
2017 99.2220030464817
2018 99.1707125729358
2019 99.1322691421216
2020 99.1203293576019
2021 99.1370945181247
2022 99.1761712430573
2023 99.2260415920978
2024 99.2709333086482
2025 99.2923608887515
2026 99.2760088003667
2027 99.2227408492443
2028 99.1546995808248
2029 99.106691240827
2030 99.1036316937992
2031 99.139813802783
2032 99.1787557915618
2033 99.1782263700348
2034 99.1229995047222
2035 99.0378704647797
2036 98.9683527015371
2037 98.9453857756234
2038 98.9647286035862
2039 98.9959876828546
2040 99.0092227594029
2041 98.9956161674529
2042 98.9683088941427
2043 98.9473990259095
2044 98.9431662173367
2045 98.948165576906
2046 98.9410162108679
2047 98.9009313754215
2048 98.8276713837516
2049 98.7518609737099
2050 98.719142797217
2051 98.7548762196065
2052 98.8418150115114
2053 98.933237541293
2054 98.9891976741766
2055 99.0040352568563
2056 99.0022552870985
2057 99.0090730224216
2058 99.0261708438303
2059 99.0352554885324
2060 99.0213351958892
2061 98.990060559663
2062 98.963404176434
2063 98.960113826281
2064 98.9796632214105
2065 99.0029866398789
2066 99.0086043986308
2067 98.9901666150344
2068 98.960400819425
2069 98.9392278957162
2070 98.9382713489734
2071 98.9552857544306
2072 98.9802966620705
2073 99.0042209637328
2074 99.02171532381
2075 99.0295156151762
2076 99.0262409489173
2077 99.0146413031872
2078 99.0014872324374
2079 98.9930716667542
2080 98.9906392924199
2081 98.9907767058564
2082 98.9900679813683
2083 98.9886465954933
2084 98.9896653702956
2085 98.9965384141185
2086 99.0109023125012
2087 99.0319626734643
2088 99.0567012671373
2089 99.0812165717219
2090 99.1031776304928
2091 99.1232510066284
2092 99.1430986084673
2093 99.1611201736528
2094 99.1704843425216
2095 99.1624189330308
2096 99.1323557882491
2097 99.0834664846708
2098 99.0250236214205
2099 98.9681606276474
2100 98.9225825126298
2101 98.8947883943451
2102 98.8866765591654
2103 98.8946709374501
2104 98.9108595816957
2105 98.9261694555203
2106 98.933623626421
2107 98.9301099389521
2108 98.916927881625
2109 98.9000981283629
2110 98.8897488913995
2111 98.8965646945916
2112 98.9253543413897
2113 98.9699864522242
2114 99.0151757531146
2115 99.0456553517906
2116 99.0561532541374
2117 99.0540629700052
2118 99.0532137918237
2119 99.0648164780255
2120 99.0924716797125
2121 99.1325618280854
2122 99.1769312432549
2123 99.2158707561348
2124 99.2421836839722
2125 99.2560276288487
2126 99.2667613462574
2127 99.2884195675837
2128 99.3309715603415
2129 99.3938307469945
2130 99.4658214455462
2131 99.529875590752
2132 99.5680974192262
2133 99.5657247999831
2134 99.5160294164909
2135 99.4267651022154
2136 99.3234842828032
2137 99.2431234972789
2138 99.2174679950953
2139 99.2554353588354
2140 99.336261577251
2141 99.4197740701187
2142 99.4689155213414
2143 99.4703205172529
2144 99.4387654908022
2145 99.4030690531064
2146 99.3855824732348
2147 99.3910537214022
2148 99.410398761695
2149 99.4319869925015
2150 99.4502568853882
2151 99.4685694036179
2152 99.4983976149974
2153 99.5536986602409
2154 99.6365880061409
2155 99.7192872191546
2156 99.7405885231316
2157 99.6334749318998
2158 99.3762814905161
2159 99.0273614159224
2160 98.6985748275718
2161 98.4797826798331
2162 98.3886993201026
2163 98.3868082765146
2164 98.4235715156646
2165 98.4624992557369
2166 98.4845136539318
2167 98.4858698996242
2168 98.4780180624959
2169 98.4828823811468
2170 98.5191431747338
2171 98.5873740399225
2172 98.6667463493389
2173 98.7277950043456
2174 98.752732385023
2175 98.748058124541
2176 98.7387354471696
2177 98.74738772413
2178 98.7759074250392
2179 98.8058840286334
2180 98.816435841837
2181 98.8017127198283
2182 98.7724321862253
2183 98.7428229848671
2184 98.718210640873
2185 98.6947974510795
2186 98.6683022511946
2187 98.6409640688761
2188 98.6220744516235
2189 98.6237243661764
2190 98.6537210535952
2191 98.7075551620954
2192 98.7653278650902
2193 98.8005387107553
2194 98.7982456199475
2195 98.7679124278272
2196 98.7375251649184
2197 98.7326396409554
2198 98.758823470035
2199 98.801519378948
2200 98.8395983576295
2201 98.8582080350586
2202 98.852711411026
2203 98.8272310859212
2204 98.7931180600501
2205 98.7659596861794
2206 98.7581036737441
2207 98.7708525692892
2208 98.7946382375148
2209 98.8176201351784
2210 98.8328410181662
2211 98.8364268810989
2212 98.8224960429816
2213 98.7857875901876
2214 98.7315551166909
2215 98.6791447055812
2216 98.6505343326635
2217 98.6534084374779
2218 98.6763132520382
2219 98.7003182241072
2220 98.713913970239
2221 98.7169292377873
2222 98.7139542373109
2223 98.7081349959588
2224 98.7013335771277
2225 98.696542572457
2226 98.697161871029
2227 98.7042154931314
2228 98.7158207054343
2229 98.7293492604233
2230 98.7427460453843
2231 98.7533792401212
2232 98.7572130286055
2233 98.7512724380894
2234 98.737736906071
2235 98.7246592051138
2236 98.7208457545456
2237 98.7286807782181
2238 98.7417004734849
2239 98.7498621441874
2240 98.7478978984325
2241 98.7390083704116
2242 98.7308476582849
2243 98.7284523928471
2244 98.7309824847209
2245 98.7341836291777
2246 98.7346568292643
2247 98.7316201428914
2248 98.7258347044463
2249 98.7180203451565
2250 98.7084719328479
2251 98.6976450816054
2252 98.6872543061007
2253 98.6801095231394
2254 98.6788061705234
2255 98.6826794601952
2256 98.6862908683163
2257 98.6822952796656
2258 98.6677592028562
2259 98.6485341936481
2260 98.6366280912464
2261 98.6416844093533
2262 98.6626896162825
2263 98.6870117024132
2264 98.698155874333
2265 98.6872827058459
2266 98.6598859583454
2267 98.631914576094
2268 98.6181476528906
2269 98.6219011826818
2270 98.6344400039193
2271 98.6433797639375
2272 98.6421317792542
2273 98.6328685372636
2274 98.6223160363491
2275 98.615219080956
2276 98.610648102357
2277 98.6030017377123
2278 98.58650048619
2279 98.5599361736359
2280 98.5278695348679
2281 98.4972922585322
2282 98.4725512325568
2283 98.4538061432921
2284 98.4398017936151
2285 98.4313872086896
2286 98.431456630165
2287 98.4418840971791
2288 98.4613869086746
2289 98.4865098404451
2290 98.5140412794554
2291 98.541771188339
2292 98.5677645881052
2293 98.5898363074779
2294 98.6069966906801
2295 98.6207801045676
2296 98.6354388739752
2297 98.6552717152639
2298 98.6815907713026
2299 98.7105295995519
2300 98.734835600465
2301 98.7484355250389
2302 98.7510576394604
2303 98.7485625727996
2304 98.7481293614275
2305 98.7527303102336
2306 98.759521988881
2307 98.7640778329259
2308 98.7655485868033
2309 98.7679273668259
2310 98.7758847920802
2311 98.7892066856945
2312 98.8019649876876
2313 98.8062069830174
2314 98.7975127133067
2315 98.7762786830227
2316 98.7464601587792
2317 98.7128649018937
2318 98.679683051193
2319 98.6476681347754
2320 98.6123196490622
2321 98.5672603523658
2322 98.5141956590401
2323 98.4712204242278
2324 98.4639340735522
2325 98.5060685938245
2326 98.585487080868
2327 98.6719802119384
2328 98.737285159902
2329 98.7715501741914
2330 98.7867501755883
2331 98.8017552173676
2332 98.8277655982958
2333 98.8627179228113
2334 98.8988683999305
2335 98.9298635672398
2336 98.9492995949339
2337 98.9516404653821
2338 98.933482233555
2339 98.9001329713606
2340 98.8651492171852
2341 98.8462722167504
2342 98.853980264688
2343 98.8829215364186
2344 98.9137470570549
2345 98.9304295058288
2346 98.9343628401292
2347 98.9379126345881
2348 98.9472764988599
2349 98.9574676886195
2350 98.9600857502941
2351 98.9484510374469
2352 98.9249414291588
2353 98.9048393310079
2354 98.9105204165911
2355 98.9542079034402
2356 99.024810281262
2357 99.0968661724692
2358 99.1448796169
2359 99.1520895264268
2360 99.1137959282438
2361 99.0415737075126
2362 98.9640985498851
2363 98.9127814888809
2364 98.9031219235127
2365 98.9255768707362
2366 98.957625155568
2367 98.9837675925962
2368 99.0022428894115
2369 99.018009475434
2370 99.0337184737624
2371 99.0467412744156
2372 99.0519734987238
2373 99.0464019893945
2374 99.0317268705015
2375 99.0133834499049
2376 98.9969612305184
2377 98.985126623584
2378 98.9776142600293
2379 98.9733615916047
2380 98.9716564490281
2381 98.971227102702
2382 98.9694363151349
2383 98.9636058604376
2384 98.9533099515716
2385 98.9408103156025
2386 98.9288457209076
2387 98.9181596959575
2388 98.9075145401369
2389 98.8960671999223
2390 98.8852795972752
2391 98.8781388879785
2392 98.8765281082528
2393 98.8794423629352
2394 98.8835391478531
2395 98.8850642886012
2396 98.8813690555166
2397 98.8714404733023
2398 98.8561569993083
2399 98.838614159803
2400 98.8236134708551
2401 98.8154283675644
2402 98.8148026542233
2403 98.8177082481345
2404 98.8173877024781
2405 98.8083862946807
2406 98.7896909962152
2407 98.7652302473283
2408 98.7420489462636
2409 98.7272416521706
2410 98.7246035125602
2411 98.7323698552009
2412 98.7438569951079
2413 98.7513397986461
2414 98.7506460600872
2415 98.7429167658706
2416 98.7325168781507
2417 98.7235181473714
2418 98.7176960738064
2419 98.7146320949537
2420 98.7126633419044
2421 98.7098581694943
2422 98.7051223964741
2423 98.6990793929171
2424 98.6935732604334
2425 98.6896496510149
2426 98.6860205994618
2427 98.6802458929412
2428 98.6719775747431
2429 98.6646413994676
2430 98.6628757190483
2431 98.6676406729987
2432 98.6741501887766
2433 98.6754323060715
2434 98.6683826047111
2435 98.6562035884336
2436 98.6447648020945
2437 98.6368182649098
2438 98.6299967030985
2439 98.6201367090108
2440 98.6059552927047
2441 98.5904429982885
2442 98.5782851243096
2443 98.5721890361333
2444 98.5709326891712
2445 98.5698472008716
2446 98.5630900115283
2447 98.5468340578723
2448 98.5220155151673
2449 98.4946561996147
2450 98.4726720303984
2451 98.460837531241
2452 98.4577577763012
2453 98.45748967447
2454 98.4544186341142
2455 98.4470753611471
2456 98.4379375621161
2457 98.4304697962981
2458 98.4269445847924
2459 98.4285960746585
2460 98.4362963014818
2461 98.449631781961
2462 98.4651659857879
2463 98.4766478530526
2464 98.478151762053
2465 98.4677967237523
2466 98.4488555423306
2467 98.427445164301
2468 98.4086562124513
2469 98.3936812817473
2470 98.37956698538
2471 98.3617550470118
2472 98.3378606835165
2473 98.3098367207288
2474 98.2824635043045
2475 98.2592354819576
2476 98.2393811129514
2477 98.2187649384485
2478 98.1935177170216
2479 98.1627334484896
2480 98.1281830293779
2481 98.0924844375967
2482 98.0582074971889
2483 98.0281014073361
2484 98.0045280772137
2485 97.9873124639144
2486 97.9720751496854
2487 97.9515684564794
2488 97.9195123322075
2489 97.8735116667056
2490 97.8145890326426
2491 97.7446207350393
2492 97.6649153232102
2493 97.5771011966999
2494 97.4842158655956
2495 97.3896485502653
2496 97.2945283266736
2497 97.1965484366422
2498 97.0920538628062
2499 96.9797370654372
2500 96.8623699844223
2501 96.7448438455224
2502 96.6305165022626
2503 96.5194805638874
2504 96.4101595980076
2505 96.3021403124349
2506 96.1973557306861
2507 96.0991970635982
2508 96.0113957708368
2509 95.9378565500522
2510 95.882569438075
2511 95.8485522751174
2512 95.8365351878454
2513 95.8447365012392
2514 95.8695005824152
2515 95.9054523497159
2516 95.9453350106522
2517 95.981546889546
2518 96.0101234028384
2519 96.0343671720251
2520 96.0641219146773
2521 96.1101921662419
2522 96.1779788706484
2523 96.2650528264248
2524 96.3636356064231
2525 96.4650878243253
2526 96.563123332004
2527 96.6548993420851
2528 96.7409802711464
2529 96.8246956629906
2530 96.9103624424766
2531 97.0005524928547
2532 97.0944195594338
2533 97.1889443530562
2534 97.2818925319753
2535 97.3728404201872
2536 97.4605552225358
2537 97.5397337380383
2538 97.6017446650812
2539 97.6400032221621
2540 97.655327421266
2541 97.6562276003988
2542 97.6539014157776
2543 97.6563397355137
2544 97.6659444561731
2545 97.6813263304552
2546 97.7005097830396
2547 97.7223280909551
2548 97.7451807879169
2549 97.7653565996644
2550 97.777901535764
2551 97.7802783046826
2552 97.7753294215526
2553 97.7698678842769
2554 97.7695899911993
2555 97.7751066379314
2556 97.7826975239459
2557 97.7883171702604
2558 97.7905721065779
2559 97.7906451847027
2560 97.7907024087784
2561 97.7926888452126
2562 97.7974796164004
2563 97.8039292655027
2564 97.80886176863
2565 97.8091426409238
2566 97.8044932437128
2567 97.7980346773888
2568 97.793628412737
2569 97.7926689072635
2570 97.793492418042
2571 97.7934580248225
2572 97.7911545597505
2573 97.7870079809792
2574 97.7828579402939
2575 97.7814443397857
2576 97.785391735254
2577 97.7951963430213
2578 97.8075931634799
2579 97.8165219147127
2580 97.8167041302628
2581 97.8070076313463
2582 97.7909920071972
2583 97.7748804659903
2584 97.7648302216587
2585 97.7644351518254
2586 97.7727083273229
2587 97.7840262823069
2588 97.7917167779044
2589 97.793453914139
2590 97.7930912047869
2591 97.7960790622842
2592 97.8029270809088
2593 97.8082454166671
2594 97.8068006720655
2595 97.7996607362954
2596 97.7933863111445
2597 97.7935063917153
2598 97.7997809461809
2599 97.8078086094726
2600 97.8140874424331
2601 97.8188048539469
2602 97.8243717377111
2603 97.8322498317944
2604 97.8412716885949
2605 97.8484852117911
2606 97.8516090645854
2607 97.8512859284346
2608 97.8512425302745
2609 97.8557674650849
2610 97.8664227810198
2611 97.881100121023
2612 97.8964011333819
2613 97.9107839678157
2614 97.9251654018478
2615 97.9406976058299
2616 97.9565566813276
2617 97.9701944472742
2618 97.9795309309889
2619 97.9847004036392
2620 97.9878928143876
2621 97.9918300225168
2622 97.998285774898
2623 98.00755537109
2624 98.0189266380355
2625 98.0315757186127
2626 98.0450721065078
2627 98.0590938817379
2628 98.0729017062384
2629 98.085547488288
2630 98.0968897603472
2631 98.1081795712604
2632 98.1211089013526
2633 98.1359636539565
2634 98.1508189326769
2635 98.1628167807744
2636 98.1704098428826
2637 98.174488206817
2638 98.1774922656314
2639 98.1814677014869
2640 98.1866859568775
2641 98.1916985709056
2642 98.1945591923134
2643 98.1942964124069
2644 98.1916912005071
2645 98.1888700155093
2646 98.1880062977516
2647 98.1900796569995
2648 98.1945597733324
2649 98.2000543320038
2650 98.2051830570586
2651 98.2090217751439
2652 98.2112011864225
2653 98.2121175182198
2654 98.2132146939955
2655 98.2166807848464
2656 98.2242531396501
2657 98.2359587975741
2658 98.2501008832531
2659 98.2647443711147
2660 98.2793720040714
2661 98.2950813351527
2662 98.3130881576351
2663 98.3329465423668
2664 98.3521341555958
2665 98.3673949134701
2666 98.3767677186734
2667 98.3807507924866
2668 98.3818013629064
2669 98.3826597672212
2670 98.3848141481952
2671 98.3881590103773
2672 98.3918408414622
2673 98.3953601996826
2674 98.3989682989299
2675 98.4031205041884
2676 98.4075655818562
2677 98.4109696885619
2678 98.4115838198723
2679 98.4085446724495
2680 98.4026513094457
2681 98.3957759263301
2682 98.3893906240801
2683 98.3836694900158
2684 98.3779744652592
2685 98.3719187160944
2686 98.3656210114831
2687 98.3590076171124
2688 98.3514685686691
2689 98.3428185640857
2690 98.3346368485983
2691 98.3300674610506
2692 98.3315811188582
2693 98.3386708242854
2694 98.3479814061461
2695 98.355990079
2696 98.3615101218486
2697 98.3654562573577
2698 98.368518266577
2699 98.369806748352
2700 98.3680366767491
2701 98.3633593230057
2702 98.3572061281258
2703 98.350496417278
2704 98.3429685556304
2705 98.3346956274824
2706 98.3275003862798
2707 98.3239521770016
2708 98.32501058699
2709 98.3292397305551
2710 98.334291896223
2711 98.3384781497058
2712 98.3408075899112
2713 98.3405141263266
2714 98.33754738133
2715 98.3333256271584
2716 98.3300424204418
2717 98.3287718026971
2718 98.3285580756222
2719 98.3275712165204
2720 98.3248406013243
2721 98.320676865359
2722 98.3159071017825
2723 98.3113668807902
2724 98.3080478213329
2725 98.306897060373
2726 98.3077971393209
2727 98.3089015292368
2728 98.3076693015001
2729 98.3030794031561
2730 98.2968825529205
2731 98.2924815544786
2732 98.2923840367782
2733 98.2964987528093
2734 98.3025143574942
2735 98.3075833626068
2736 98.3097878743554
2737 98.3087551700686
2738 98.3056609520607
2739 98.3026933626913
2740 98.3017873753509
2741 98.3031603093076
2742 98.3049807040792
2743 98.3047356180487
2744 98.3010641570068
2745 98.2943918023393
2746 98.2862613809361
2747 98.278550645706
2748 98.2730352671819
2749 98.2705908996231
2750 98.2700477363302
2751 98.2682740256374
2752 98.262447661631
2753 98.2526987063474
2754 98.2421388779305
2755 98.2339472330428
2756 98.2286045458571
2757 98.2241932925967
2758 98.2191214459232
2759 98.2140759732861
2760 98.2112420817419
2761 98.2119137449202
2762 98.2150187360505
2763 98.2178142401614
2764 98.2178888804402
2765 98.2146493120376
2766 98.2091802848588
2767 98.2029122825248
2768 98.1965295785488
2769 98.1900801029888
2770 98.1838316418888
2771 98.1786490577584
2772 98.1754141772029
2773 98.1742665424046
2774 98.174619671993
2775 98.1758805516036
2776 98.1779204324051
2777 98.1806667521641
2778 98.1832827512475
2779 98.1840314479921
2780 98.1813444834579
2781 98.1752929661242
2782 98.1679592249385
2783 98.1621257904238
2784 98.1595033223591
2785 98.1602742060823
2786 98.164107777356
2787 98.1708835961651
2788 98.1797889107654
2789 98.1879187881755
2790 98.1907469209944
2791 98.1849277892283
2792 98.1710044545593
2793 98.1533542817913
2794 98.1373903547682
2795 98.1264939519955
2796 98.1208610709583
2797 98.1183910396263
2798 98.116346331821
2799 98.1126600712459
2800 98.1065156320579
2801 98.098259618676
2802 98.0888957071478
2803 98.0795619130564
2804 98.0713500841233
2805 98.0654237521612
2806 98.0630109512512
2807 98.0649743498673
2808 98.0711610873412
2809 98.0800200965881
2810 98.0887934739169
2811 98.0942722296188
2812 98.0939508297207
2813 98.0872386464838
2814 98.0760288268432
2815 98.0639077195784
2816 98.0541925822096
2817 98.0481788848318
2818 98.0449822428191
2819 98.0428211925848
2820 98.0402093905288
2821 98.0360495515133
2822 98.0293130975418
2823 98.0194789715757
2824 98.0074642276832
2825 97.9954883184811
2826 97.9852358089798
2827 97.9759189813054
2828 97.9645231520871
2829 97.9484596790647
2830 97.9281774393408
2831 97.9070253792726
2832 97.8883299197779
2833 97.8725271148014
2834 97.8571174366464
2835 97.839161625549
2836 97.8173785793795
2837 97.7916946636774
2838 97.7613656421701
2839 97.7244695791219
2840 97.6795872301591
2841 97.6275304904551
2842 97.5709112932786
2843 97.5120801624968
2844 97.4518319154879
2845 97.3901298013718
2846 97.3278150062951
2847 97.2675798187971
2848 97.2135095901314
2849 97.1696260485917
2850 97.13835859144
2851 97.119930753168
2852 97.1130601995363
2853 97.1161092590184
2854 97.1272890720493
2855 97.1438804364703
2856 97.162101952774
2857 97.1785266558803
2858 97.1914383039462
2859 97.200063502729
2860 97.2025627190798
2861 97.1960081711536
2862 97.1793748487809
2863 97.1562151562254
2864 97.1332170866648
2865 97.1154506205128
2866 97.1030683662928
2867 97.0925523459578
2868 97.0806010367864
2869 97.0665348115592
2870 97.0515962995896
2871 97.0369526184448
2872 97.0227576383441
2873 97.0087916743043
2874 96.9956733835308
2875 96.9855314913934
2876 96.9816258053811
2877 96.9871293548152
2878 97.0039385319334
2879 97.0323497076764
2880 97.0714072022736
2881 97.1188902635458
2882 97.1707081285997
2883 97.22106923477
2884 97.2646021841228
2885 97.2991644957624
2886 97.3264575481415
2887 97.3494941211704
2888 97.3695896916105
2889 97.386258776602
2890 97.3999014713374
2891 97.4135293207033
2892 97.4306580282107
2893 97.4511581961176
2894 97.4698700683156
2895 97.4802725121146
2896 97.4799603528391
2897 97.472348429002
2898 97.4628916540572
2899 97.4540538765236
2900 97.4444212575259
2901 97.4323309789766
2902 97.4193078964502
2903 97.4085031116598
2904 97.4015592220255
2905 97.3962153396572
2906 97.3884489715297
2907 97.3756819355652
2908 97.3575907023607
2909 97.3343992734782
2910 97.3052909235488
2911 97.2687333840958
2912 97.2240824830606
2913 97.1728977975612
2914 97.1194117467697
2915 97.0697189807618
2916 97.0297891510692
2917 97.003266752694
2918 96.9905264111451
2919 96.989597394958
2920 96.9979127504362
2921 97.0133807320609
2922 97.0343752438242
2923 97.0593141201414
2924 97.0865130480174
2925 97.1145617968154
2926 97.1430694946249
2927 97.1730103693991
2928 97.205566938705
2929 97.2396315812272
2930 97.2704053040174
2931 97.2916901961917
2932 97.300936189095
2933 97.3023967773849
2934 97.3047222526612
2935 97.3146879576496
2936 97.3326025303326
2937 97.3530672163755
2938 97.3696767932657
2939 97.3794377852544
2940 97.3840741503437
2941 97.3882575260078
2942 97.3963923123404
2943 97.4097495109595
2944 97.4254837029739
2945 97.4382907285614
2946 97.4437745508859
2947 97.4411545234313
2948 97.4333283548056
2949 97.424413956918
2950 97.4167785102527
2951 97.4096792948525
2952 97.4002151001875
2953 97.3856479711476
2954 97.365439197318
2955 97.3418483871941
2956 97.3191564477784
2957 97.3023670285012
2958 97.295839344397
2959 97.3016272395224
2960 97.3178355848777
2961 97.3385989980114
2962 97.3569616646837
2963 97.3691253610312
2964 97.3762985918822
2965 97.3821570924314
2966 97.3884851129461
2967 97.3936080405351
2968 97.3949764783298
2969 97.3925399726053
2970 97.3889593230928
2971 97.3866833988825
2972 97.3854386404201
2973 97.3827644254803
2974 97.3765737329586
2975 97.3667307115979
2976 97.3541968600755
2977 97.3393140632152
2978 97.3218037745639
2979 97.3029017910191
2980 97.2870464183134
2981 97.2803255582413
2982 97.2863168753178
2983 97.3033113870355
2984 97.3258699341162
2985 97.349086169129
2986 97.3713553264276
2987 97.3937963569193
2988 97.4183291207822
2989 97.4467160300776
2990 97.4802312427342
2991 97.5187068447168
2992 97.5597730314425
2993 97.6001558773071
2994 97.63839188432
2995 97.6757602482314
2996 97.7139009022096
2997 97.7517823360877
2998 97.7857107791844
2999 97.812465897299
3000 97.8321165309601
3001 97.8477770476286
3002 97.8629929551892
3003 97.8793254357262
3004 97.8958445817194
3005 97.9104046689322
3006 97.9215768457604
3007 97.9299250524035
3008 97.9377176142831
3009 97.9472460797718
3010 97.9590648311904
3011 97.9714253085501
3012 97.9810946018402
3013 97.98490600758
3014 97.9814650827705
3015 97.9724725097996
3016 97.9626332185912
3017 97.9573024823971
3018 97.9589739774919
3019 97.9656510526708
3020 97.9729702786118
3021 97.9780360433097
3022 97.9809340007767
3023 97.9826795512756
3024 97.9826902588673
3025 97.9792503857102
3026 97.9723538446824
3027 97.9650081716415
3028 97.9610358282995
3029 97.961935982062
3030 97.966248671831
3031 97.971358349133
3032 97.9750424764311
3033 97.9756343632428
3034 97.9723153200269
3035 97.9664676946054
3036 97.9622467002134
3037 97.964334536701
3038 97.9741557775695
3039 97.9882437853323
3040 98.0005493755823
3041 98.006519988986
3042 98.0054811031196
3043 98.0000679444164
3044 97.9940327497868
3045 97.9902368794565
3046 97.9896778844826
3047 97.9916529764719
3048 97.9948719056188
3049 97.9987151285603
3050 98.0034208118487
3051 98.0088943873904
3052 98.0135704488318
3053 98.0151634405402
3054 98.0130741396853
3055 98.0097681053303
3056 98.0088640137292
3057 98.011318259299
3058 98.0139416512596
3059 98.0123991790972
3060 98.0056681558877
3061 97.9971230463997
3062 97.9914077800021
3063 97.9908063427009
3064 97.9944121131798
3065 97.9995805284294
3066 98.0033912689304
3067 98.0035999093448
3068 97.9998400377049
3069 97.9943643517629
3070 97.9906463058624
3071 97.990465070826
3072 97.9926179862372
3073 97.9949121065557
3074 97.9970895338735
3075 98.0012656161097
3076 98.009647059367
3077 98.0222007463928
3078 98.0361560772982
3079 98.0469915740235
3080 98.0501878889476
3081 98.0436425453813
3082 98.0297104256324
3083 98.0147280583457
3084 98.0054848077559
3085 98.0052412727839
3086 98.0124391474965
3087 98.0223856781619
3088 98.0297574380432
3089 98.0304108186108
3090 98.0227373998422
3091 98.0086068688716
3092 97.9927525066965
3093 97.9801385293804
3094 97.9730789613762
3095 97.9704251403988
3096 97.9691270138992
3097 97.9665151599947
3098 97.9617323468236
3099 97.9558805999974
3100 97.9509745057846
3101 97.9481583151453
3102 97.9465617207911
3103 97.9443044795213
3104 97.9409976686463
3105 97.9388198315599
3106 97.9405049243966
3107 97.9464237045074
3108 97.9542368764847
3109 97.961359073924
3110 97.9669606577657
3111 97.9711727422491
3112 97.973265826452
3113 97.9719877367578
3114 97.967876963812
3115 97.9640628007616
3116 97.9637317454258
3117 97.9670058340834
3118 97.9711551864524
3119 97.9740530941661
3120 97.9767344083608
3121 97.9819825539559
3122 97.9905638142583
3123 97.9993093861571
3124 98.0030702816814
3125 97.9984697587644
3126 97.9860438692891
3127 97.969552653688
3128 97.9537625122214
3129 97.9423655591456
3130 97.9367450127371
3131 97.9356965149781
3132 97.9362950643857
3133 97.935849179246
3134 97.9338693047692
3135 97.9324230936588
3136 97.9342975801286
3137 97.9403311986766
3138 97.9481849475241
3139 97.9537652584083
3140 97.9542223539617
3141 97.9498966403064
3142 97.9435100761927
3143 97.937610878574
3144 97.9328907606387
3145 97.9286499040786
3146 97.9242491776747
3147 97.9198187112135
3148 97.9160286981309
3149 97.9138312864474
3150 97.9143581338032
3151 97.9183158333308
3152 97.9250446115749
3153 97.9325406180276
3154 97.938878877618
3155 97.9434810526438
3156 97.9466633897184
3157 97.948193968836
3158 97.9469272075981
3159 97.9420338234683
3160 97.9342277412704
3161 97.9256171768648
3162 97.918608207799
3163 97.9149166302616
3164 97.9148853070428
3165 97.9170112456484
3166 97.9183362181542
3167 97.9162355783338
3168 97.9104565008938
3169 97.903290310087
3170 97.8973694526693
3171 97.8932332048234
3172 97.889223997537
3173 97.8837570585418
3174 97.8773901552953
3175 97.8723613542607
3176 97.8701149342833
3177 97.8696446329393
3178 97.8686681782585
3179 97.8664453193656
3180 97.8649175880567
3181 97.8665266610911
3182 97.8709935419026
3183 97.8748382837188
3184 97.8745361254284
3185 97.8701481363101
3186 97.8655499389815
3187 97.8648542766663
3188 97.8685116499836
3189 97.8728483792472
3190 97.8734410488478
3191 97.8692246714749
3192 97.8635558663268
3193 97.8610629649334
3194 97.8630193987309
3195 97.8657585423105
3196 97.8641164259578
3197 97.8568969857703
3198 97.8488099712355
3199 97.8463947610825
3200 97.8515786567202
3201 97.8593015611618
3202 97.8617374408247
3203 97.8551040324771
3204 97.8426601374056
3205 97.8314841060734
3206 97.8266854066251
3207 97.8286448650914
3208 97.8349422752157
3209 97.843499408954
3210 97.8529681802221
3211 97.8607327538486
3212 97.8623831271678
3213 97.8546564745868
3214 97.8390302048766
3215 97.8216401747055
3216 97.8090690766642
3217 97.8041048298311
3218 97.805270623189
3219 97.8095801190642
3220 97.8151278576024
3221 97.8213847080303
3222 97.8278135507964
3223 97.8326481684862
3224 97.8331475402772
3225 97.8274825263514
3226 97.8170015376891
3227 97.8066100771471
3228 97.801940850026
3229 97.8050965056773
3230 97.8128646777853
3231 97.8192953793356
3232 97.8202252930176
3233 97.8157670272542
3234 97.8094304370379
3235 97.8055800175406
3236 97.8071071177862
3237 97.8138798014511
3238 97.8224769013094
3239 97.8281193698188
3240 97.828142702911
3241 97.8239912666615
3242 97.8194484832797
3243 97.8168093297782
3244 97.8150751883785
3245 97.8118222904525
3246 97.8061555322239
3247 97.7993640897079
3248 97.793104748583
3249 97.7877263422045
3250 97.7825527218169
3251 97.7773610024841
3252 97.7731994292536
3253 97.7716993218178
3254 97.7735405404671
3255 97.7773541423235
3256 97.7800002894666
3257 97.778185452496
3258 97.7704511231722
3259 97.7582755172734
3260 97.74556490455
3261 97.7367532489833
3262 97.7345480815456
3263 97.7386349909154
3264 97.7461141660786
3265 97.7533248749321
3266 97.7577114509027
3267 97.7585621835496
3268 97.756587527911
3269 97.7530947344985
3270 97.7494266656936
3271 97.7468584369784
3272 97.7467043409378
3273 97.750087085642
3274 97.7569781697586
3275 97.7651565203588
3276 97.7707419438769
3277 97.7709554906456
3278 97.7668098042765
3279 97.7623419559431
3280 97.7604252044499
3281 97.7596493923842
3282 97.7561901856057
3283 97.7488390022247
3284 97.7414219101129
3285 97.7398773946287
3286 97.747376643234
3287 97.7623510276286
3288 97.7801181054165
3289 97.7953349909795
3290 97.8035659434689
3291 97.8025278066468
3292 97.7930660800131
3293 97.7783872122718
3294 97.761347518945
3295 97.7426080095944
3296 97.7222002414156
3297 97.7027575379271
3298 97.6898017310012
3299 97.6874848581159
3300 97.693920159116
3301 97.7015072998494
3302 97.7026321504911
3303 97.6955726403631
3304 97.68541749059
3305 97.6798057644087
3306 97.6836542835169
3307 97.6967384105091
3308 97.7146698880326
3309 97.7315914595481
3310 97.7429790381398
3311 97.747503319603
3312 97.7469982204844
3313 97.7443873029055
3314 97.7412540605275
3315 97.737435214739
3316 97.732872900404
3317 97.7291114484546
3318 97.7281565123317
3319 97.7299386160452
3320 97.7317801684713
3321 97.7309680885866
3322 97.7276210047436
3323 97.7245276990953
3324 97.724142034666
3325 97.7260280872
3326 97.727344645499
3327 97.725662183422
3328 97.7212374791198
3329 97.7165865579204
3330 97.7137811050568
3331 97.7121760464103
3332 97.709078206949
3333 97.7029623336988
3334 97.6959303838826
3335 97.6925230789199
3336 97.6957962307012
3337 97.704610916649
3338 97.7146968856762
3339 97.7219524493097
3340 97.7246651584351
3341 97.7234031892132
3342 97.7197689807119
3343 97.7152231903976
3344 97.7101053395349
3345 97.7031267215368
3346 97.6923168751316
3347 97.677486548319
3348 97.662173131582
3349 97.6525894036623
3350 97.6535739172938
3351 97.664607357248
3352 97.6793357691078
3353 97.6892870164206
3354 97.689105651301
3355 97.6795095106115
3356 97.6661618690411
3357 97.6558577924264
3358 97.6528777207441
3359 97.6573925994398
3360 97.6660168860521
3361 97.6738498245853
3362 97.6773054298236
3363 97.6763146072878
3364 97.6740327037743
3365 97.6739041811192
3366 97.6766811622563
3367 97.6802586735524
3368 97.682120365735
3369 97.6815108564184
3370 97.6794502846853
3371 97.6774907511626
3372 97.6767476676217
3373 97.6772483966856
3374 97.6772816030701
3375 97.67381239305
3376 97.6649735488882
3377 97.6529233459581
3378 97.6436379551963
3379 97.6427701665816
3380 97.6509068904256
3381 97.6625198639222
3382 97.6696384882742
3383 97.6674767058124
3384 97.6580930409724
3385 97.6493900250735
3386 97.6495569377347
3387 97.6606531737541
3388 97.6767158490061
3389 97.688503428147
3390 97.6908149091927
3391 97.6857113190589
3392 97.6789847837329
3393 97.6738180324143
3394 97.6680488802623
3395 97.6574396315718
3396 97.6412050847077
3397 97.6243111842456
3398 97.6145709791142
3399 97.6172025167998
3400 97.6313322210892
3401 97.6508982589115
3402 97.6685217050098
3403 97.6791121723219
3404 97.681283699201
3405 97.676916025633
3406 97.6698427525884
3407 97.6639264891979
3408 97.6608411783411
3409 97.6591776714998
3410 97.6564407617124
3411 97.6525934999043
3412 97.6512665221037
3413 97.6566142519315
3414 97.6687394316632
3415 97.6826078254831
3416 97.6916828192075
3417 97.6926318127731
3418 97.6868513600005
3419 97.6783321834503
3420 97.6705685786828
3421 97.6650294489662
3422 97.6615606403485
3423 97.6595999369717
3424 97.6589867392147
3425 97.6599387998611
3426 97.6624895324106
3427 97.6659921241075
3428 97.6690985860218
3429 97.6702398939403
3430 97.6683523720824
3431 97.6634913433503
3432 97.6568195479564
3433 97.6496637304143
3434 97.6422999989491
3435 97.6339165061589
3436 97.6244172446986
3437 97.6163855331795
3438 97.6143795578178
3439 97.6210781067083
3440 97.633874688711
3441 97.6461342228649
3442 97.6526844617432
3443 97.6539788039638
3444 97.654456006366
3445 97.6572269825059
3446 97.6612228061166
3447 97.6634039238666
3448 97.6625498101254
3449 97.659968215429
3450 97.6571012123113
3451 97.6539048728845
3452 97.6499208400452
3453 97.6459049180271
3454 97.643431308764
3455 97.6429066298702
3456 97.6425402372637
3457 97.6395270796602
3458 97.6323530493296
3459 97.6223320532336
3460 97.6134262611813
3461 97.6103774794061
3462 97.6158040390644
3463 97.627950836755
3464 97.6413858534724
3465 97.6508252782062
3466 97.65492186617
3467 97.6562986713801
3468 97.6577135928924
3469 97.6584344709216
3470 97.6548920885934
3471 97.6449356271258
3472 97.6309627657553
3473 97.6185443633643
3474 97.6121149760934
3475 97.6122192211651
3476 97.6166597450643
3477 97.6236180133372
3478 97.6331843335073
3479 97.646187522802
3480 97.6622129093702
3481 97.6789195117598
3482 97.6931093223794
3483 97.7024682289268
3484 97.7063291450866
3485 97.704808701692
3486 97.6976156869355
3487 97.6843779075795
3488 97.6666099939983
3489 97.6489973106631
3490 97.6376638299677
3491 97.6362360737868
3492 97.6431855116421
3493 97.6527512409272
3494 97.6584699929661
3495 97.6565412182269
3496 97.6472062272983
3497 97.6341716317391
3498 97.6227250445912
3499 97.6170981905748
3500 97.6181287495541
3501 97.6227748426976
3502 97.6263209416432
3503 97.6262390536194
3504 97.6247516561872
3505 97.6273404166768
3506 97.6378432935274
3507 97.6543974060554
3508 97.6698152182495
3509 97.6762518089892
3510 97.6708101250885
3511 97.6577280718932
3512 97.64540198389
3513 97.6409204292388
3514 97.646244084152
3515 97.6575117520296
3516 97.6670885183427
3517 97.6676838212184
3518 97.6572344540594
3519 97.6413041660131
3520 97.6303830590214
3521 97.6332412695162
3522 97.6512374097436
3523 97.6777481597758
3524 97.7027432178926
3525 97.7186265901643
3526 97.7232201447366
3527 97.7190287916226
3528 97.7107116289841
3529 97.7023755716546
3530 97.6956957474531
3531 97.6900538926638
3532 97.6847069909092
3533 97.6807031926569
3534 97.6801411463235
3535 97.682969264474
3536 97.6848163839725
3537 97.679308068823
3538 97.6640842178579
3539 97.644574190783
3540 97.6308618561045
3541 97.6298507260612
3542 97.6397745658007
3543 97.6519474241514
3544 97.6582506283551
3545 97.6577209224044
3546 97.6561327626228
3547 97.6591369919715
3548 97.6664234659342
3549 97.6727891807736
3550 97.673326949977
3551 97.667012798118
3552 97.6568860266534
3553 97.6479690509293
3554 97.6445024809422
3555 97.6482027342807
3556 97.6582059125915
3557 97.6721858861877
3558 97.6873409367946
3559 97.7007726025731
3560 97.7096244957171
3561 97.7119223991226
3562 97.7077432128189
3563 97.69928976796
3564 97.6891734927522
3565 97.6787086934552
3566 97.6681003715944
3567 97.6576221933786
3568 97.6475899348041
3569 97.6381006127959
3570 97.6301883968698
3571 97.6258947866084
3572 97.6261143559822
3573 97.6290623221297
3574 97.6315095149836
3575 97.6321640361565
3576 97.6335762849011
3577 97.6400665543292
3578 97.6530656156125
3579 97.6687684220788
3580 97.6805066806429
3581 97.6835105861351
3582 97.6774064560108
3583 97.665143053893
3584 97.6504957003289
3585 97.637347755394
3586 97.6300584936963
3587 97.6321244447835
3588 97.6415298766708
3589 97.6496519117268
3590 97.6494206777188
3591 97.6426733787376
3592 97.6374997700229
3593 97.6401112987878
3594 97.6493211661561
3595 97.6575063884748
3596 97.6581892814702
3597 97.6528002704046
3598 97.6482135985228
3599 97.6486298658766
3600 97.6515913108013
3601 97.6520968339777
3602 97.6493613584684
3603 97.6482108859363
3604 97.6540386391148
3605 97.6674555478736
3606 97.6835317485872
3607 97.6948442507938
3608 97.6953962204289
3609 97.6835504436312
3610 97.6630248192269
3611 97.6407358535052
3612 97.6229310677979
3613 97.6120824775914
3614 97.6064822973315
3615 97.6026223984144
3616 97.5985193049861
3617 97.5955237594076
3618 97.5972400824409
3619 97.6053909854039
3620 97.6153038327652
3621 97.6183511731175
3622 97.6104963777135
3623 97.5959975802552
3624 97.5836861136478
3625 97.580426155971
3626 97.5858626547385
3627 97.5919920392762
3628 97.5894492055558
3629 97.5769825426078
3630 97.5629377531812
3631 97.5561684858257
3632 97.5593494849908
3633 97.569072976331
3634 97.579390111883
3635 97.5860001520271
3636 97.5889001735142
3637 97.5917222450802
3638 97.5982814009353
3639 97.6096412847724
3640 97.6244456928453
3641 97.6408774162112
3642 97.6573595671225
3643 97.6710609579866
3644 97.677074152596
3645 97.6707317778762
3646 97.651239063313
3647 97.6239386049432
3648 97.5985172157429
3649 97.5828619203316
3650 97.5764427302514
3651 97.5728867200504
3652 97.5687166908754
3653 97.5646716814428
3654 97.5620281054163
3655 97.5619084974942
3656 97.5658907149579
3657 97.5743905720509
3658 97.5851548990302
3659 97.5952279912316
3660 97.6034917893605
3661 97.6096303988594
3662 97.6139569734696
3663 97.6182890510645
3664 97.6267196411896
3665 97.6428544601321
3666 97.6654962568987
3667 97.6877153078632
3668 97.7004459626963
3669 97.6993005093961
3670 97.6886559407112
3671 97.6774277520305
3672 97.6703799932962
3673 97.666489361149
3674 97.6640240247673
3675 97.6650713363916
3676 97.6720263786625
3677 97.6804328000476
3678 97.6827117788275
3679 97.6765150123987
3680 97.6641535766129
3681 97.6496471623668
3682 97.6375645046676
3683 97.6315762699246
3684 97.6328899879669
3685 97.639088276429
3686 97.6445877900056
3687 97.6431616838812
3688 97.631910662324
3689 97.6140918835163
3690 97.596742587651
3691 97.584737349871
3692 97.5787392152609
3693 97.5773938130257
3694 97.579855653333
3695 97.5859844838769
3696 97.5953722498356
3697 97.6071533120245
3698 97.6202046428707
3699 97.6334855425433
3700 97.6449892164298
3701 97.6514873319106
3702 97.65007072307
3703 97.6411337552092
3704 97.629043436495
3705 97.6187382642429
3706 97.6125222305009
3707 97.6099064722329
3708 97.6094700498016
3709 97.6100990015167
3710 97.6121969315454
3711 97.6178535981687
3712 97.6291154849998
3713 97.6449160804588
3714 97.661520571696
3715 97.6755644888011
3716 97.6859309095428
3717 97.693611442314
3718 97.6997588533164
3719 97.7043926653126
3720 97.7071611947972
3721 97.7090655311427
3722 97.7118328408327
3723 97.7154389345979
3724 97.7166464987847
3725 97.7119745031836
3726 97.7015506130281
3727 97.6888305702667
3728 97.6768932782366
3729 97.6660381020345
3730 97.6553485776084
3731 97.6443942369647
3732 97.6330336897421
3733 97.6204687717009
3734 97.6065358254833
3735 97.5952025220441
3736 97.5938809903409
3737 97.6065220202228
3738 97.6298949954798
3739 97.6573571249
3740 97.6834715772737
3741 97.703934845599
3742 97.713868209837
3743 97.7102162492646
3744 97.6968009327669
3745 97.6848302613948
3746 97.6812148689416
3747 97.6822782094077
3748 97.6811869462128
3749 97.6742342070304
3750 97.6628073965603
3751 97.6503806244626
3752 97.6372383996734
3753 97.6219403055683
3754 97.606306244168
3755 97.5949061588697
3756 97.5913686443926
3757 97.5963706214843
3758 97.6077914615774
3759 97.6217641314667
3760 97.6346942091994
3761 97.6449903238736
3762 97.6526455222148
3763 97.6576517216981
3764 97.6588830370866
3765 97.6557143487918
3766 97.6490250881377
3767 97.6406151763559
3768 97.6328828020216
3769 97.628886657747
3770 97.6309557289584
3771 97.6376709579811
3772 97.6437402850999
3773 97.6452014575556
3774 97.6431119095667
3775 97.6416237374272
3776 97.6432582519063
3777 97.6465837527726
3778 97.6486427453114
3779 97.6490575471778
3780 97.6502758741142
3781 97.6538684155969
3782 97.6582251688584
3783 97.6609218634995
3784 97.6613032377354
3785 97.6598870338153
3786 97.6558779513089
3787 97.6471123224385
3788 97.6330093889856
3789 97.6164569178896
3790 97.6023351147862
3791 97.594071543281
3792 97.5918486521702
3793 97.5934761250147
3794 97.5968629031596
3795 97.6021415003603
3796 97.6111972507713
3797 97.6241140876036
3798 97.636720461203
3799 97.6423673881345
3800 97.637433167692
3801 97.6260622084222
3802 97.6184508359905
3803 97.620686579803
3804 97.6289695068766
3805 97.6356965332284
3806 97.6367918435027
3807 97.6340230886932
3808 97.6310298296107
3809 97.6295399802954
3810 97.6298838935807
3811 97.6326650389474
3812 97.6383067289777
3813 97.6449444090359
3814 97.6489861959603
3815 97.6491445598592
3816 97.6488921970262
3817 97.6519070901303
3818 97.6561765898335
3819 97.6557879365063
3820 97.6486932021421
3821 97.6403420606816
3822 97.6373206276781
3823 97.6382105078504
3824 97.6362423480459
3825 97.6283928857449
3826 97.6188256077824
3827 97.6153230224461
3828 97.6215620265726
3829 97.6341347129093
3830 97.646056242924
3831 97.6524919638814
3832 97.65301203798
3833 97.6500572570335
3834 97.6463680788652
3835 97.6437626715297
3836 97.6431233544947
3837 97.6446719519299
3838 97.6473483989878
3839 97.6483700988761
3840 97.6449306165694
3841 97.6366269485302
3842 97.6259169048818
3843 97.6169053269851
3844 97.612622630775
3845 97.6143104529549
3846 97.6217745551432
3847 97.6339821618736
3848 97.6491750604632
3849 97.6641216672064
3850 97.6740431412444
3851 97.6747595456046
3852 97.6659040318413
3853 97.6536465984937
3854 97.64481635819
3855 97.637886551385
3856 97.6290810807646
3857 97.6187367657301
3858 97.6085613024964
3859 97.6004187785127
3860 97.5957740891769
3861 97.5950702270644
3862 97.5967881931949
3863 97.59872322771
3864 97.5997133548638
3865 97.6007425522882
3866 97.6024681478588
3867 97.6036198926149
3868 97.6023973422474
3869 97.5995664627696
3870 97.5985704686713
3871 97.5998688179329
3872 97.5985845882181
3873 97.5911109428022
3874 97.5808544585299
3875 97.5760586274643
3876 97.5818666781162
3877 97.5953488614908
3878 97.6091140038746
3879 97.6183363241882
3880 97.6239906975774
3881 97.6295421451187
3882 97.6354719006619
3883 97.6396349623443
3884 97.640161240462
3885 97.6364838194645
3886 97.6288469868456
3887 97.6179748604966
3888 97.6054467559524
3889 97.5933790265213
3890 97.5832140683572
3891 97.5757426426479
3892 97.5708373382784
3893 97.5675080623238
3894 97.5650479123047
3895 97.5637189106345
3896 97.5632769425768
3897 97.5627020165352
3898 97.5616218025972
3899 97.5622245829421
3900 97.568692140389
3901 97.5833893992018
3902 97.6029828511639
3903 97.6187013826923
3904 97.6220037256231
3905 97.6115190654441
3906 97.5946623454633
3907 97.581271874774
3908 97.5763215485454
3909 97.5784655723628
3910 97.5832013635951
3911 97.5864145635208
3912 97.5861594480494
3913 97.5825909630373
3914 97.5766060210411
3915 97.5693434995379
3916 97.5621371306604
3917 97.5567603826357
3918 97.5546173108156
3919 97.5559595198284
3920 97.5602045792934
3921 97.5665029793847
3922 97.5734942120189
3923 97.5789777623778
3924 97.5805039205529
3925 97.57671145636
3926 97.5685809678268
3927 97.5593734733525
3928 97.5529262977682
3929 97.5511240615418
3930 97.5528849103526
3931 97.5555821813281
3932 97.5574935958181
3933 97.5587623449277
3934 97.5602329348853
3935 97.5618935635454
3936 97.5627874966474
3937 97.5620418743575
3938 97.5598943044699
3939 97.557392914166
3940 97.5552154659644
3941 97.553295260438
3942 97.5516205889796
3943 97.5507493614089
3944 97.5509494369913
3945 97.5516332784758
3946 97.5523960237308
3947 97.5541116986741
3948 97.5581132424809
3949 97.563697355731
3950 97.5671263425186
3951 97.564404086854
3952 97.555099343172
3953 97.5429088773865
3954 97.5325700193035
3955 97.5265174080244
3956 97.5242386063905
3957 97.5239931351191
3958 97.5243841205426
3959 97.5244193076326
3960 97.5231597246996
3961 97.5203155206745
3962 97.5170606213144
3963 97.5157364693618
3964 97.5183338633482
3965 97.5249581001058
3966 97.5333934656918
3967 97.5402847266495
3968 97.5434561572833
3969 97.5436725149532
3970 97.5439681303133
3971 97.5466341020513
3972 97.550599875886
3973 97.5522270162479
3974 97.5490960066561
3975 97.542988892439
3976 97.5388448958521
3977 97.540591669763
3978 97.5478462197998
3979 97.5562800376748
3980 97.5607608701484
3981 97.558467083385
3982 97.5499763317839
3983 97.5380473316732
3984 97.5252806439362
3985 97.51275801528
3986 97.5011684616004
3987 97.4930894872384
3988 97.4930415612536
3989 97.5039487535485
3990 97.5231315744996
3991 97.5425403379751
3992 97.5539363631575
3993 97.5542836027334
3994 97.5464608682936
3995 97.5355412438736
3996 97.5249865434823
3997 97.515665019107
3998 97.5071483631061
3999 97.4988218342889
4000 97.4908842814971
