#Datum: 21.01.2016 16:19:44
#Quelle: sonnenblumen_oel

#Daten:
#cm-1 %T
1100 0.353473463407687
1101 0.375713581084179
1102 0.400848826480145
1103 0.428926171440291
1104 0.477889563640033
1105 0.548381383275606
1106 0.621414598759996
1107 0.69247744932801
1108 0.772580091330942
1109 0.853264770391943
1110 0.907167109391514
1111 0.925865662736317
1112 0.923954247526194
1113 0.904182360717917
1114 0.854289525303248
1115 0.780905447254204
1116 0.71132960870372
1117 0.656489872432406
1118 0.606013629397828
1119 0.562599468600086
1120 0.545620891264451
1121 0.556675132507987
1122 0.576756773203105
1123 0.600643931545068
1124 0.639792591342068
1125 0.688000644371086
1126 0.718945441360251
1127 0.721289515192355
1128 0.704352018747564
1129 0.667488458339296
1130 0.598144100775664
1131 0.503530407197884
1132 0.410616558831834
1133 0.329787400623488
1134 0.251098735946977
1135 0.177540837167727
1136 0.127606507972125
1137 0.100846172441857
1138 0.0775246543209054
1139 0.0526726980852357
1140 0.0398820871740229
1141 0.0382093279782287
1142 0.0314020854279825
1143 0.0193192556778205
1144 0.0182814260591594
1145 0.0239012439734887
1146 0.0224266033192858
1147 0.0156486297521245
1148 0.0136224227361654
1149 0.0142498052195904
1150 0.0093123594618604
1151 0.00708675373034862
1152 0.00722915758835172
1153 0.00673532770330822
1154 0.00255591371151345
1155 0.00617541110394263
1156 0.0110668235736066
1157 0.00535367488173134
1158 0.00293582445538955
1159 0.0102024628558834
1160 0.0125498963259537
1161 0.00699372136328083
1162 0.00522010708355196
1163 0.0115835434639346
1164 0.0133890902474083
1165 0.00670332895675404
1166 0.00518746999878648
1167 0.0092668604741116
1168 0.0117740957875776
1169 0.0044033034216065
1170 0.00196896367075524
1171 0.00764951211003791
1172 0.00962821013562492
1173 0.00422949971519686
1174 0.00346611748507362
1175 0.00598266475964958
1176 0.00728763391116522
1177 0.0105682717537943
1178 0.0155596593427452
1179 0.0104997041806856
1180 0.0136958948421836
1181 0.0243657984056416
1182 0.0307435508683115
1183 0.0304054097961567
1184 0.0382371405243582
1185 0.0555361799551457
1186 0.0673178001254773
1187 0.0719899526107023
1188 0.085633156900231
1189 0.109523381118037
1190 0.128091476361216
1191 0.140635822785216
1192 0.163926579362751
1193 0.199610641443555
1194 0.231657742379219
1195 0.258113890956645
1196 0.295197428988761
1197 0.344994800378026
1198 0.391050559043735
1199 0.430216720136059
1200 0.477475702750819
1201 0.533913826740987
1202 0.582501718444462
1203 0.619957949204372
1204 0.661211684843175
1205 0.708000857150762
1206 0.744760869017999
1207 0.769399251566916
1208 0.797396091665643
1209 0.831388583104463
1210 0.857059780631642
1211 0.873399986576688
1212 0.89631522168531
1213 0.927180718244141
1214 0.948879624973514
1215 0.957688975270142
1216 0.967955383625459
1217 0.980715125398905
1218 0.979319627785905
1219 0.960734442266549
1220 0.94047060538573
1221 0.921720919236256
1222 0.890452008828081
1223 0.845819618760712
1224 0.804756189390231
1225 0.770823670040347
1226 0.729455511049954
1227 0.679556945790645
1228 0.638658969736199
1229 0.61098349372942
1230 0.581903338001548
1231 0.54885593241286
1232 0.526261246507187
1233 0.514943720859849
1234 0.498371361576512
1235 0.474468869398838
1236 0.460137244418453
1237 0.458893984099332
1238 0.455570575116874
1239 0.448442570094544
1240 0.454707152878475
1241 0.478156626811696
1242 0.503768585184546
1243 0.529913698181864
1244 0.573701966223928
1245 0.638698255244661
1246 0.70930654125325
1247 0.781896547879129
1248 0.870044328732336
1249 0.973577505073939
1250 1.07334188541819
1251 1.16205575867063
1252 1.25057818697683
1253 1.3386571313725
1254 1.41024751244486
1255 1.46347943677696
1256 1.51536693991785
1257 1.57100229273686
1258 1.61719090530018
1259 1.65143120779314
1260 1.68782233859695
1261 1.7287769425305
1262 1.76019884667941
1263 1.78099032108249
1264 1.80884456953615
1265 1.85081431076494
1266 1.89610179436537
1267 1.94288305008266
1268 2.00290216357653
1269 2.07353023192381
1270 2.13429916626839
1271 2.17758242552703
1272 2.21568595009515
1273 2.25291456386732
1274 2.27910414702783
1275 2.29638029669513
1276 2.32419016025121
1277 2.37115959642551
1278 2.42886427583637
1279 2.49996535076154
1280 2.60571065233847
1281 2.75896235776744
1282 2.95610380361255
1283 3.20003366521027
1284 3.50203063578331
1285 3.85347363004493
1286 4.22103985307293
1287 4.57511433057444
1288 4.90020277585898
1289 5.17674042624499
1290 5.38144828558834
1291 5.51462659316145
1292 5.60453483559671
1293 5.67639420008219
1294 5.73670403493893
1295 5.79138312044519
1296 5.85242840619668
1297 5.91782184813942
1298 5.97023209769763
1299 6.00645252254684
1300 6.04742496707116
1301 6.11216146338696
1302 6.20344861295385
1303 6.32416906432451
1304 6.48147105702902
1305 6.6647486336912
1306 6.84226695234803
1307 6.99001724178868
1308 7.10544931625068
1309 7.18825528022527
1310 7.23108873071768
1311 7.2374699180153
1312 7.22560666055366
1313 7.20405690497765
1314 7.16395697121289
1315 7.10336886712542
1316 7.03759758866272
1317 6.977742664965
1318 6.92322742054855
1319 6.88575974827163
1320 6.89730628606757
1321 6.98216914921517
1322 7.14247342059732
1323 7.37799997985253
1324 7.69401808746091
1325 8.07929074530939
1326 8.49821107306038
1327 8.91408807283642
1328 9.30262363813064
1329 9.63853858993524
1330 9.89095401478565
1331 10.0435733272062
1332 10.1032079027716
1333 10.0784429495489
1334 9.96662273493772
1335 9.77137666682526
1336 9.51357888281075
1337 9.21140588888369
1338 8.86911572616774
1339 8.50109072194521
1340 8.14618419129628
1341 7.83719084515019
1342 7.57369259801606
1343 7.34047291913188
1344 7.13022704791467
1345 6.93577769870866
1346 6.7446020993669
1347 6.55755458035754
1348 6.39399893593695
1349 6.2657344300385
1350 6.16453843874358
1351 6.084259722811
1352 6.03124083073316
1353 6.00283645363047
1354 5.97859222569717
1355 5.94473837407075
1356 5.90591901226321
1357 5.862872360352
1358 5.80288553963972
1359 5.72188231748671
1360 5.63390443083767
1361 5.54788495157683
1362 5.45720119710286
1363 5.3639651001755
1364 5.28858081471664
1365 5.2405069457142
1366 5.20672817997693
1367 5.17725300086744
1368 5.15431642817192
1369 5.12909224417085
1370 5.07341110236094
1371 4.96210582393772
1372 4.77934135308087
1373 4.50130382006128
1374 4.1097687237112
1375 3.64459209985032
1376 3.21101220356754
1377 2.92074746351503
1378 2.85873416406594
1379 3.08608440414798
1380 3.61974797396697
1381 4.41199879505512
1382 5.3782291219624
1383 6.43878087271115
1384 7.53822465484468
1385 8.65362614533312
1386 9.78753072650201
1387 10.9260571836284
1388 11.9956651441797
1389 12.8852607997874
1390 13.5073589770573
1391 13.8259024346168
1392 13.8497031412139
1393 13.6180704813397
1394 13.1993939478656
1395 12.7097282246112
1396 12.2935193976051
1397 12.0437573996484
1398 11.9773191923343
1399 12.0965215370774
1400 12.4247338557564
1401 12.9755582772236
1402 13.7413777552219
1403 14.7161396068697
1404 15.8717611473565
1405 17.0937786859548
1406 18.1776309695078
1407 18.9085938953144
1408 19.1412930952449
1409 18.8264619540461
1410 17.9800136507446
1411 16.6685058143185
1412 15.0450611376849
1413 13.3349422533233
1414 11.7458635236763
1415 10.4178399447706
1416 9.4382476695729
1417 8.847066491816
1418 8.64525097801311
1419 8.80794199115259
1420 9.24325600649258
1421 9.78494201283835
1422 10.2935947748463
1423 10.6960098383365
1424 10.9314304088244
1425 10.9385621564987
1426 10.6936266255366
1427 10.2099709167924
1428 9.52435093361041
1429 8.70434709494674
1430 7.82799470512912
1431 6.9631690719962
1432 6.17868880558384
1433 5.52021001881834
1434 4.96772108603915
1435 4.46203761762886
1436 3.97907644527738
1437 3.55202730598099
1438 3.20484567796418
1439 2.92000349630759
1440 2.68533569210802
1441 2.49694082005445
1442 2.33110594840382
1443 2.16732682184021
1444 2.02100142452633
1445 1.90845416183956
1446 1.80322595187578
1447 1.67109355648797
1448 1.52173198299357
1449 1.37784656176451
1450 1.22083481597016
1451 1.0274076319992
1452 0.825133782609094
1453 0.656626067078582
1454 0.518575659179763
1455 0.387654744455078
1456 0.282451846847614
1457 0.239500797595678
1458 0.229035626849371
1459 0.203454366485193
1460 0.182019764698931
1461 0.187001290392664
1462 0.191283304983895
1463 0.16706646894206
1464 0.136815058349759
1465 0.133552155044484
1466 0.151406383577291
1467 0.214334595390347
1468 0.444133075006863
1469 1.01633742609154
1470 2.14853004286966
1471 4.17484503379796
1472 7.4230622630815
1473 11.7111639383378
1474 16.2798445272167
1475 20.6342383225485
1476 24.8288813308511
1477 28.8936218110861
1478 32.6004894736504
1479 35.8252330493072
1480 38.7237124541938
1481 41.4257448999261
1482 43.8577237603007
1483 45.953967446139
1484 47.8069704976436
1485 49.502234287194
1486 51.0232079908886
1487 52.3782937636338
1488 53.6573622801185
1489 54.8999062933885
1490 56.0330327487832
1491 57.0424120909722
1492 57.981308202605
1493 58.8172175797959
1494 59.5054069586609
1495 60.1402820401376
1496 60.8635999115517
1497 61.6503540405591
1498 62.341840050618
1499 62.910438392069
1500 63.4618144023151
1501 64.010959214464
1502 64.4869907472205
1503 64.882442771474
1504 65.282863952196
1505 65.761551491091
1506 66.2946608625836
1507 66.8051483583497
1508 67.2410367063733
1509 67.6194064858736
1510 67.9502893477662
1511 68.2363240403187
1512 68.570810896306
1513 68.9467336770673
1514 69.2707093971355
1515 69.528858975346
1516 69.8102533073534
1517 70.1358190233656
1518 70.4259102620277
1519 70.647458517883
1520 70.8738640157316
1521 71.1598976822534
1522 71.4545880300486
1523 71.6922122199529
1524 71.8838708503018
1525 72.0636844030564
1526 72.2494622818286
1527 72.4545454683156
1528 72.6766591354518
1529 72.8842809387874
1530 73.0450408597134
1531 73.1743455941968
1532 73.3331564682034
1533 73.5421381963774
1534 73.7513994890132
1535 73.9354277781738
1536 74.0863698195592
1537 74.1864057386699
1538 74.2764581539479
1539 74.4119444332323
1540 74.6019761209748
1541 74.7673618126626
1542 74.8668601356898
1543 74.9582334599947
1544 75.0605829055226
1545 75.1839282467465
1546 75.3152247234159
1547 75.4236659376392
1548 75.4895082912967
1549 75.5425472097982
1550 75.614719291391
1551 75.7039530298186
1552 75.7905813855592
1553 75.8601762896786
1554 75.9187215005206
1555 76.0019763711348
1556 76.104847088617
1557 76.2017733209656
1558 76.2919181525378
1559 76.355217223517
1560 76.3907409374724
1561 76.4913697267536
1562 76.5577785734254
1563 76.4304094783296
1564 76.3129628896397
1565 76.3076216456005
1566 76.3612355422931
1567 76.4077130980009
1568 76.4352822578244
1569 76.4721411137036
1570 76.5152954755895
1571 76.5554555944825
1572 76.5888854370664
1573 76.5970461270696
1574 76.5713522601648
1575 76.5483872489225
1576 76.5503792974195
1577 76.5744712899225
1578 76.6036809312366
1579 76.6123976584177
1580 76.6040363027866
1581 76.607065629579
1582 76.6272371223024
1583 76.6432246506716
1584 76.6426092868773
1585 76.6354005002914
1586 76.6228430891785
1587 76.5963220209016
1588 76.5587563249911
1589 76.5249858911214
1590 76.4863907186401
1591 76.4368106639632
1592 76.3845797074224
1593 76.3351318864714
1594 76.2787325977231
1595 76.2076496549985
1596 76.1325908030469
1597 76.0652359260876
1598 76.0000236578302
1599 75.9258723580296
1600 75.8443664608111
1601 75.7600283188725
1602 75.6678090368984
1603 75.5597243802695
1604 75.4409600618536
1605 75.3218405201039
1606 75.1979361461506
1607 75.0577151394665
1608 74.9010256073794
1609 74.7418400352714
1610 74.582026004297
1611 74.4113566602888
1612 74.2464693493572
1613 74.1029655576983
1614 73.9625784078472
1615 73.7890526339586
1616 73.570816608917
1617 73.3279557022596
1618 73.1011432640806
1619 72.8969196688641
1620 72.6773163672299
1621 72.4371338616078
1622 72.1987468643606
1623 71.9689616264239
1624 71.7482384582626
1625 71.5393574210806
1626 71.321157012111
1627 71.0632746838856
1628 70.7704757551202
1629 70.4575270516764
1630 70.1283791841894
1631 69.7684785330057
1632 69.3702738473041
1633 68.9243410089644
1634 68.3827817053967
1635 67.6526227506946
1636 66.6947751152131
1637 65.5938592631468
1638 64.4086284553837
1639 63.0780909005396
1640 61.515491032713
1641 59.7551683967581
1642 57.9025689830114
1643 56.0573979499703
1644 54.2667153133793
1645 52.5651169285719
1646 51.0174626298752
1647 49.7506628518051
1648 48.8906014014259
1649 48.4004201687971
1650 48.1000852098056
1651 47.8146109679998
1652 47.4571993831537
1653 47.0316436304054
1654 46.6909831043616
1655 46.5817861266164
1656 46.6657634455799
1657 46.9070456784622
1658 47.4051807643154
1659 48.206906802985
1660 49.2474415603259
1661 50.4718289458985
1662 51.8318332764122
1663 53.1986263083422
1664 54.3963915791563
1665 55.3383543514398
1666 56.0260503376704
1667 56.4950163508243
1668 56.8118402581995
1669 57.0137329841004
1670 57.0888124931854
1671 57.0172823089914
1672 56.8297521952484
1673 56.5689074259729
1674 56.2391240173912
1675 55.8291213280735
1676 55.3804969837666
1677 54.9419571418761
1678 54.4640195549162
1679 53.8804838015765
1680 53.2504316768107
1681 52.6737327409903
1682 52.1414990473456
1683 51.5112689009946
1684 50.6708922801411
1685 49.7403362711639
1686 48.9194838197383
1687 48.1526652453605
1688 47.2893078671964
1689 46.330120307849
1690 45.3075577922566
1691 44.2378370498675
1692 43.1574111425235
1693 42.0845821056038
1694 40.9164050352999
1695 39.4905318852481
1696 37.8782075035631
1697 36.420579650456
1698 35.1981918199328
1699 33.9302598288645
1700 32.4184853118753
1701 30.9146918412714
1702 29.7990901131576
1703 28.947284013541
1704 28.1076123570596
1705 27.2822515465208
1706 26.5462855779306
1707 25.893633116287
1708 25.2618011617321
1709 24.6072588179812
1710 23.9006756874659
1711 23.1000780460074
1712 22.1757031263086
1713 21.1385014284979
1714 20.0024427279922
1715 18.7431311883471
1716 17.3093749167034
1717 15.6745995354401
1718 13.9101343681426
1719 12.1807412002164
1720 10.6000479163276
1721 9.15261466161929
1722 7.7570740701562
1723 6.35770478534121
1724 4.99617855969668
1725 3.78881023870811
1726 2.79659434307508
1727 1.98048377676976
1728 1.30478006760995
1729 0.7982465674881
1730 0.473811957931384
1731 0.268221704948761
1732 0.120507879477906
1733 0.0361839323934396
1734 0.021460104956809
1735 0.0151036365284261
1736 0.0113571968789074
1737 0.0212314050644546
1738 0.00539616675796585
1739 0.00559371110036064
1740 0.0111050789978821
1741 0.017865566113098
1742 0.00563255808366213
1743 0.00429303276907361
1744 0.0117614520641965
1745 0.0139679055885706
1746 0.00554089183956091
1747 0.00504830040515397
1748 0.0134067219936139
1749 0.0153630297413596
1750 0.00593986678503563
1751 0.00765755059754608
1752 0.0184960239303583
1753 0.0149220339784476
1754 0.00419970314255908
1755 0.00525913417407088
1756 0.0101189621455626
1757 -0.000711026520217858
1758 0.0288085030885192
1759 0.0802363521337878
1760 0.213585765872348
1761 0.528812027124358
1762 1.08990979933957
1763 1.91621505874944
1764 3.01843618504712
1765 4.40374460957617
1766 6.08515140787286
1767 8.08097875012966
1768 10.332282891766
1769 12.6606763901222
1770 14.9404934758224
1771 17.2523987944925
1772 19.7303511849767
1773 22.2627189802581
1774 24.582903416253
1775 26.632850043357
1776 28.5431983629956
1777 30.4062593329485
1778 32.2096610149502
1779 33.9384205080101
1780 35.6219040192447
1781 37.2521307271446
1782 38.7689818681149
1783 40.1700251094464
1784 41.525782172222
1785 42.8668038805284
1786 44.154376941188
1787 45.3445979214828
1788 46.4462558184977
1789 47.4770757595754
1790 48.4568589994161
1791 49.4426222170481
1792 50.4809059962245
1793 51.516584631444
1794 52.4497736925516
1795 53.2667105831491
1796 54.0282283205714
1797 54.7778838087738
1798 55.5181108548163
1799 56.2491947777867
1800 56.9890381799136
1801 57.7257179258484
1802 58.4251146284297
1803 59.0884391280096
1804 59.7366766649666
1805 60.3551614309034
1806 60.9292087148634
1807 61.4795571748056
1808 62.0432035726006
1809 62.6099666884276
1810 63.145695948947
1811 63.6598631568672
1812 64.1839446958592
1813 64.7050973440837
1814 65.1884482763842
1815 65.6482136248674
1816 66.1236204622966
1817 66.6089240720992
1818 67.0760517593421
1819 67.5244199942022
1820 67.9752346789338
1821 68.4186593249116
1822 68.8272153495875
1823 69.2169460220859
1824 69.624225844381
1825 70.0518591770146
1826 70.4701282912795
1827 70.8600224767543
1828 71.2192676154524
1829 71.5525312011317
1830 71.8805819209419
1831 72.2318331571785
1832 72.6046410727402
1833 72.9479843084355
1834 73.23242567009
1835 73.5046223231794
1836 73.8072338046816
1837 74.1218427439118
1838 74.4079495234069
1839 74.6741965733793
1840 74.9531319971208
1841 75.2299340682214
1842 75.4692949197526
1843 75.6990414635803
1844 75.9720586328157
1845 76.2797439150809
1846 76.5552248153262
1847 76.7547584584948
1848 76.9041406661414
1849 77.0542279839838
1850 77.2220148088956
1851 77.4011345251003
1852 77.5840029460881
1853 77.7576475164908
1854 77.9120269680848
1855 78.0580192447614
1856 78.2048554026055
1857 78.3471914000106
1858 78.4650977752376
1859 78.5677539960326
1860 78.6786958557181
1861 78.7899348663936
1862 78.8793584645399
1863 78.9531235285637
1864 79.0317319976715
1865 79.107670480992
1866 79.1569076455977
1867 79.1842365845324
1868 79.2170149632713
1869 79.2624344351022
1870 79.3123289889028
1871 79.3692133474756
1872 79.4218419636529
1873 79.4431403410536
1874 79.4379405279195
1875 79.4458517147056
1876 79.4887308708862
1877 79.5432769450745
1878 79.5834716009098
1879 79.6242256253448
1880 79.6891577021108
1881 79.7660807205451
1882 79.8341227594323
1883 79.9002665582483
1884 79.9812369802301
1885 80.0740203055588
1886 80.1622324149811
1887 80.2467360493621
1888 80.3413067342305
1889 80.4424681804607
1890 80.5402371747905
1891 80.6416162540976
1892 80.7493458969996
1893 80.8391546744141
1894 80.89652998063
1895 80.9490348424195
1896 81.0244178125701
1897 81.1056911772386
1898 81.1630504884534
1899 81.2030988202907
1900 81.2487383113794
1901 81.293627765686
1902 81.3170833201253
1903 81.3282328844634
1904 81.3446553574294
1905 81.3609571259383
1906 81.3600335373696
1907 81.3472785566738
1908 81.340902993953
1909 81.3355631651124
1910 81.31451479177
1911 81.2909461242282
1912 81.2769095989298
1913 81.2630007884243
1914 81.2373945376521
1915 81.2070746399504
1916 81.1822030516693
1917 81.1536332260064
1918 81.1196181470409
1919 81.1021112069175
1920 81.1023387696251
1921 81.0785716018291
1922 81.0082163686121
1923 80.9350619132529
1924 80.904585332558
1925 80.9010432618959
1926 80.8830330857539
1927 80.8495239696141
1928 80.8281716469501
1929 80.8203259052919
1930 80.8021615235791
1931 80.7782932442659
1932 80.764256648384
1933 80.7572154675391
1934 80.743749918331
1935 80.7291302976636
1936 80.7292824553055
1937 80.7355339059143
1938 80.7359057244726
1939 80.7391774472106
1940 80.7545927582859
1941 80.7715137820625
1942 80.7820727249301
1943 80.8042538380209
1944 80.8525183684181
1945 80.9053682121726
1946 80.9360747224185
1947 80.9564971424254
1948 80.9963145269194
1949 81.053876799259
1950 81.1062910314658
1951 81.1522794033591
1952 81.2065991972686
1953 81.2648594475171
1954 81.310187838792
1955 81.3469478382847
1956 81.3918601106881
1957 81.4387831195326
1958 81.4732071854822
1959 81.5001543420802
1960 81.5330308353051
1961 81.5668630570475
1962 81.588931629957
1963 81.6057969148803
1964 81.6295245797328
1965 81.6510833437923
1966 81.6559157844597
1967 81.6536901051742
1968 81.6641544261964
1969 81.6825769397564
1970 81.6897502056246
1971 81.6853612942059
1972 81.6836447620384
1973 81.6845628531666
1974 81.6765289305492
1975 81.6609737917529
1976 81.647882758537
1977 81.633320346225
1978 81.6065264036412
1979 81.5729053481895
1980 81.5449570082916
1981 81.5184730516123
1982 81.4807666923263
1983 81.4369430483174
1984 81.3996157548265
1985 81.3651426414671
1986 81.3190996853784
1987 81.2663586083727
1988 81.2240929098454
1989 81.1895695693209
1990 81.1462855162536
1991 81.095383101976
1992 81.0545758546786
1993 81.0272394783853
1994 80.9993244925054
1995 80.964234368526
1996 80.9276322536823
1997 80.8915231659481
1998 80.85289581248
1999 80.8153411632588
2000 80.7839535218606
2001 80.7534712279771
2002 80.7159784830296
2003 80.6762901445
2004 80.6415220316006
2005 80.6061085430674
2006 80.5579763466703
2007 80.5009715874658
2008 80.4466489979452
2009 80.3901617067579
2010 80.3205780481257
2011 80.2406057766949
2012 80.1598505216877
2013 80.0735588012471
2014 79.9703313788509
2015 79.8538895420097
2016 79.7365083755594
2017 79.6192159687953
2018 79.4972337480626
2019 79.3765329928225
2020 79.265147466114
2021 79.1577298707443
2022 79.0476824443814
2023 78.9446519781767
2024 78.8613062042294
2025 78.7933947108016
2026 78.7316269675618
2027 78.6819955167094
2028 78.6550163308739
2029 78.6446490361393
2030 78.6396362875546
2031 78.6427241917198
2032 78.6631297834776
2033 78.6960091637468
2034 78.7302041442857
2035 78.7680738655484
2036 78.8174818240458
2037 78.8732953954362
2038 78.924675495404
2039 78.9741593025178
2040 79.0301552824218
2041 79.0885051326793
2042 79.1402760375464
2043 79.1891839543545
2044 79.242699784739
2045 79.2949570039745
2046 79.3371829560106
2047 79.3757013584505
2048 79.4204245698484
2049 79.4649367328134
2050 79.4974852369262
2051 79.5224462497521
2052 79.5515361524678
2053 79.5827404156892
2054 79.6083007194208
2055 79.6337567452887
2056 79.6698897995866
2057 79.714000975777
2058 79.757764362333
2059 79.8053935253942
2060 79.8662134349259
2061 79.9355177069117
2062 80.0012420634296
2063 80.0640118473966
2064 80.1322285642674
2065 80.2041789247047
2066 80.2725375144018
2067 80.3398184681902
2068 80.411440849309
2069 80.4811800841548
2070 80.5409948527894
2071 80.5972345143994
2072 80.6599061725056
2073 80.7243242065046
2074 80.7809741065925
2075 80.8345367474008
2076 80.8953705526796
2077 80.960139929106
2078 81.0202038730923
2079 81.0792281567456
2080 81.1456914402191
2081 81.2157850519236
2082 81.2809065975209
2083 81.3461224441205
2084 81.4209266547639
2085 81.5006311565846
2086 81.5749461736242
2087 81.6465836711167
2088 81.7235599052396
2089 81.8011584662184
2090 81.8704657992144
2091 81.936354421677
2092 82.0081859084895
2093 82.0807143490408
2094 82.1431594190064
2095 82.1991167250774
2096 82.2585086099518
2097 82.3179770181784
2098 82.3685637834208
2099 82.4149655878202
2100 82.4675307528865
2101 82.5225373172591
2102 82.5694906648768
2103 82.6116477506946
2104 82.6593923166215
2105 82.7110665318385
2106 82.7590252827141
2107 82.8067643034181
2108 82.8623258385323
2109 82.9210785377012
2110 82.9738017240439
2111 83.0246098210914
2112 83.0826201626378
2113 83.1434988264224
2114 83.1972851502909
2115 83.247071197967
2116 83.3014798831101
2117 83.3561318367772
2118 83.4013663269326
2119 83.4411611157868
2120 83.4856865407742
2121 83.5320280156308
2122 83.570703217544
2123 83.6042961047602
2124 83.6411219486396
2125 83.6773576402889
2126 83.7039818276672
2127 83.7246735990601
2128 83.7485297905467
2129 83.7716324167597
2130 83.7841153618908
2131 83.7889924008984
2132 83.7956606245175
2133 83.8013006722323
2134 83.7969440285038
2135 83.7854910095383
2136 83.7755868847089
2137 83.7639902688139
2138 83.7419230706752
2139 83.7125729538309
2140 83.6846817450703
2141 83.6550206144783
2142 83.614558868636
2143 83.5658447613416
2144 83.5172442191272
2145 83.4664841927508
2146 83.4069938293357
2147 83.3442476412318
2148 83.2888557291615
2149 83.2398299680103
2150 83.1907308895832
2151 83.1456645475733
2152 83.1126725061676
2153 83.0877642399398
2154 83.062418193143
2155 83.0402568974168
2156 83.0295634555846
2157 83.0260244515755
2158 83.0195873293534
2159 83.011918106643
2160 83.0107983861516
2161 83.013883245516
2162 83.0144094572498
2163 83.0163441529802
2164 83.027340728595
2165 83.0430754570299
2166 83.0548179823315
2167 83.0659676263347
2168 83.0848932965001
2169 83.1080079399172
2170 83.1262534387179
2171 83.1417901309306
2172 83.1619375479768
2173 83.183203896376
2174 83.1977614527646
2175 83.2093248694945
2176 83.2261607630756
2177 83.2448196315942
2178 83.2570015356783
2179 83.2660971195742
2180 83.2808016489018
2181 83.2986802470109
2182 83.3123407952103
2183 83.3254301338046
2184 83.3460924876266
2185 83.3708715020471
2186 83.3914345848064
2187 83.4111306545505
2188 83.4385466782175
2189 83.4707133214214
2190 83.4990227199301
2191 83.52590553196
2192 83.5593886924998
2193 83.596878686846
2194 83.6304490954239
2195 83.6624930097182
2196 83.7000795581793
2197 83.7393396480616
2198 83.771445957388
2199 83.7986962650286
2200 83.829086965024
2201 83.8603920782074
2202 83.8850674049063
2203 83.9053895572818
2204 83.9283356955797
2205 83.9511271419125
2206 83.966977501736
2207 83.9793558422375
2208 83.9954071620798
2209 84.0113304795965
2210 84.0195396729002
2211 84.0241182025596
2212 84.0337470511131
2213 84.0455101589511
2214 84.0512034942826
2215 84.053451795739
2216 84.0598436471132
2217 84.0671761597622
2218 84.0674348140261
2219 84.0636289819627
2220 84.0638932832683
2221 84.0654753349079
2222 84.060128491596
2223 84.0499210677148
2224 84.0421892553934
2225 84.0343060630439
2226 84.0188780322543
2227 83.9987695520365
2228 83.9816906839284
2229 83.9651611803954
2230 83.9419008209679
2231 83.9146991345641
2232 83.8909856383397
2233 83.8680543592304
2234 83.8387031457435
2235 83.8059729084512
2236 83.777462217664
2237 83.7505191689737
2238 83.7180772064993
2239 83.6834999008624
2240 83.6546092631772
2241 83.6284172668124
2242 83.5968703461636
2243 83.5625179156756
2244 83.5335066621412
2245 83.5083300908035
2246 83.4801232499675
2247 83.4510226174808
2248 83.4271429236321
2249 83.404854635719
2250 83.3764562047299
2251 83.3450483797312
2252 83.3186688498141
2253 83.2950212284348
2254 83.2661737870451
2255 83.2333798647884
2256 83.2029949551125
2257 83.1720099862615
2258 83.1335052627736
2259 83.0898444646919
2260 83.0485393755808
2261 83.007459369707
2262 82.96036876744
2263 82.9101589668752
2264 82.8633309353897
2265 82.8168697295706
2266 82.763568773114
2267 82.7073163535082
2268 82.656426210508
2269 82.6090200273329
2270 82.557789184448
2271 82.5045898259534
2272 82.4561438192694
2273 82.4101903161252
2274 82.3601465468619
2275 82.3084532330389
2276 82.2612137608042
2277 82.2149994085704
2278 82.163051830432
2279 82.1082599229438
2280 82.0575690357644
2281 82.0067022738116
2282 81.9470882826318
2283 81.8796776088962
2284 81.8112064585
2285 81.7407736248486
2286 81.6648195889797
2287 81.5888852035148
2288 81.5204781199201
2289 81.4554129700578
2290 81.384432558199
2291 81.3119505015462
2292 81.2484976704666
2293 81.1939534923914
2294 81.1373132493742
2295 81.0758299716161
2296 81.0123996056446
2297 80.944420878445
2298 80.8675041641111
2299 80.7911351626918
2300 80.7311887914354
2301 80.6854328880053
2302 80.6370274761615
2303 80.5748058070738
2304 80.5064224101091
2305 80.439919739804
2306 80.3833160147703
2307 80.3446684208644
2308 80.3265141607467
2309 80.3108621224513
2310 80.2752636736457
2311 80.21904932009
2312 80.1624524085863
2313 80.1245382173183
2314 79.4846448411326
2315 79.4315531140472
2316 79.3690355609905
2317 79.289399655539
2318 79.1844331232867
2319 79.0646416237286
2320 78.9503929446702
2321 78.8472414970072
2322 78.7519386947579
2323 78.674631728585
2324 78.6250476216741
2325 78.5852746151193
2326 78.5285355558136
2327 78.4563459870355
2328 78.3889620389776
2329 78.3303527960889
2330 78.2735287758839
2331 78.2300803514582
2332 78.2150857492342
2333 79.66342284141
2334 79.7952647394652
2335 79.8790359184794
2336 79.9138031809008
2337 79.924639262338
2338 79.9262240412064
2339 79.9266823534843
2340 79.9505371334649
2341 80.0242800825513
2342 80.1236713615945
2343 80.138849416312
2344 80.0419141585295
2345 79.9569074356272
2346 80.0104205600156
2347 80.18967285824
2348 80.3365811862592
2349 80.3193245326358
2350 80.130661403505
2351 79.8682462675268
2352 79.6957149988949
2353 79.7517668218091
2354 79.945734883859
2355 80.0461926452364
2356 80.0548157244209
2357 80.126775482266
2358 80.2865832440098
2359 80.4885850778355
2360 80.6823572483026
2361 80.8386452498529
2362 80.9620358007441
2363 81.0381166765073
2364 81.1104484615008
2365 81.1850284231176
2366 81.2393671582369
2367 81.2857222305442
2368 81.3487808729162
2369 81.4138362304524
2370 81.4603491435026
2371 81.5012229246356
2372 81.5550567127637
2373 81.6121352798854
2374 81.654144079977
2375 81.6838628133948
2376 81.7115233946364
2377 81.7353107752121
2378 81.7576858791507
2379 81.8017433174614
2380 81.892787351901
2381 82.0320753976423
2382 82.2000310220477
2383 82.3737997175113
2384 82.5317885646767
2385 82.6532524487383
2386 82.7288885260252
2387 82.7691591436571
2388 82.7921063528019
2389 82.806204972874
2390 82.8124155537175
2391 82.8154406958948
2392 82.8208197505654
2393 82.8257866535232
2394 82.8249770899255
2395 82.8215890703558
2396 82.8222317107922
2397 82.8252608533701
2398 82.8251604523446
2399 82.823896190644
2400 82.8269547195197
2401 82.832581334285
2402 82.8361273685072
2403 82.8405222114496
2404 82.8511971640668
2405 82.8649784484394
2406 82.8752153371776
2407 82.8837093664997
2408 82.8965028762027
2409 82.912178276324
2410 82.925536137943
2411 82.9387025917434
2412 82.9573200484493
2413 82.9795892211987
2414 83.0000407407868
2415 83.0203340614638
2416 83.0455933111615
2417 83.0740033933742
2418 83.1006666031736
2419 83.1277051420948
2420 83.1598949111336
2421 83.194305950522
2422 83.224768428713
2423 83.2525310120464
2424 83.282193409037
2425 83.3114895579396
2426 83.3355712846309
2427 83.3569462480398
2428 83.3806189053028
2429 83.4038623579165
2430 83.4213647870624
2431 83.4359106831857
2432 83.4532715060016
2433 83.4711389144685
2434 83.4839029058451
2435 83.4937527656827
2436 83.5060358172624
2437 83.5181445495944
2438 83.5241687371497
2439 83.5263213248357
2440 83.5306557800271
2441 83.5355342543812
2442 83.5352797328819
2443 83.5311520092079
2444 83.5277643972196
2445 83.5226843127065
2446 83.5106416788524
2447 83.4943122418852
2448 83.4801652517732
2449 83.4673726963388
2450 83.4513228762668
2451 83.4340681756361
2452 83.4204773936631
2453 83.4078627886873
2454 83.3902626643147
2455 83.369570785727
2456 83.3520033307503
2457 83.3370841278929
2458 83.3203019667699
2459 83.3029292480298
2460 83.2889791120648
2461 83.2761781255581
2462 83.2601135422614
2463 83.2435781081994
2464 83.231752239853
2465 83.2219702684184
2466 83.208228961381
2467 83.1918559802358
2468 83.1777525697028
2469 83.1642233322862
2470 83.1466678645942
2471 83.1271765945108
2472 83.1101374992601
2473 83.092286936535
2474 83.0673859600279
2475 83.036967519533
2476 83.0064298548694
2477 82.9744953718833
2478 82.9366686850236
2479 82.8951416563884
2480 82.8550401712404
2481 82.8146292736108
2482 82.7692322499346
2483 82.7209776231344
2484 82.6747287810862
2485 82.6283782281201
2486 82.5772348999709
2487 82.5240821335275
2488 82.4748345697462
2489 82.4281561963664
2490 82.3793981586034
2491 82.3307956909354
2492 82.2874940177842
2493 82.2472310802782
2494 82.2041701850208
2495 82.1593965528856
2496 82.1176054402599
2497 82.076991967354
2498 82.032442625233
2499 81.9852658262026
2500 81.9398447650849
2501 81.8940391264784
2502 81.8426402589454
2503 81.7868486675288
2504 81.7307684758132
2505 81.6719928577879
2506 81.60530224978
2507 81.5321849929219
2508 81.4571837979129
2509 81.3783827249076
2510 81.2910691888622
2511 81.1973427917431
2512 81.102606809484
2513 81.0059131432499
2514 80.9030500159076
2515 80.7957438981335
2516 80.6886436208881
2517 80.5807137149029
2518 80.4687266359762
2519 80.3557522853869
2520 80.2471858937772
2521 80.1419457310878
2522 80.036451962734
2523 79.9335687036057
2524 79.8387246062676
2525 79.7509955032663
2526 79.6668990822692
2527 79.5891280031701
2528 79.5226712977915
2529 79.4662880910208
2530 79.4166994991613
2531 79.3770066165871
2532 79.3517375496748
2533 79.3375086240151
2534 79.3276350490687
2535 79.3218981355189
2536 79.3226456885122
2537 79.325651062275
2538 79.3246104521539
2539 79.3208613482927
2540 79.3190174435932
2541 79.3166967771178
2542 79.3081175258961
2543 79.2942071948621
2544 79.2795607230919
2545 79.2628684474816
2546 79.2397814976293
2547 79.2117971196926
2548 79.1829421029387
2549 79.1511105827708
2550 79.1119850318127
2551 79.0680996355298
2552 79.0247209203584
2553 78.9800956084336
2554 78.9289360960882
2555 78.8721802254152
2556 78.8141712283563
2557 78.7535337823633
2558 78.6859343832405
2559 78.6125754759871
2560 78.5369739990076
2561 78.4566198668751
2562 78.3667209925041
2563 78.2690294774752
2564 78.1684391205908
2565 78.064410417503
2566 77.9543429977762
2567 77.8416556355389
2568 77.7317074159668
2569 77.6233878735098
2570 77.5134890184899
2571 77.4055060166172
2572 77.3049712680524
2573 77.2096063994962
2574 77.113175385844
2575 77.0158173225889
2576 76.9218153292139
2577 76.8306337797703
2578 76.739064802774
2579 76.6488187603277
2580 76.5629975386157
2581 76.4781615161585
2582 76.388576326604
2583 76.2952214237575
2584 76.2023002793122
2585 76.1084703672121
2586 76.0102484842788
2587 75.9106214038177
2588 75.8154410374242
2589 75.724433630534
2590 75.6342009996111
2591 75.5466364692396
2592 75.465678195106
2593 75.3890335535846
2594 75.3117137070932
2595 75.2344618636158
2596 75.160123712265
2597 75.0850863080692
2598 75.0031653070032
2599 74.9150099088114
2600 74.8251794415884
2601 74.732958077117
2602 74.6344289473394
2603 74.5305155195052
2604 74.4246192769737
2605 74.3153373415669
2606 74.1996031009181
2607 74.0797425896743
2608 73.9592997828498
2609 73.8352941002329
2610 73.7027867690656
2611 73.5635835638048
2612 73.42205663148
2613 73.275823416393
2614 73.119038098661
2615 72.9516163070824
2616 72.7767991067869
2617 72.5928570500341
2618 72.3956893191586
2619 72.1866423619901
2620 71.9695514304416
2621 71.743037728648
2622 71.5036909769577
2623 71.2537516648549
2624 70.9978907371706
2625 70.7358911018553
2626 70.4665798764736
2627 70.1957226952427
2628 69.9322481973784
2629 69.6802627203048
2630 69.4425553322051
2631 69.2276610587387
2632 69.0441972817847
2633 68.8908994761919
2634 68.7603466900441
2635 68.6493670185392
2636 68.5575533060603
2637 68.4789904782226
2638 68.4046480917366
2639 68.330813597105
2640 68.2571136593357
2641 68.1789827052163
2642 68.0905170980747
2643 67.9923232660277
2644 67.8882846495099
2645 67.7768086627459
2646 67.6530446982192
2647 67.5170164333949
2648 67.3713643435791
2649 67.2134015170498
2650 67.0373943187734
2651 66.8425505207682
2652 66.6312225805311
2653 66.4016846835856
2654 66.1501982176292
2655 65.8776701634577
2656 65.5869154999718
2657 65.2762397406293
2658 64.9435481284733
2659 64.5944865353473
2660 64.2394270954814
2661 63.8852354035361
2662 63.537075828857
2663 63.2048423415288
2664 62.8995544370107
2665 62.6255524167895
2666 62.3833430984459
2667 62.1772388438951
2668 62.0124516954743
2669 61.8869344687943
2670 61.7933369200024
2671 61.7265510056061
2672 61.6822447095328
2673 61.6511151856839
2674 61.6230441783212
2675 61.5956472568567
2676 61.5721515826526
2677 61.5534992772481
2678 61.5396113820467
2679 61.5354700577184
2680 61.5480810730165
2681 61.5794736091594
2682 61.6295629633166
2683 61.7028784634858
2684 61.8046835204368
2685 61.9328837217261
2686 62.081309277649
2687 62.2484546004014
2688 62.4353478593808
2689 62.6374184772674
2690 62.8465775481654
2691 63.0592595646085
2692 63.2746879704755
2693 63.4874472927094
2694 63.6896484864252
2695 63.8784173543544
2696 64.0535830643778
2697 64.210283651201
2698 64.3418303125307
2699 64.447872444648
2700 64.5319941519668
2701 64.5932868439183
2702 64.6279345169928
2703 64.6367697338108
2704 64.623148047481
2705 64.5852080252126
2706 64.5179895127003
2707 64.4215051391533
2708 64.2994455597996
2709 64.152175791104
2710 63.9789541736578
2711 63.7856183466402
2712 63.5831091864283
2713 63.3802521659802
2714 63.1843159360712
2715 63.0051725434294
2716 62.8502538194446
2717 62.7163857999924
2718 62.5930180723557
2719 62.4712268787691
2720 62.3431302669246
2721 62.1962720134728
2722 62.0176786534169
2723 61.8028400390928
2724 61.5548433387816
2725 61.2783850705507
2726 60.9832266193256
2727 60.6917140950406
2728 60.4344612980202
2729 60.2381990180022
2730 60.1214509192764
2731 60.0960872046425
2732 60.1625506982187
2733 60.3039650539349
2734 60.49280690297
2735 60.7042429475422
2736 60.9193701325679
2737 61.1210015776758
2738 61.2962033699673
2739 61.4423672109387
2740 61.5632534706864
2741 61.6598447560522
2742 61.7310058667342
2743 61.7800333217394
2744 61.8123817026548
2745 61.8284021596568
2746 61.8254501186386
2747 61.8052985262278
2748 61.7722456783511
2749 61.7260017607912
2750 61.663938641037
2751 61.5886373043724
2752 61.5058168862686
2753 61.4163248251933
2754 61.3171247506081
2755 61.2083017943508
2756 61.0919966252358
2757 60.9663180613497
2758 60.8276148013838
2759 60.6772140580738
2760 60.5189209217152
2761 60.3514891711093
2762 60.1703379314414
2763 59.9749260079325
2764 59.7676249686388
2765 59.5471542862298
2766 59.3099375906302
2767 59.0560000480162
2768 58.7865747405182
2769 58.4976299251634
2770 58.1824777487483
2771 57.838915938876
2772 57.4671131948786
2773 57.0625343658459
2774 56.6182186679522
2775 56.1326934421121
2776 55.6091512632683
2777 55.0485821843847
2778 54.4503314515246
2779 53.8178373755326
2780 53.1573425685793
2781 52.4724622590384
2782 51.7661926736069
2783 51.0465963206007
2784 50.3242914957056
2785 49.6056371532119
2786 48.8935682279445
2787 48.1923638077704
2788 47.5050751163478
2789 46.8281514539702
2790 46.1548377256618
2791 45.482240656668
2792 44.8094573053505
2793 44.1312975527963
2794 43.440378363672
2795 42.7335191845178
2796 42.0098415778389
2797 41.2645783959933
2798 40.4913506265496
2799 39.6892051073242
2800 38.8614582346052
2801 38.0091553067531
2802 37.1313838005198
2803 36.2299957359247
2804 35.3075969920196
2805 34.3619634979035
2806 33.3879050825244
2807 32.3831208349544
2808 31.3470591833311
2809 30.2763991809658
2810 29.1679164494668
2811 28.0244836435892
2812 26.8527298217195
2813 25.6563762134088
2814 24.437217011492
2815 23.2006127308077
2816 21.9539378798419
2817 20.7007533326782
2818 19.4418098297849
2819 18.1802552338602
2820 16.9204021442767
2821 15.6628985216773
2822 14.4068912839765
2823 13.1562868011787
2824 11.9193090553608
2825 10.7037627927665
2826 9.51826057510561
2827 8.37679622212173
2828 7.29628111569028
2829 6.28957290170874
2830 5.36459149601032
2831 4.52781391335496
2832 3.78254611078741
2833 3.12440360684882
2834 2.54399513733728
2835 2.03422722817396
2836 1.59135516788469
2837 1.21100785247582
2838 0.888913349081733
2839 0.624585018331492
2840 0.418616802706489
2841 0.266440509369478
2842 0.159165336476686
2843 0.0891936626692192
2844 0.0498305905814634
2845 0.03076620689465
2846 0.0211734231106354
2847 0.0167617268980428
2848 0.0169416577944922
2849 0.0186104630529087
2850 0.0185069413853712
2851 0.0173690708833683
2852 0.0170856367123689
2853 0.01685696367694
2854 0.0153335181794956
2855 0.0136914046579669
2856 0.0138295028358432
2857 0.0143535641458497
2858 0.0129490175208352
2859 0.0109934054926436
2860 0.0109995621180269
2861 0.0116125104587512
2862 0.0105281669014603
2863 0.00901392220468839
2864 0.00898799696391826
2865 0.00957658330471621
2866 0.0090472040737602
2867 0.00826629271440387
2868 0.00948540834853992
2869 0.0114581196385665
2870 0.0114814998846395
2871 0.0105735453825677
2872 0.0123133980012263
2873 0.0170751159922381
2874 0.022909549440448
2875 0.0305399894390586
2876 0.0422318876671014
2877 0.0563381604683016
2878 0.0685736022104458
2879 0.0779770754138767
2880 0.0861358045017156
2881 0.0915413033629928
2882 0.090888535064341
2883 0.0850057737310952
2884 0.07764736230474
2885 0.069385017420773
2886 0.0584909540763895
2887 0.0466297202216084
2888 0.037580013338377
2889 0.0310282044292189
2890 0.0238078772807492
2891 0.0162556619507372
2892 0.0115203146706924
2893 0.00938985143781821
2894 0.00699795380030503
2895 0.00438610069267907
2896 0.00393120226664312
2897 0.00456905841525117
2898 0.00335869137689194
2899 0.00128054691217216
2900 0.00122021470863338
2901 0.00162374926081742
2902 0.00177843999013652
2903 0.00297654753404747
2904 0.00274938534949361
2905 0.00130482355381038
2906 0.00158151717396579
2907 0.00337892110727719
2908 0.00356916084264006
2909 0.00213132079853044
2910 0.00222778194102549
2911 0.0036029620102246
2912 0.00319707770148454
2913 0.00236306014522655
2914 0.00338012104588799
2915 0.00510086190442867
2916 0.00488211750198059
2917 0.00314328611040012
2918 0.00270805294769845
2919 0.00358993006639685
2920 0.00306375378522997
2921 0.00165025182059859
2922 0.00225848852074512
2923 0.00407646468386222
2924 0.00400767823123838
2925 0.0027707091297024
2926 0.00338567362403567
2927 0.00490786092795002
2928 0.00431678434639123
2929 0.0025208771098272
2930 0.00317104594496463
2931 0.0047083803136322
2932 0.0042107069036053
2933 0.00259815677608694
2934 0.00257882894800543
2935 0.00392463629154777
2936 0.00370062743003814
2937 0.00277476313389353
2938 0.00323739721006957
2939 0.00291395307249224
2940 0.00153266855900308
2941 0.00317570189990204
2942 0.00508118893795361
2943 0.0066634987743413
2944 0.0101531854067579
2945 0.0143098152460381
2946 0.0177129278713842
2947 0.021548483524078
2948 0.0273696125770362
2949 0.0328203654877629
2950 0.0355642015723868
2951 0.0379163962187253
2952 0.0431849648633354
2953 0.0503943577678766
2954 0.0566387355333116
2955 0.0620185978858868
2956 0.0680380200660993
2957 0.0734198334272096
2958 0.0763902062213748
2959 0.0785735316472344
2960 0.0822161771149995
2961 0.0860921069460467
2962 0.0885555851478794
2963 0.0914972047566802
2964 0.0970884290631354
2965 0.103700314293129
2966 0.109596910823727
2967 0.117805781251504
2968 0.133619331883079
2969 0.159880830365526
2970 0.199066263839782
2971 0.258591765015429
2972 0.348952737277593
2973 0.476908993722966
2974 0.646009839552985
2975 0.862154458977141
2976 1.13143409316268
2977 1.45385043463145
2978 1.82628335553833
2979 2.24984580392306
2980 2.72676902620502
2981 3.25124016750807
2982 3.81003314635464
2983 4.38992205169345
2984 4.97700399469125
2985 5.55095342409375
2986 6.08797328400078
2987 6.56790226619086
2988 6.97163461604345
2989 7.27471936744316
2990 7.45251123096468
2991 7.49050591350683
2992 7.38262040206165
2993 7.12275200686188
2994 6.70839472534082
2995 6.1535072673252
2996 5.49097406785186
2997 4.76297569751614
2998 4.01446235413778
2999 3.29134952073499
3000 2.63289307227597
3001 2.06232513787314
3002 1.58880763557457
3003 1.21548656259428
3004 0.938627885028314
3005 0.7425989532762
3006 0.606046731885668
3007 0.513410754164766
3008 0.455747909201983
3009 0.426270496023473
3010 0.424622121653996
3011 0.463592095772308
3012 0.56520307850937
3013 0.753189526506376
3014 1.05663708082972
3015 1.5182592885075
3016 2.18992732261527
3017 3.11867833342055
3018 4.34052548938198
3019 5.88010810992452
3020 7.74232481767475
3021 9.90237600285175
3022 12.3105470947055
3023 14.9073369355878
3024 17.6300288535746
3025 20.4111674277067
3026 23.1841939751984
3027 25.895184207129
3028 28.5062421509108
3029 30.9903752791154
3030 33.3299287334598
3031 35.5179997122765
3032 37.5542251362665
3033 39.4393589095918
3034 41.1781756955095
3035 42.7830559177661
3036 44.2672324227921
3037 45.6365472592381
3038 46.8942669573979
3039 48.0504721386807
3040 49.1195638230314
3041 50.1111553667746
3042 51.0305558896801
3043 51.8850690941569
3044 52.6820110315447
3045 53.4228443757223
3046 54.1066529012823
3047 54.7373648493964
3048 55.3209288551675
3049 55.8583234374169
3050 56.3482978625242
3051 56.7937945547677
3052 57.197927066784
3053 57.5564878794034
3054 57.8622517509504
3055 58.1145293863829
3056 58.3176178486471
3057 58.4732230213537
3058 58.5830173569173
3059 58.657153759548
3060 58.71297070188
3061 58.7674913083929
3062 58.8378013797773
3063 58.9453857986798
3064 59.1114468567607
3065 59.349124654917
3066 59.6662265945706
3067 60.0716192668262
3068 60.5701382926043
3069 61.1536704410785
3070 61.8052986251973
3071 62.5100489346837
3072 63.2545103057334
3073 64.0200523186787
3074 64.7860248293258
3075 65.5384274873752
3076 66.2687444828509
3077 66.9676610971627
3078 67.6279083100408
3079 68.2501269570594
3080 68.8374295169118
3081 69.3867625430487
3082 69.8934951221704
3083 70.3614156225401
3084 70.7997918021557
3085 71.2126878421436
3086 71.5989049581111
3087 71.9600676776198
3088 72.3009354290415
3089 72.623723038098
3090 72.929525325492
3091 73.2231576374211
3092 73.5094351249337
3093 73.7868826657069
3094 74.0518157192903
3095 74.3059302551982
3096 74.553134708949
3097 74.7923667430869
3098 75.0210954663028
3099 75.242764362047
3100 75.4629393683242
3101 75.680857152675
3102 75.8923027918998
3103 76.0978981939791
3104 76.3007269309864
3105 76.4986689445949
3106 76.6874256203544
3107 76.8690396799505
3108 77.0496437341768
3109 77.2305003493363
3110 77.4084313602532
3111 77.5824546046993
3112 77.7526426283926
3113 77.9153987838635
3114 78.0678190965464
3115 78.2144664727322
3116 78.3620865537493
3117 78.5098257308199
3118 78.6520912793176
3119 78.7886358274761
3120 78.9239807214555
3121 79.0588920190662
3122 79.1900474046931
3123 79.316455663434
3124 79.4390030132458
3125 79.5552866464179
3126 79.6619237406884
3127 79.7607832108549
3128 79.8566177950918
3129 79.9501493965249
3130 80.0394681817397
3131 80.1257563742744
3132 80.211265183117
3133 80.2940659270111
3134 80.3710061514888
3135 80.4432309995212
3136 80.5128176799916
3137 80.5774500385241
3138 80.6350533970116
3139 80.6903294291643
3140 80.7494669373877
3141 80.8111914354994
3142 80.870025478101
3143 80.9255014825508
3144 80.980923208128
3145 81.0358605490858
3146 81.0872976629769
3147 81.1359133355194
3148 81.1838655277143
3149 81.2287062799765
3150 81.2670439559711
3151 81.3023161027701
3152 81.3416153471406
3153 81.3863227972997
3154 81.4324016030649
3155 81.4777513905463
3156 81.5225117995296
3157 81.5644540268184
3158 81.601226809627
3159 81.6354425430236
3160 81.6710370542761
3161 81.7065561485304
3162 81.7382399184957
3163 81.7671920424657
3164 81.7969978136668
3165 81.8269486941122
3166 81.8544683960522
3167 81.8816521269531
3168 81.9123409117568
3169 81.9449631574778
3170 81.9751083176014
3171 82.0028806720445
3172 82.0312155705167
3173 82.0594236107021
3174 82.0851946344034
3175 82.1105972954197
3176 82.1392070234484
3177 82.16942915359
3178 82.1972354788734
3179 82.2233609069444
3180 82.2512734326591
3181 82.2804933198362
3182 82.3086343571154
3183 82.3375377671114
3184 82.370612094303
3185 82.4064412061154
3186 82.4417404737856
3187 82.4782832665177
3188 82.5201686780939
3189 82.5666176626082
3190 82.6141844570545
3191 82.6635686747523
3192 82.7177594015155
3193 82.7757976678752
3194 82.8349872429132
3195 82.896884342886
3196 82.9645006698323
3197 83.0360238733054
3198 83.1079041495686
3199 83.1816611555886
3200 83.2608554938124
3201 83.3439005333402
3202 83.4267552969642
3203 83.5102245648074
3204 83.5977074080114
3205 83.6879591160258
3206 83.7769386175675
3207 83.8646499054622
3208 83.9536677126341
3209 84.0430540771319
3210 84.1302598740034
3211 84.2167551386311
3212 84.3052598723071
3213 84.3936614752011
3214 84.4781386940104
3215 84.559862272825
3216 84.6421678297395
3217 84.7236981856082
3218 84.8010346485262
3219 84.8755762480967
3220 84.9509669323381
3221 85.0260111094232
3222 85.0968739909204
3223 85.1639943230998
3224 85.2302956033686
3225 85.2948302903259
3226 85.3549129778016
3227 85.4124057847283
3228 85.4711913074845
3229 85.5300697107105
3230 85.5846067947308
3231 85.6345421481909
3232 85.6833663879679
3233 85.7323945785864
3234 85.7810145066959
3235 85.8304163014957
3236 85.8811495989622
3237 85.9293760608384
3238 85.971466780831
3239 86.0100998305287
3240 86.0500041134142
3241 86.0903825186027
3242 86.1274969445642
3243 86.1616350259484
3244 86.1951136987534
3245 86.2263264064257
3246 86.2526315619925
3247 86.2766466007982
3248 86.3029375124412
3249 86.3306192866295
3250 86.3555070559994
3251 86.3772481042501
3252 86.3979852033768
3253 86.4164922349703
3254 86.4303815291406
3255 86.4418605450786
3256 86.4546157087009
3257 86.4671308884229
3258 86.4754817758822
3259 86.4805365141722
3260 86.4856902561497
3261 86.4896745469339
3262 86.4884440776905
3263 86.482323909182
3264 86.4747326100916
3265 86.4656299360246
3266 86.4523928026351
3267 86.4350254817218
3268 86.4145121242094
3269 86.3882448161756
3270 86.3535153758139
3271 86.3134488786058
3272 86.272963695596
3273 86.2309190818385
3274 86.1829094805727
3275 86.1296920886912
3276 86.075909520401
3277 86.0223955965886
3278 85.9667040700339
3279 85.9095523137114
3280 85.853766720082
3281 85.7982492829266
3282 85.7398772059801
3283 85.6804344754591
3284 85.6253395879526
3285 85.576656391373
3286 85.5333134268246
3287 85.4966185710902
3288 85.4693459628735
3289 85.4505907243541
3290 85.4375719662203
3291 85.4312680138404
3292 85.4344867787644
3293 85.4459796784267
3294 85.4623360789512
3295 85.4838587420572
3296 85.5126727096356
3297 85.5470597267759
3298 85.5836940624626
3299 85.6235974313799
3300 85.6698995380823
3301 85.7213860670921
3302 85.7737926418796
3303 85.8254144955751
3304 85.8757928374488
3305 85.9214224300315
3306 85.9588782804875
3307 85.9900274448505
3308 86.0182656331151
3309 86.0420953785104
3310 86.0586030690766
3311 86.0706930804303
3312 86.0840845292247
3313 86.0990348597355
3314 86.1114073238845
3315 86.1200536356391
3316 86.1268651301477
3317 86.1313672611875
3318 86.1315616281076
3319 86.1286358469988
3320 86.1250779500412
3321 86.1198118505704
3322 86.11057968609
3323 86.0989350523345
3324 86.0871916138114
3325 86.0729154043931
3326 86.0524699258498
3327 86.0276498762074
3328 86.0026742899382
3329 85.9769942923454
3330 85.9473529716474
3331 85.9146315282163
3332 85.8821574292642
3333 85.8493771398024
3334 85.8135703564916
3335 85.775716392928
3336 85.7382809347335
3337 85.6993500849765
3338 85.6555263860299
3339 85.6086338662192
3340 85.5630227499884
3341 85.5181800242259
3342 85.4704653659592
3343 85.4202063685931
3344 85.370576565132
3345 85.3212643227914
3346 85.2697214830193
3347 85.2168958312128
3348 85.1652349677983
3349 85.1126818693502
3350 85.0550940299621
3351 84.9932012816441
3352 84.9310063891238
3353 84.869054689034
3354 84.8054901799416
3355 84.7418742843361
3356 84.6814265633968
3357 84.6229274404767
3358 84.5625423844215
3359 84.5001527820364
3360 84.4380929399483
3361 84.3757053891022
3362 84.3113730808194
3363 84.2478716279854
3364 84.1890907484955
3365 84.13306203048
3366 84.0744069871466
3367 84.0119221757749
3368 83.9476985913608
3369 83.8810979506151
3370 83.8103773866498
3371 83.7383527309155
3372 83.669561792497
3373 83.6032277548593
3374 83.5353630490834
3375 83.46612662168
3376 83.3986831810751
3377 83.3324863158729
3378 83.2642655067326
3379 83.1941631086289
3380 83.1246624028721
3381 83.0549622590028
3382 82.9826494956012
3383 82.909277253456
3384 82.8381683766769
3385 82.7685774925276
3386 82.6983299641258
3387 82.6301656101608
3388 82.568476476363
3389 82.5113375709374
3390 82.4523095689438
3391 82.388778690485
3392 82.3224135823777
3393 82.2534346397316
3394 82.1812938015957
3395 82.1095787255642
3396 82.0434715199744
3397 81.9830256997519
3398 81.9241524456508
3399 81.8642525631714
3400 81.801544849728
3401 81.7318697955004
3402 81.653017135808
3403 81.5702742349198
3404 81.4913837803483
3405 81.4178683849333
3406 81.3465959593734
3407 81.2764709516225
3408 81.2070850279316
3409 81.1345161982892
3410 81.0558367466306
3411 80.9747357336374
3412 80.895509718042
3413 80.8149773184686
3414 80.7282385730692
3415 80.638883185665
3416 80.5546363326408
3417 80.4754861924179
3418 80.3948969711051
3419 80.3105007227101
3420 80.2249026953294
3421 80.1378679387681
3422 80.0467205776421
3423 79.9532075860152
3424 79.8614571393799
3425 79.7704920780482
3426 79.6764716951177
3427 79.5801712090999
3428 79.484104246991
3429 79.3846420126208
3430 79.2760030990692
3431 79.1603884349877
3432 79.0451248978087
3433 78.9308209521158
3434 78.810877469628
3435 78.6812084344034
3436 78.5419097514262
3437 78.3911573932976
3438 78.2266861506259
3439 78.0523058663036
3440 77.8737938444864
3441 77.6895455521692
3442 77.4934910144373
3443 77.2852673909083
3444 77.0684075117329
3445 76.840363758886
3446 76.5942111571761
3447 76.329322932246
3448 76.0509994868122
3449 75.7602829663698
3450 75.4536892356273
3451 75.1319164251474
3452 74.7991747089652
3453 74.4550329302123
3454 74.0963699342122
3455 73.7264309200101
3456 73.3527596051592
3457 72.9775430334629
3458 72.5990402204076
3459 72.2205606320631
3460 71.8483958226593
3461 71.4841709920467
3462 71.1296276575439
3463 70.7956757144514
3464 70.4951886524394
3465 70.2295224997957
3466 69.9930798250629
3467 69.7874716892425
3468 69.6197664149061
3469 69.491530759965
3470 69.4025976413684
3471 69.3618005520628
3472 69.3805836814128
3473 69.4590411270079
3474 69.5901974425012
3475 69.7738899713099
3476 70.0138951313011
3477 70.3053429398308
3478 70.6373992096035
3479 71.0052110322828
3480 71.4084012305828
3481 71.8418827502486
3482 72.2986828542628
3483 72.7773160750503
3484 73.2760457943423
3485 73.7846321404209
3486 74.2914546736793
3487 74.7939144247343
3488 75.2931146778567
3489 75.7835827273839
3490 76.2573001987222
3491 76.7128574896674
3492 77.1516793079889
3493 77.5699143701708
3494 77.9625026046977
3495 78.3308091103962
3496 78.6779984552646
3497 79.0013321583522
3498 79.2971618611615
3499 79.5694833419638
3500 79.8249851507763
3501 80.0626490491906
3502 80.2760938191498
3503 80.4641529096285
3504 80.6320354696628
3505 80.7838604812608
3506 80.9214041492446
3507 81.048351067079
3508 81.1685073410578
3509 81.2808195228325
3510 81.3821639971873
3511 81.4735815026656
3512 81.5576544770967
3513 81.6324396961004
3514 81.6947628721135
3515 81.7471869141417
3516 81.7950731848496
3517 81.8392647652804
3518 81.87793843633
3519 81.9135390549622
3520 81.9508853283866
3521 81.989918829703
3522 82.0259095940412
3523 82.055748466234
3524 82.0789253355178
3525 82.0945123362214
3526 82.1030998947379
3527 82.1098733518201
3528 82.1200607235231
3529 82.1326184131874
3530 82.1436738860847
3531 82.1538192529171
3532 82.166339362713
3533 82.1809600303046
3534 82.1950722138961
3535 82.208449221731
3536 82.2211979254891
3537 82.2302789875952
3538 82.2341995884574
3539 82.2384751351412
3540 82.2498446353656
3541 82.2677905330772
3542 82.286932414771
3543 82.3049895542242
3544 82.3224145436532
3545 82.3368358902823
3546 82.3458775995481
3547 82.353614402247
3548 82.3666596307484
3549 82.3853283546531
3550 82.4057924611377
3551 82.4281880974955
3552 82.4556105055895
3553 82.4871648090228
3554 82.5194588464766
3555 82.5531624697985
3556 82.5910743283284
3557 82.6319629037141
3558 82.673206144508
3559 82.7163064157953
3560 82.7638688428346
3561 82.8129763599561
3562 82.859327313128
3563 82.9049417643577
3564 82.9558704693056
3565 83.0140261903408
3566 83.0778845135794
3567 83.146986954415
3568 83.220133622305
3569 83.2917856476408
3570 83.3576978014451
3571 83.4208346388349
3572 83.4875116626599
3573 83.5591248221344
3574 83.6338918212778
3575 83.711916844589
3576 83.7942196478169
3577 83.8772923311943
3578 83.958261949966
3579 84.0383217176326
3580 84.1200956346268
3581 84.2006238156667
3582 84.2761134405424
3583 84.3462973693648
3584 84.4129349595121
3585 84.4750371726748
3586 84.5319557483038
3587 84.586558752021
3588 84.6389146335152
3589 84.6838196929784
3590 84.7164389405067
3591 84.7386600157494
3592 84.7528236696919
3593 84.7572606142885
3594 84.7499741064078
3595 84.7327131136798
3596 84.7090673777616
3597 84.6767226225131
3598 84.6329433568307
3599 84.5787659606707
3600 84.5175459311048
3601 84.4511346262965
3602 84.3812889275462
3603 84.3110968675587
3604 84.2438687214003
3605 84.1789380495003
3606 84.1151711826891
3607 84.0560101686476
3608 84.005966406774
3609 83.9651827906836
3610 83.9294818137908
3611 83.8977987532518
3612 83.8693200819536
3613 83.8406476400225
3614 83.8093749769696
3615 83.7789346883941
3616 83.7549050076468
3617 83.7366214067984
3618 83.720165350982
3619 83.704831300451
3620 83.6930295121006
3621 83.685187306257
3622 83.6791949126596
3623 83.6764789599701
3624 83.6798144516856
3625 83.6869073417413
3626 83.6932611921014
3627 83.7000538499284
3628 83.7128560947448
3629 83.7326262601848
3630 83.7556253136535
3631 83.7789896497689
3632 83.8007151647698
3633 83.8171953156602
3634 83.8261521653443
3635 83.8312832461155
3636 83.838370404878
3637 83.8471721692534
3638 83.85313398299
3639 83.8553913737659
3640 83.8560554746329
3641 83.8548157145699
3642 83.8493033717528
3643 83.8412822066371
3644 83.8349261417781
3645 83.8308356206905
3646 83.8273998421928
3647 83.8259284016413
3648 83.83030540872
3649 83.8390045866698
3650 83.8465136128894
3651 83.8542009673155
3652 83.8670363539312
3653 83.8826565253787
3654 83.8965493623699
3655 83.9105393777678
3656 83.9297779820355
3657 83.9545458752745
3658 83.980047018599
3659 84.0053740115134
3660 84.0341871924361
3661 84.0677136140428
3662 84.1029428910396
3663 84.1390855302664
3664 84.1769183218482
3665 84.2148864283302
3666 84.2504892968352
3667 84.2850829426906
3668 84.3227965221192
3669 84.3635505832922
3670 84.4039855013821
3671 84.4440459264301
3672 84.4839566662329
3673 84.5202980497668
3674 84.5530875049906
3675 84.5862757616865
3676 84.6223155837729
3677 84.6567026361702
3678 84.6834751527317
3679 84.7057787377319
3680 84.7314600503207
3681 84.7599816424115
3682 84.7849276223543
3683 84.8064333998559
3684 84.8284364312155
3685 84.8514087747946
3686 84.8737992528994
3687 84.8996855397627
3688 84.9329921570926
3689 84.9730122646642
3690 85.0187317180277
3691 85.0760007885205
3692 85.1463862652706
3693 85.2233577864752
3694 85.3009873934967
3695 85.3790282312036
3696 85.4598837252441
3697 85.5391410260284
3698 85.6138251733589
3699 85.6852435066516
3700 85.7561683247789
3701 85.8234079521671
3702 85.8824034772272
3703 85.9359382822531
3704 85.9876146861376
3705 86.0351397244826
3706 86.0764598526256
3707 86.1158774416689
3708 86.1565650879596
3709 86.1971044724717
3710 86.2352926117445
3711 86.2754530179127
3712 86.3162616756708
3713 86.3497624059856
3714 86.3703470165888
3715 86.3778359550572
3716 86.3740830997733
3717 86.3590068868762
3718 86.3361212700443
3719 86.3102928051066
3720 86.2837261011614
3721 86.255117419446
3722 86.2247644820296
3723 86.1967367936401
3724 86.1732529294918
3725 86.1503459126814
3726 86.1258527362518
3727 86.1059894219571
3728 86.096718715276
3729 86.09600642674
3730 86.0996081861985
3731 86.1058208292409
3732 86.1116816021497
3733 86.1145024484105
3734 86.116990781286
3735 86.1234213373213
3736 86.133193167506
3737 86.1407576078542
3738 86.1436115652357
3739 86.1450598809292
3740 86.1474989814086
3741 86.1491850242437
3742 86.1482138251907
3743 86.145666464808
3744 86.1424916240779
3745 86.1353381459576
3746 86.1241849615223
3747 86.1125760426695
3748 86.1043280092392
3749 86.0975167278607
3750 86.0855766031663
3751 86.0692296518916
3752 86.0538781718816
3753 86.0390324803824
3754 86.0234700053101
3755 86.0102117924523
3756 86.00158319026
3757 85.9942058456102
3758 85.9832169879643
3759 85.9698515526727
3760 85.9583155194115
3761 85.9490374270091
3762 85.9403697878635
3763 85.9327085113438
3764 85.9275599733414
3765 85.9218920116535
3766 85.911681601766
3767 85.8992484950312
3768 85.8886845814592
3769 85.8780542999124
3770 85.863751254733
3771 85.850149157536
3772 85.842233163694
3773 85.8353853640241
3774 85.8244996374155
3775 85.8120500424936
3776 85.8018746613304
3777 85.7913261067791
3778 85.7758904317421
3779 85.7577956744891
3780 85.743443912505
3781 85.7333179403976
3782 85.7232982824636
3783 85.7120223951232
3784 85.7006545414082
3785 85.6883224688856
3786 85.6738039420644
3787 85.6595806465949
3788 85.648723630577
3789 85.6390854314898
3790 85.6264190562228
3791 85.6116169161294
3792 85.5984762577094
3793 85.586940722441
3794 85.5736701929156
3795 85.5575699903828
3796 85.5404763804677
3797 85.5238159449906
3798 85.5082986392124
3799 85.4960421835361
3800 85.4861380295661
3801 85.4718881914048
3802 85.451368001541
3803 85.433147287633
3804 85.4197432710131
3805 85.4049457832352
3806 85.3832615530617
3807 85.3574190385206
3808 85.33640147626
3809 85.3192371176814
3810 85.2991946558888
3811 85.2776621364655
3812 85.260417721337
3813 85.2480818770992
3814 85.2352053290272
3815 85.2177653558372
3816 85.1985038656734
3817 85.1820989327753
3818 85.167675258073
3819 85.1535504140023
3820 85.1381170062023
3821 85.1179766435208
3822 85.0955761252558
3823 85.0782704070482
3824 85.0652392106319
3825 85.0496778487626
3826 85.0288279465678
3827 85.0085171100846
3828 84.9942452044153
3829 84.9818396911228
3830 84.9654222711926
3831 84.9455319950384
3832 84.9261590446472
3833 84.9070176589231
3834 84.8847317147189
3835 84.8609287185283
3836 84.8407731498977
3837 84.8237403589048
3838 84.8058225128358
3839 84.7887823882402
3840 84.7748995671587
3841 84.7598036698906
3842 84.7391909657949
3843 84.7160460135766
3844 84.6961730411866
3845 84.6793890025549
3846 84.6645512021597
3847 84.6535805894738
3848 84.6463832720504
3849 84.6396017236928
3850 84.6319679444866
3851 84.6264902669189
3852 84.6249585830796
3853 84.6210377909998
3854 84.6109181601728
3855 84.603354528614
3856 84.5992469231044
3857 84.5922937131912
3858 84.5809650350254
3859 84.5690197595265
3860 84.5594951263562
3861 84.5510184544756
3862 84.5409439288228
3863 84.5289963840732
3864 84.5161942316348
3865 84.501814220592
3866 84.4871868822757
3867 84.474145359004
3868 84.4613870254997
3869 84.4456064565554
3870 84.4266003659026
3871 84.4102255796653
3872 84.3989785494673
3873 84.3875522858121
3874 84.3717743612669
3875 84.3545452302389
3876 84.3409131864652
3877 84.3304048024311
3878 84.3191320209078
3879 84.3053089973622
3880 84.289845734097
3881 84.2733392102482
3882 84.255171319572
3883 84.2361464789332
3884 84.2180703248703
3885 84.2000837329532
3886 84.180699842968
3887 84.1616552994824
3888 84.1445008660172
3889 84.1270860548451
3890 84.1067244363748
3891 84.0846699514396
3892 84.0653499707236
3893 84.0494696700213
3894 84.0334644349276
3895 84.0156893032145
3896 83.9975139295134
3897 83.9793419581361
3898 83.9611540223551
3899 83.9440081859286
3900 83.9289273894599
3901 83.9137038632201
3902 83.8946235673888
3903 83.8718088323822
3904 83.8477843000536
3905 83.8229254439613
3906 83.796197085123
3907 83.7681135980875
3908 83.7398101505432
3909 83.7107609019103
3910 83.6802272979021
3911 83.6499246069174
3912 83.6215612779984
3913 83.5936939438538
3914 83.5647781859682
3915 83.5358895519503
3916 83.5089306822119
3917 83.4824074327673
3918 83.4531428194947
3919 83.4209472018442
3920 83.3876511873823
3921 83.3533445286249
3922 83.3168985450764
3923 83.2784392993086
3924 83.2384293970616
3925 83.1956357961042
3926 83.1493289844952
3927 83.1015065506068
3928 83.0539292697126
3929 83.0054772580332
3930 82.9544968632573
3931 82.9016492758318
3932 82.8477990980301
3933 82.791293720564
3934 82.7315987901899
3935 82.6720293801409
3936 82.6152172480719
3937 82.5597789097312
3938 82.5037021174875
3939 82.4480953695863
3940 82.3944501936175
3941 82.3412026091978
3942 82.2865228791226
3943 82.2318691600809
3944 82.1798235860324
3945 82.1301017115033
3946 82.0810967027418
3947 82.033129473213
3948 81.9868815160725
3949 81.9411979409479
3950 81.8956055207645
3951 81.8522641533891
3952 81.8123845084335
3953 81.7736327782999
3954 81.7338044641994
3955 81.6940229954934
3956 81.6557462249109
3957 81.618002953053
3958 81.5800066457767
3959 81.5433511037988
3960 81.5086761488615
3961 81.473077827535
3962 81.4338350680186
3963 81.3918627341302
3964 81.3492232492061
3965 81.3060972291634
3966 81.2627067133533
3967 81.2211408364086
3968 81.1823813875354
3969 81.1443190186692
3970 81.1055282935824
3971 81.0682161169744
3972 81.0346984592074
3973 81.0039335401838
3974 80.9745377641477
3975 80.94826656788
3976 80.9274942297594
3977 80.9118654300552
3978 80.9003869413495
3979 80.89402171096
3980 80.8929778605019
3981 80.8938564784647
3982 80.8926506954929
3983 80.8886803305658
3984 80.8827483875996
3985 80.8736197648976
3986 80.859363920392
3987 80.8401230371576
3988 80.8165927448601
3989 80.7876578025876
3990 80.7522469758599
3991 80.7117204479424
3992 80.6679041668704
3993 80.6206806058718
3994 80.5697909969444
3995 80.5167773674558
3996 80.4628390306952
3997 80.4071175960296
3998 80.3492636689569
3999 80.2911286337234
4000 80.233635824286
