#Datum: 21.01.2016 16:19:44
#Quelle: untergrund_fluessigkeit

#Daten:
cm-1 Egy
1100 37,6058861198902
1101 37,7173507022213
1102 37,813926323718
1103 37,9025553252345
1104 38,0025114096997
1105 38,1078455984994
1106 38,1990190593774
1107 38,2823327536487
1108 38,3785446547495
1109 38,4834638100936
1110 38,5788112348594
1111 38,6709562075671
1112 38,7799284672212
1113 38,8995980762344
1114 39,011404642059
1115 39,1226177481345
1116 39,2535672104757
1117 39,3976136049574
1118 39,5333290576838
1119 39,6653495348007
1120 39,813211190859
1121 39,970943968971
1122 40,1183695222252
1123 40,2609315894326
1124 40,4179613697059
1125 40,5830234790666
1126 40,7359534303353
1127 40,8827523506164
1128 41,0436574494094
1129 41,2129567679872
1130 41,3704798732323
1131 41,5218951865246
1132 41,68654909656
1133 41,8565727998419
1134 42,0096492826514
1135 42,1506570230439
1136 42,2992773909142
1137 42,4485531823218
1138 42,5774081065817
1139 42,6923354449805
1140 42,8155080135346
1141 42,9433653157031
1142 43,058003945419
1143 43,1672348711879
1144 43,2910579397182
1145 43,4203331956128
1146 43,5317265193235
1147 43,6319866840935
1148 43,7448702359076
1149 43,8670420356998
1150 43,9793740882644
1151 44,0887412288319
1152 44,2147889089714
1153 44,3479870043882
1154 44,4645102617889
1155 44,5709804061439
1156 44,6912395547631
1157 44,8205165503229
1158 44,9365143785675
1159 45,0437926410709
1160 45,1626331281121
1161 45,2862992002661
1162 45,3944796655268
1163 45,4964969766266
1164 45,616334866417
1165 45,747696941402
1166 45,8676616782828
1167 45,9821629476329
1168 46,112924186885
1169 46,2519267899089
1170 46,3752365367417
1171 46,4897789707987
1172 46,6200597227013
1173 46,7605796102276
1174 46,887966124552
1175 47,0072982652327
1176 47,1391386384127
1177 47,2742673685346
1178 47,389612475354
1179 47,4964311874377
1180 47,6263316485752
1181 47,7794538284575
1182 47,9320975922931
1183 48,0830928249627
1184 48,2460666402336
1185 48,4084489651808
1186 48,5463946816428
1187 48,669964396601
1188 48,8063700366526
1189 48,9505506429882
1190 49,0796459963517
1191 49,2014840076043
1192 49,3394966906518
1193 49,4848680042528
1194 49,6128974534451
1195 49,7324019046494
1196 49,8696691423071
1197 50,0176031694873
1198 50,1505917156527
1199 50,2753105281291
1200 50,4165954603314
1201 50,5659876938046
1202 50,6968614021232
1203 50,8161851449479
1204 50,9491657883765
1205 51,0883509534901
1206 51,208711794444
1207 51,3186186412394
1208 51,4445107550782
1209 51,5789670943474
1210 51,6951618412163
1211 51,799940601861
1212 51,9198761939671
1213 52,0483451084789
1214 52,1598589205287
1215 52,2624363043786
1216 52,3818387102447
1217 52,508552678903
1218 52,6155630268796
1219 52,7116060367092
1220 52,8238137719838
1221 52,9438343084307
1222 53,0448392093445
1223 53,1356486048923
1224 53,2433631891254
1225 53,358663202522
1226 53,4526233845157
1227 53,5328333991656
1228 53,627753145171
1229 53,731294800947
1230 53,8187260256869
1231 53,9007785726911
1232 54,0056859968093
1233 54,1238231550111
1234 54,2268557418044
1235 54,3253260345875
1236 54,4505872680226
1237 54,5971600781662
1238 54,73936644889
1239 54,8875360839713
1240 55,0705743771583
1241 55,2799088038768
1242 55,4888419145694
1243 55,7096347764824
1244 55,9727660231992
1245 56,267986890434
1246 56,564670088904
1247 56,8711940927455
1248 57,2145075745817
1249 57,5797458459686
1250 57,9304615914148
1251 58,2701961706094
1252 58,6218452073556
1253 58,9696197922426
1254 59,280260335508
1255 59,5619911626484
1256 59,8418338364186
1257 60,106599884637
1258 60,3271493227336
1259 60,522470347242
1260 60,7367127439317
1261 60,9731033516548
1262 61,2098870435355
1263 61,4609872956284
1264 61,7539158368857
1265 62,0722922615918
1266 62,3767183097991
1267 62,6682575303332
1268 62,9700349804389
1269 63,2668461189956
1270 63,5272779597621
1271 63,7651956474272
1272 64,0131827592481
1273 64,2607195384194
1274 64,4775722803699
1275 64,6758127837717
1276 64,8882194827154
1277 65,1063266857621
1278 65,3007929495973
1279 65,4818795596062
1280 65,6775949506631
1281 65,8749209321217
1282 66,0428026927127
1283 66,1955795469848
1284 66,3655907196384
1285 66,5399646674316
1286 66,6833769151656
1287 66,8066648003918
1288 66,9458363364719
1289 67,0932591979939
1290 67,2164728966941
1291 67,3242545860252
1292 67,4480470825317
1293 67,5782592167155
1294 67,6845363532824
1295 67,7796399721463
1296 67,8959313102598
1297 68,0195277174386
1298 68,1158648010298
1299 68,1968302848468
1300 68,2944536215136
1301 68,396794029205
1302 68,4712649723638
1303 68,5331185534741
1304 68,6219245056308
1305 68,7340061872572
1306 68,843597443764
1307 68,9608844604851
1308 69,1044456971937
1309 69,2421065193424
1310 69,3405672535999
1311 69,4217939616314
1312 69,5285204847402
1313 69,6468020515058
1314 69,7381645326677
1315 69,8143118311408
1316 69,9106797707572
1317 70,0148682232421
1318 70,0945481301242
1319 70,1669576382848
1320 70,2648141564023
1321 70,368228477412
1322 70,441601488284
1323 70,5055194991071
1324 70,5934901145595
1325 70,6804821098759
1326 70,7312002957137
1327 70,7748562202453
1328 70,8522743593934
1329 70,9351947017166
1330 70,9849927761702
1331 71,015942761499
1332 71,067898327288
1333 71,134207612356
1334 71,1863599952947
1335 71,2292704353018
1336 71,2808283125089
1337 71,3207465148532
1338 71,3229781154163
1339 71,31347087541
1340 71,3314210809704
1341 71,3615053115106
1342 71,3770387362984
1343 71,4006911417699
1344 71,4548096038338
1345 71,5081266502522
1346 71,5278609044129
1347 71,5390029350673
1348 71,576336634038
1349 71,6167664157021
1350 71,6287148641295
1351 71,6332891082694
1352 71,6623686263174
1353 71,6858377213199
1354 71,6953319703136
1355 71,6978731989238
1356 71,7223003976006
1357 71,7609853978509
1358 71,7892089902589
1359 71,8214010101784
1360 71,8764738145684
1361 71,9236396598412
1362 71,9337309488704
1363 71,9280867739388
1364 71,9339361062826
1365 71,933947648271
1366 71,9145246976371
1367 71,9177049816843
1368 71,9758793224307
1369 72,0408461073152
1370 72,0602587551664
1371 72,0752696983176
1372 72,1258935302294
1373 72,1508531282527
1374 72,1243759653264
1375 72,097816339222
1376 72,1234074975551
1377 72,1609138052069
1378 72,1651467430429
1379 72,1351247636542
1380 72,0678594929928
1381 71,9286789253414
1382 71,7096453035252
1383 71,5075202636478
1384 71,4681530955496
1385 71,6543412664412
1386 71,979149386838
1387 72,3567295494455
1388 72,7323124898912
1389 73,0129402201038
1390 73,1450312239099
1391 73,2018732376611
1392 73,3189255986866
1393 73,485831203942
1394 73,5662400139001
1395 73,5433708913191
1396 73,5353804242326
1397 73,5433109148618
1398 73,5237107107268
1399 73,5143222313276
1400 73,5937113194735
1401 73,7186041258635
1402 73,7574355239384
1403 73,7265502122291
1404 73,7562279361315
1405 73,8581753198319
1406 73,8910775825351
1407 73,8603341286968
1408 73,9084887301582
1409 74,0197569913863
1410 74,0721433243246
1411 74,0169548008941
1412 74,0261130864022
1413 74,168920417995
1414 74,2515654829556
1415 74,2032930898326
1416 74,213313256455
1417 74,3712228517488
1418 74,5151117829034
1419 74,5256836798046
1420 74,5327322208654
1421 74,5862051070778
1422 74,530222560219
1423 74,4043009404781
1424 74,4353965528372
1425 74,6392789426255
1426 74,7544926269074
1427 74,7292704397375
1428 74,759819022313
1429 74,8625991063141
1430 74,9411741159727
1431 74,934906865824
1432 74,9737326886389
1433 75,119505925673
1434 75,1964076957856
1435 75,1302093749213
1436 75,1149129150038
1437 75,2963165482751
1438 75,4594090464131
1439 75,4824725052813
1440 75,5349772561269
1441 75,7372732238195
1442 75,8992802415004
1443 75,9221822348906
1444 75,9611374695808
1445 76,107729107758
1446 76,2003853643738
1447 76,1893820645859
1448 76,2595771020716
1449 76,4113804637448
1450 76,5963188528898
1451 76,753825398592
1452 76,930805835343
1453 77,153134761712
1454 77,3237664309676
1455 77,3800015979216
1456 77,4239584849004
1457 77,5360659240151
1458 77,7032795341954
1459 77,851362420672
1460 78,0021451180956
1461 78,2043892407201
1462 78,3929751726138
1463 78,515885128476
1464 78,5984063768257
1465 78,7612559047866
1466 78,9970213341012
1467 79,2405547123828
1468 79,4299168740907
1469 79,5530773378584
1470 79,6824499704879
1471 79,778288315927
1472 79,8117226333204
1473 79,8906017042946
1474 80,0984049507202
1475 80,3476015921104
1476 80,5336125704386
1477 80,6410638063805
1478 80,7995623554631
1479 80,9735102479002
1480 81,079853522467
1481 81,1650263188254
1482 81,3121525894153
1483 81,4851309339687
1484 81,5805774788196
1485 81,627082976023
1486 81,6939960644284
1487 81,7979441672163
1488 81,7549321659467
1489 81,6843924604618
1490 81,8384487316991
1491 82,0749263271776
1492 82,1991661071986
1493 82,2898964463381
1494 82,4446082279409
1495 82,5482921414478
1496 82,5122904400659
1497 82,4738537078377
1498 82,5636853891911
1499 82,6420370716517
1500 82,7143503797316
1501 82,9034740091771
1502 83,136336444729
1503 83,2621033521325
1504 83,2294596117724
1505 83,1106494474845
1506 82,9453963672592
1507 82,8010146025557
1508 82,7447587535356
1509 82,8364542777301
1510 83,0256435043577
1511 83,1236646001543
1512 83,1209425990863
1513 83,1483599676362
1514 83,2598763537038
1515 83,3447872196467
1516 83,4038296278077
1517 83,4762163312411
1518 83,5641818173268
1519 83,5962949719292
1520 83,5591222902922
1521 83,4744583405411
1522 83,3923790518671
1523 83,3241932593056
1524 83,267887773946
1525 83,2519466690204
1526 83,2734870103352
1527 83,296607470519
1528 83,2844348777802
1529 83,2297782147879
1530 83,2008149903492
1531 83,1627367583375
1532 83,0543544897226
1533 82,9571432124947
1534 82,9390551840071
1535 82,9474626859814
1536 82,9491091326798
1537 82,857247867743
1538 82,6849300832494
1539 82,4828423907982
1540 82,2754377987615
1541 82,091328712357
1542 81,9599874592114
1543 81,892042644703
1544 81,834308852064
1545 81,763743292941
1546 81,6422385521908
1547 81,5845063955823
1548 81,6485149703035
1549 81,7225804133969
1550 81,7005213231608
1551 81,6582418707929
1552 81,685845561088
1553 81,8386940253998
1554 81,968689490565
1555 82,0294462101254
1556 82,0885877589488
1557 81,9892824783812
1558 81,6593733874814
1559 81,4562859761259
1560 81,6978386928462
1561 81,8594807676529
1562 81,7177294582466
1563 81,5940870829598
1564 81,6765524803172
1565 81,7834106912695
1566 81,7024761202321
1567 81,6195817687527
1568 81,6926880992941
1569 81,8006979428876
1570 81,7847471980841
1571 81,8079654448348
1572 81,9164387825821
1573 81,9676958995346
1574 81,8856839372954
1575 81,803031381298
1576 81,8547517092184
1577 81,8775475862319
1578 81,7441009908105
1579 81,6314650674869
1580 81,6585287683303
1581 81,6741227836838
1582 81,555016445365
1583 81,4880446657637
1584 81,5708911333265
1585 81,6252251787148
1586 81,5580408799899
1587 81,5507116926006
1588 81,6107707681895
1589 81,6215792478357
1590 81,5686195739515
1591 81,5518553884533
1592 81,5937047786524
1593 81,5962931159854
1594 81,5370377255316
1595 81,5193779161158
1596 81,5845768979918
1597 81,6293442865191
1598 81,6016579768356
1599 81,599671515089
1600 81,6930127987799
1601 81,7719877458818
1602 81,7541478926733
1603 81,7565094730269
1604 81,8681858958854
1605 81,966837799487
1606 81,9460901609649
1607 81,949274082152
1608 82,0561526152485
1609 82,0990928364527
1610 82,0991712019702
1611 82,230069003265
1612 82,4651241899393
1613 82,5862209316417
1614 82,5740729163742
1615 82,5807577946731
1616 82,6427437414343
1617 82,6589812728391
1618 82,61418041957
1619 82,6472588154947
1620 82,7634787147291
1621 82,8475881405363
1622 82,8641562479082
1623 82,9421576138768
1624 83,1037902185471
1625 83,2035202543514
1626 83,2379485922296
1627 83,2888662559931
1628 83,3868751656932
1629 83,4801957379363
1630 83,6074030260238
1631 83,7679914613198
1632 83,8723401029552
1633 83,8612896958673
1634 83,7818021819407
1635 83,6680580150153
1636 83,5902982959366
1637 83,6100667087191
1638 83,6165067029262
1639 83,636576451642
1640 83,6925602761294
1641 83,79893740946
1642 83,8805397992696
1643 83,9118751250923
1644 83,88299428868
1645 83,7739266869992
1646 83,711048433732
1647 83,7684070412109
1648 83,8926134169481
1649 84,005605301406
1650 84,0769342835785
1651 84,0803039111116
1652 83,9795759646188
1653 83,7789075574755
1654 83,630772572443
1655 83,4559233073578
1656 83,4075809106034
1657 83,4554051013344
1658 83,4180830754992
1659 83,3463399391186
1660 83,3690177148856
1661 83,37827229654
1662 83,3091520881359
1663 83,3267850085729
1664 83,4497230960616
1665 83,4624852055848
1666 83,3789295373848
1667 83,2963739534363
1668 83,276894359367
1669 83,2432156853038
1670 83,1549993823127
1671 83,1274881157169
1672 83,1804809440313
1673 83,1902979045409
1674 83,1174950447144
1675 83,0689862828722
1676 83,1891637100016
1677 83,293398866822
1678 83,3260767530442
1679 83,416342100217
1680 83,5894654304076
1681 83,6549618611924
1682 83,5558988315556
1683 83,5265003825961
1684 83,6516083687936
1685 83,7047853508195
1686 83,5544219181068
1687 83,4090250347888
1688 83,3872064685552
1689 83,5218341476152
1690 83,679948452247
1691 83,796327748194
1692 83,81239773638
1693 83,8343275927082
1694 84,0220313571069
1695 84,2443745151186
1696 84,2052676842395
1697 83,9132988735396
1698 83,7310124803388
1699 83,7166208496433
1700 83,6675970747032
1701 83,6479983102132
1702 83,710495787541
1703 83,7697082855546
1704 83,7022834940394
1705 83,6136471182044
1706 83,6656585161557
1707 83,7332123519448
1708 83,652681170094
1709 83,6014007901856
1710 83,7096355631296
1711 83,8346568310818
1712 83,7641972797234
1713 83,6315108119296
1714 83,6851777241427
1715 83,7547139904922
1716 83,5636512993144
1717 83,3462287168657
1718 83,4299054887354
1719 83,5513553086935
1720 83,4431987205047
1721 83,3298891470592
1722 83,3854364055525
1723 83,4901937606509
1724 83,4933609727504
1725 83,4615854281785
1726 83,4878598482788
1727 83,523092393497
1728 83,5897223097356
1729 83,6525001003744
1730 83,6557595712243
1731 83,5915891661918
1732 83,4673826698451
1733 83,3891528407026
1734 83,4887288483146
1735 83,7177108905886
1736 83,8964549961001
1737 84,0356932622608
1738 84,1843430559038
1739 84,3443662092754
1740 84,5167055433781
1741 84,7072166849128
1742 84,9194099667583
1743 85,1104519664972
1744 85,3168571800307
1745 85,5472317074163
1746 85,7120263381446
1747 85,7917429629607
1748 85,9000997354646
1749 86,0016281987449
1750 86,0570253142865
1751 86,1539271856866
1752 86,3685832831254
1753 86,6666528469943
1754 86,8877164129723
1755 87,0543228115149
1756 87,2979839138774
1757 87,5899652602278
1758 87,7537554598908
1759 87,8109133245727
1760 87,9076129270495
1761 88,1059325096235
1762 88,3317133891125
1763 88,4299713980687
1764 88,4808271926746
1765 88,6046590618889
1766 88,8008810221539
1767 88,9668540605618
1768 89,0820900646991
1769 89,1710966307442
1770 89,243313683383
1771 89,2863606024079
1772 89,3730259032418
1773 89,5441861128272
1774 89,669402794632
1775 89,7464918422161
1776 89,8543144869431
1777 89,9772682125707
1778 90,0856009779843
1779 90,2032364912461
1780 90,3228339017478
1781 90,4613483263974
1782 90,6120320380935
1783 90,725280819061
1784 90,8203324311182
1785 90,9129187252098
1786 91,1045158381864
1787 91,3128332750356
1788 91,4104432821277
1789 91,471630362956
1790 91,6108927305534
1791 91,7634990646356
1792 91,8431552953177
1793 91,9566963005726
1794 92,1996839183365
1795 92,4583869739358
1796 92,6323903363432
1797 92,7694891734657
1798 92,9810518563266
1799 93,2151289701737
1800 93,385305232838
1801 93,5878767907547
1802 93,9044457530553
1803 94,2056544046142
1804 94,4069170819536
1805 94,5796337286021
1806 94,8484844757444
1807 95,1135393733272
1808 95,2529784173585
1809 95,3757518115853
1810 95,6134989649765
1811 95,8590059660967
1812 95,9921748293516
1813 96,1326851743064
1814 96,3587335183957
1815 96,5536439060231
1816 96,664650875397
1817 96,7748558081556
1818 96,9692407961438
1819 97,1632477301615
1820 97,2754385192527
1821 97,3770822095188
1822 97,5038772420125
1823 97,6307659833734
1824 97,7504826913977
1825 97,8832930434474
1826 98,0183222072444
1827 98,1302426516721
1828 98,2524620302993
1829 98,4064793350818
1830 98,5439469816089
1831 98,5967223981052
1832 98,5891312183792
1833 98,6064324913549
1834 98,6786475722027
1835 98,793736682937
1836 98,8724346457074
1837 98,9251531650656
1838 99,0383059632546
1839 99,1755632221285
1840 99,2320183173518
1841 99,2522864249305
1842 99,341423169287
1843 99,5179666462049
1844 99,6452959079437
1845 99,6302394310847
1846 99,5620175086329
1847 99,546800361471
1848 99,5731575796621
1849 99,6046394990549
1850 99,6606045249829
1851 99,7373765017385
1852 99,7906903074881
1853 99,818537594748
1854 99,8703152928557
1855 99,9576117011978
1856 99,9719655243159
1857 99,9572768406051
1858 100,023660770256
1859 100,117894359561
1860 100,126383923959
1861 100,10169453949
1862 100,168150398082
1863 100,282202879517
1864 100,314524201624
1865 100,298840179131
1866 100,361999866739
1867 100,483498213023
1868 100,538998065393
1869 100,525080311695
1870 100,52160400729
1871 100,509025268049
1872 100,447989808081
1873 100,413718511875
1874 100,482626327118
1875 100,579611779384
1876 100,596399840861
1877 100,583676839652
1878 100,638006025287
1879 100,718464754865
1880 100,735981833636
1881 100,708347026375
1882 100,737956423614
1883 100,835950905167
1884 100,885073107124
1885 100,867424793557
1886 100,893505398467
1887 100,978691840211
1888 101,037177040115
1889 101,056203950509
1890 101,097108169198
1891 101,135233635934
1892 101,105664794767
1893 101,066033758662
1894 101,117259687331
1895 101,214915773176
1896 101,235820415004
1897 101,202110320885
1898 101,234029709914
1899 101,318322318485
1900 101,349251728494
1901 101,336624518035
1902 101,371095345938
1903 101,461432703896
1904 101,500995717605
1905 101,484712083467
1906 101,522376903288
1907 101,607706062421
1908 101,644096112539
1909 101,641025277673
1910 101,658499548519
1911 101,722222258296
1912 101,76365236949
1913 101,762307318021
1914 101,77931028401
1915 101,831346666263
1916 101,885730629497
1917 101,935751294679
1918 101,998683862519
1919 102,037623076036
1920 102,010922947974
1921 101,986523957933
1922 102,039945367826
1923 102,132751117401
1924 102,160611812962
1925 102,128479074105
1926 102,136991895754
1927 102,198552254536
1928 102,237528068837
1929 102,246672134564
1930 102,261986515546
1931 102,317743140642
1932 102,365059440231
1933 102,380005716443
1934 102,39970495648
1935 102,440958511336
1936 102,492546604952
1937 102,52719412956
1938 102,548287847666
1939 102,579268960968
1940 102,625474038683
1941 102,679497624628
1942 102,73777195063
1943 102,781703635988
1944 102,781957633282
1945 102,752392852928
1946 102,74824592909
1947 102,784411952468
1948 102,819612250408
1949 102,83213230355
1950 102,854240151588
1951 102,904515637538
1952 102,95184886038
1953 102,978626481613
1954 102,998331571907
1955 103,010938179622
1956 102,998314832338
1957 102,945066974975
1958 102,893036129604
1959 102,905354916119
1960 102,99003469137
1961 103,095803831982
1962 103,176413279533
1963 103,227693058949
1964 103,262881430828
1965 103,292453740615
1966 103,326993308386
1967 103,366178264698
1968 103,393111392665
1969 103,39710046558
1970 103,397112420678
1971 103,416882063903
1972 103,449504388663
1973 103,472081792621
1974 103,485543282194
1975 103,506427123531
1976 103,532839786863
1977 103,551346306202
1978 103,565603544553
1979 103,58669483459
1980 103,609395845264
1981 103,625414619682
1982 103,640777117175
1983 103,662781068928
1984 103,67517496177
1985 103,685026779592
1986 103,709310996759
1987 103,73940379969
1988 103,751098145722
1989 103,750140002608
1990 103,766518469012
1991 103,801253126212
1992 103,820886515939
1993 103,808608082757
1994 103,786440146203
1995 103,777015008734
1996 103,77783636739
1997 103,781199560024
1998 103,789621773026
1999 103,800814449692
2000 103,802166186154
2001 103,795661305875
2002 103,798991668705
2003 103,81042838387
2004 103,802412082593
2005 103,789648120989
2006 103,795805935688
2007 103,807370039335
2008 103,799639839068
2009 103,78270142155
2010 103,786012843218
2011 103,798142481352
2012 103,79089007594
2013 103,7728145655
2014 103,772845326303
2015 103,786354588431
2016 103,787244586963
2017 103,775477451688
2018 103,76889085922
2019 103,763688356197
2020 103,747334979797
2021 103,732436300278
2022 103,73622950076
2023 103,744689798751
2024 103,734966484094
2025 103,715089218024
2026 103,702814333373
2027 103,690071469566
2028 103,664090907701
2029 103,641341411442
2030 103,651292550323
2031 103,678135802168
2032 103,685969396804
2033 103,674775788628
2034 103,673483455841
2035 103,682531550174
2036 103,677501511504
2037 103,661142995378
2038 103,657038507895
2039 103,662192664399
2040 103,654686959978
2041 103,638253282507
2042 103,633985129732
2043 103,636944871945
2044 103,626499299826
2045 103,609222262505
2046 103,606642688924
2047 103,611875824473
2048 103,602421936211
2049 103,584696265153
2050 103,582057867576
2051 103,590309790832
2052 103,587084739306
2053 103,573620481851
2054 103,571067463059
2055 103,577728449575
2056 103,571794271629
2057 103,555514554883
2058 103,55435044245
2059 103,565865704508
2060 103,562760516669
2061 103,544761596438
2062 103,538562985261
2063 103,547101714307
2064 103,5470361425
2065 103,53499471808
2066 103,52935073702
2067 103,529596574326
2068 103,51881480831
2069 103,502137900923
2070 103,500709607285
2071 103,509383056864
2072 103,50389449083
2073 103,487586233798
2074 103,485289019497
2075 103,495492117568
2076 103,493825921521
2077 103,478393277595
2078 103,473744524739
2079 103,478969109052
2080 103,469640978382
2081 103,449013261861
2082 103,443346872335
2083 103,452650228217
2084 103,449956069573
2085 103,432688640986
2086 103,42525493778
2087 103,430731866248
2088 103,426998175844
2089 103,411742781422
2090 103,406742624929
2091 103,412621248141
2092 103,406054036952
2093 103,386433721194
2094 103,379253406788
2095 103,388673804698
2096 103,391275542291
2097 103,381564957932
2098 103,379744677486
2099 103,388990388756
2100 103,389241606936
2101 103,377806042808
2102 103,37364400095
2103 103,381424787806
2104 103,383390579637
2105 103,375357582059
2106 103,373793346109
2107 103,381537683107
2108 103,38348498947
2109 103,378188957846
2110 103,380689395675
2111 103,390803375889
2112 103,392360499227
2113 103,385920628624
2114 103,388719943749
2115 103,401294420317
2116 103,407584676032
2117 103,407745178559
2118 103,417132519544
2119 103,433777777314
2120 103,440848074843
2121 103,439963192121
2122 103,448428300684
2123 103,465482000358
2124 103,474807028529
2125 103,477726331341
2126 103,489858916854
2127 103,507957062043
2128 103,515522517279
2129 103,517119101054
2130 103,531721344652
2131 103,556408256429
2132 103,571939585439
2133 103,579451215885
2134 103,596256902024
2135 103,620172530541
2136 103,633797291698
2137 103,639834589224
2138 103,656530526417
2139 103,681698305696
2140 103,697277988372
2141 103,705407472929
2142 103,723765562593
2143 103,749429421516
2144 103,763821908849
2145 103,769667860973
2146 103,786553118903
2147 103,813127030004
2148 103,82989814782
2149 103,837553172307
2150 103,854014262427
2151 103,877688295751
2152 103,891279445722
2153 103,897775810198
2154 103,915573429942
2155 103,94188335114
2156 103,957122373966
2157 103,962548811558
2158 103,977363664198
2159 104,001482920221
2160 104,017297437066
2161 104,025494670901
2162 104,042884851005
2163 104,067514683631
2164 104,081850521912
2165 104,087882280734
2166 104,103467566123
2167 104,126669006566
2168 104,139542013452
2169 104,144234237534
2170 104,159595764557
2171 104,1847350095
2172 104,201528954185
2173 104,210263760022
2174 104,227404964953
2175 104,250925132547
2176 104,263092962175
2177 104,265911764299
2178 104,278219652626
2179 104,299512197435
2180 104,311904532378
2181 104,31561197855
2182 104,32753500076
2183 104,346711423136
2184 104,356371566567
2185 104,358367554504
2186 104,370574872202
2187 104,391825909765
2188 104,404153309951
2189 104,408083617204
2190 104,421024683529
2191 104,442226246017
2192 104,45398777899
2193 104,45639220789
2194 104,466500190856
2195 104,484247295446
2196 104,493285134449
2197 104,49453512445
2198 104,504991798019
2199 104,523824589677
2200 104,533724316708
2201 104,534869034204
2202 104,544366825706
2203 104,562733359745
2204 104,5740177107
2205 104,578173279599
2206 104,590271266788
2207 104,608885368846
2208 104,618239378518
2209 104,620362566797
2210 104,632284616584
2211 104,652685738471
2212 104,664397558106
2213 104,668281845589
2214 104,681395148544
2215 104,703207426206
2216 104,716961872602
2217 104,723647051091
2218 104,740708513387
2219 104,768262708477
2220 104,789284262527
2221 104,802711710011
2222 104,822700994786
2223 104,845698676327
2224 104,852926974162
2225 104,844334004402
2226 104,838986448346
2227 104,839459574478
2228 104,831859993901
2229 104,816851061611
2230 104,811157420541
2231 104,814221054012
2232 104,810129081655
2233 104,799307918666
2234 104,798790712983
2235 104,809017138302
2236 104,814069789537
2237 104,814452401605
2238 104,825714054743
2239 104,847134613891
2240 104,861093510009
2241 104,868491755627
2242 104,886152437333
2243 104,915109938737
2244 104,937303012041
2245 104,951081218913
2246 104,971240400705
2247 104,998249324675
2248 105,017228079462
2249 105,028654093775
2250 105,050541413945
2251 105,080218520791
2252 105,103115671787
2253 105,113330864875
2254 105,131597320681
2255 105,154112590417
2256 105,170710050158
2257 105,175923320471
2258 105,189349383658
2259 105,21023553471
2260 105,223102566187
2261 105,230490348462
2262 105,242577601201
2263 105,264661932771
2264 105,273505199391
2265 105,27583578192
2266 105,287196399182
2267 105,306781829618
2268 105,318835577129
2269 105,319987072124
2270 105,33116539729
2271 105,352828828586
2272 105,368125739557
2273 105,374269633195
2274 105,388266104976
2275 105,40745698928
2276 105,421022694905
2277 105,422576174836
2278 105,437436499342
2279 105,45800084849
2280 105,471536268535
2281 105,471060325127
2282 105,472881262217
2283 105,489025887467
2284 105,504696749121
2285 105,525866346633
2286 105,554704536938
2287 105,59887087042
2288 105,624407785715
2289 105,634920676624
2290 105,640626230157
2291 105,662735863528
2292 105,679079154013
2293 105,686519521228
2294 105,698083878617
2295 105,705572317129
2296 105,698130103295
2297 105,649933179008
2298 105,620565386841
2299 105,592724274517
2300 105,600904209189
2301 105,572884456894
2302 105,549951615653
2303 105,487062805272
2304 105,437555322825
2305 105,38645485789
2306 105,397574772292
2307 105,44192208514
2308 105,483288896491
2309 105,461103094124
2310 105,427892232285
2311 105,378920337766
2312 105,373611554206
2313 105,360675471355
2314 105,44548640178
2315 105,517730293886
2316 105,582604250679
2317 105,502521399771
2318 105,412465989508
2319 105,224752194313
2320 105,054168090683
2321 104,832007370315
2322 104,784075005528
2323 104,893195549464
2324 105,138979477378
2325 105,384885981946
2326 105,60367758348
2327 105,763568968695
2328 105,74694698996
2329 105,491980217073
2330 105,291345940134
2331 105,201925924459
2332 105,338661052857
2333 105,382177186941
2334 105,53014619983
2335 105,633323554679
2336 105,66734422218
2337 105,527825716449
2338 105,427102547856
2339 105,383265545903
2340 105,42548039151
2341 105,516401043317
2342 105,556556219923
2343 105,464616343694
2344 105,503851598433
2345 105,89137026895
2346 106,303082038253
2347 106,487549287183
2348 106,279819418633
2349 105,974365441098
2350 105,856702405987
2351 106,036713099048
2352 106,420821572404
2353 106,671147131362
2354 106,661608902292
2355 106,469483985519
2356 106,254528825943
2357 106,12882607908
2358 106,05458755175
2359 106,079175064353
2360 106,034256239496
2361 106,159864980908
2362 106,248076440222
2363 106,195400099399
2364 106,196318602769
2365 106,287888679482
2366 106,415586331802
2367 106,536638945201
2368 106,635198931605
2369 106,712549448107
2370 106,743402549026
2371 106,703502056175
2372 106,622877539917
2373 106,538694794407
2374 106,428273383238
2375 106,258684951521
2376 106,054084491369
2377 105,866977191013
2378 105,732007211924
2379 105,667491707317
2380 105,688807786917
2381 105,788766546687
2382 105,925580431259
2383 106,052618536596
2384 106,151240984216
2385 106,224625453353
2386 106,274150909223
2387 106,299505849257
2388 106,310924994977
2389 106,322672555696
2390 106,336074705044
2391 106,3432964394
2392 106,345086755702
2393 106,350079529916
2394 106,35878496949
2395 106,363849953862
2396 106,365446215746
2397 106,370515014074
2398 106,379949472529
2399 106,38680815576
2400 106,389787434518
2401 106,395240830914
2402 106,403331567755
2403 106,406752870077
2404 106,404747065109
2405 106,405476250712
2406 106,411707240863
2407 106,416725410957
2408 106,417504432703
2409 106,419583276908
2410 106,425272801625
2411 106,429078873563
2412 106,428993426037
2413 106,430797106968
2414 106,436756185444
2415 106,441171253201
2416 106,441598845444
2417 106,443457663206
2418 106,448855225877
2419 106,451818295462
2420 106,449583321072
2421 106,447765653684
2422 106,449119966914
2423 106,448003113995
2424 106,441628458024
2425 106,436227770271
2426 106,436179665838
2427 106,437384038457
2428 106,437260599483
2429 106,440700515223
2430 106,449681660645
2431 106,45736898514
2432 106,459297417082
2433 106,460399886321
2434 106,464323353076
2435 106,466085845352
2436 106,462499959311
2437 106,459625298321
2438 106,462055652183
2439 106,464456740012
2440 106,461576246952
2441 106,457274357524
2442 106,455803248741
2443 106,453572424089
2444 106,447733345761
2445 106,443713224647
2446 106,445695044684
2447 106,448254988592
2448 106,44579589139
2449 106,441777115538
2450 106,440425525588
2451 106,438046958079
2452 106,431230308888
2453 106,425245354911
2454 106,425328471322
2455 106,427316705563
2456 106,425441438445
2457 106,421827449662
2458 106,420158068911
2459 106,417830338924
2460 106,41267973445
2461 106,40956331575
2462 106,411823175262
2463 106,413895512765
2464 106,41064497094
2465 106,406260068265
2466 106,405756744999
2467 106,405775104675
2468 106,402245736699
2469 106,398999030449
2470 106,399909453325
2471 106,400417976902
2472 106,395834811177
2473 106,390418993775
2474 106,389324151581
2475 106,389137059512
2476 106,385344981937
2477 106,381576704748
2478 106,382287070204
2479 106,383597833153
2480 106,380485132847
2481 106,3759341172
2482 106,374138900051
2483 106,371953244213
2484 106,366022000413
2485 106,360989434937
2486 106,361435525864
2487 106,362785080811
2488 106,359280928741
2489 106,353846167621
2490 106,351028397002
2491 106,347524968746
2492 106,339142079593
2493 106,330078807202
2494 106,325741506575
2495 106,323018995342
2496 106,316982991141
2497 106,31055771635
2498 106,308294593762
2499 106,307256286985
2500 106,303436406056
2501 106,300626605195
2502 106,303888896716
2503 106,309695085246
2504 106,312826460655
2505 106,315653785691
2506 106,322039466627
2507 106,328414604441
2508 106,330159311799
2509 106,330576135395
2510 106,334358415431
2511 106,338274657922
2512 106,337368203969
2513 106,334323743111
2514 106,333778874885
2515 106,333428978198
2516 106,329568579561
2517 106,325339123501
2518 106,32473545799
2519 106,324508329077
2520 106,320564450694
2521 106,316151264375
2522 106,315206208896
2523 106,314024821861
2524 106,308094539923
2525 106,300701124078
2526 106,296210737735
2527 106,291536458515
2528 106,282979793933
2529 106,274693192114
2530 106,27133132581
2531 106,269003937728
2532 106,262606090596
2533 106,255433937696
2534 106,252315532101
2535 106,249859122378
2536 106,242965725509
2537 106,234547749327
2538 106,229268340866
2539 106,223983371737
2540 106,214109175327
2541 106,203437594538
2542 106,197913274705
2543 106,19528218372
2544 106,19024719933
2545 106,184191386001
2546 106,180537447568
2547 106,176249758114
2548 106,167407746888
2549 106,157737175896
2550 106,152330174077
2551 106,148224382207
2552 106,14026873379
2553 106,13093698309
2554 106,125279953656
2555 106,121467310954
2556 106,115290855355
2557 106,108794058232
2558 106,105577311288
2559 106,102731065135
2560 106,096142016487
2561 106,088699508951
2562 106,084814200717
2563 106,082031937527
2564 106,076294558929
2565 106,069967770864
2566 106,066415403187
2567 106,062400392259
2568 106,054290146402
2569 106,04593395298
2570 106,04178738062
2571 106,038108347467
2572 106,029758581644
2573 106,019959163177
2574 106,014342952351
2575 106,010877992224
2576 106,004616841973
2577 105,997050256611
2578 105,99189578462
2579 105,986952084848
2580 105,978969609223
2581 105,971389333701
2582 105,968481486744
2583 105,966885351992
2584 105,961509151262
2585 105,95465482988
2586 105,950813662542
2587 105,947727429912
2588 105,941259674256
2589 105,933945916728
2590 105,930040682823
2591 105,927053436752
2592 105,920630304662
2593 105,912774493348
2594 105,906909018279
2595 105,900090224653
2596 105,888743548709
2597 105,877022252029
2598 105,870725700536
2599 105,867595362193
2600 105,861978691749
2601 105,854365728918
2602 105,848118063318
2603 105,841639539043
2604 105,832082845205
2605 105,822150021787
2606 105,815229818146
2607 105,808548532526
2608 105,798821273818
2609 105,789448891812
2610 105,784164884899
2611 105,778931823073
2612 105,768451926183
2613 105,755568176926
2614 105,745849554632
2615 105,737861510478
2616 105,727180696166
2617 105,715190190792
2618 105,705485222631
2619 105,696152415356
2620 105,683844013784
2621 105,671106723187
2622 105,661794654399
2623 105,653635958511
2624 105,642818733174
2625 105,631167833948
2626 105,6214498786
2627 105,610877634249
2628 105,5969333234
2629 105,58409577016
2630 105,576652865297
2631 105,570198647612
2632 105,558597326781
2633 105,544211397953
2634 105,532787753116
2635 105,523278228855
2636 105,511423278176
2637 105,498692545166
2638 105,488878841698
2639 105,480070872409
2640 105,468498899021
2641 105,456289079941
2642 105,447239946162
2643 105,439000403405
2644 105,427458078422
2645 105,414738057259
2646 105,404830310152
2647 105,395409105956
2648 105,382067803201
2649 105,366791859412
2650 105,354354093557
2651 105,344054413849
2652 105,332613457785
2653 105,321335880355
2654 105,312812748078
2655 105,304389300829
2656 105,292429116384
2657 105,279349168754
2658 105,269217061181
2659 105,260254618002
2660 105,24876756937
2661 105,236399819289
2662 105,226348356896
2663 105,216577634621
2664 105,204057722006
2665 105,191650581093
2666 105,1835580025
2667 105,177874262509
2668 105,170603359973
2669 105,162869144174
2670 105,15716317607
2671 105,150818447493
2672 105,140485303276
2673 105,128954665969
2674 105,120401015944
2675 105,112927684537
2676 105,102806849291
2677 105,091863243125
2678 105,083628981074
2679 105,076470021868
2680 105,067552920043
2681 105,059135900592
2682 105,053672581189
2683 105,047191828247
2684 105,035153247041
2685 105,020750051464
2686 105,009847181618
2687 105,00165794932
2688 104,99184638132
2689 104,980797420569
2690 104,971089357781
2691 104,960541983464
2692 104,945591883237
2693 104,928346171075
2694 104,912988255388
2695 104,898462840647
2696 104,881808595461
2697 104,865210105816
2698 104,852399548299
2699 104,84127555313
2700 104,827300202937
2701 104,811216397678
2702 104,796485262323
2703 104,78221278655
2704 104,765562663902
2705 104,748170370183
2706 104,733262618869
2707 104,719203572821
2708 104,702521125411
2709 104,684606496089
2710 104,669088732703
2711 104,655400245656
2712 104,640989532251
2713 104,62676954942
2714 104,614269938068
2715 104,600677412186
2716 104,582939546653
2717 104,56361834819
2718 104,546596914551
2719 104,530340429505
2720 104,511521840568
2721 104,49172522486
2722 104,474078602176
2723 104,456714427728
2724 104,436374871675
2725 104,415489382638
2726 104,398927678267
2727 104,386273371531
2728 104,373571213514
2729 104,360084749877
2730 104,347212530913
2731 104,333491220458
2732 104,316957658229
2733 104,300057334218
2734 104,286259159896
2735 104,274138720863
2736 104,260338346929
2737 104,245685667569
2738 104,232799351995
2739 104,22050461539
2740 104,206423320258
2741 104,192390601022
2742 104,181492807631
2743 104,172234156387
2744 104,161223849251
2745 104,149108749802
2746 104,138390822552
2747 104,128087380146
2748 104,116224213258
2749 104,105043555864
2750 104,097884580758
2751 104,092916725381
2752 104,085344866505
2753 104,073936141091
2754 104,060609493095
2755 104,046044748293
2756 104,030700445364
2757 104,017646782932
2758 104,009055130277
2759 104,001799445564
2760 103,991254676487
2761 103,977405472577
2762 103,962923065271
2763 103,947865297134
2764 103,930959780961
2765 103,91358238115
2766 103,897670338897
2767 103,881901224968
2768 103,864253562747
2769 103,845794367237
2770 103,8276126687
2771 103,806933665292
2772 103,781186765566
2773 103,753506673208
2774 103,729325934105
2775 103,70937087886
2776 103,690165968989
2777 103,669208707668
2778 103,645494214897
2779 103,617323615663
2780 103,584022972456
2781 103,548052254874
2782 103,511687954659
2783 103,473525855269
2784 103,431348394764
2785 103,385841669849
2786 103,338408138071
2787 103,288566700346
2788 103,237135052623
2789 103,188720365522
2790 103,147054704145
2791 103,110647930015
2792 103,076537380597
2793 103,045043318122
2794 103,017174576405
2795 102,991129435197
2796 102,965950978746
2797 102,945516722731
2798 102,934169017794
2799 102,930747083679
2800 102,930933169102
2801 102,932862077185
2802 102,936465953457
2803 102,940047774088
2804 102,94167548378
2805 102,941629187911
2806 102,939863932407
2807 102,933819347659
2808 102,922472228097
2809 102,909625879544
2810 102,899128277757
2811 102,889396418439
2812 102,87645010199
2813 102,859624348983
2814 102,840408450542
2815 102,818380185194
2816 102,792385657796
2817 102,763356898188
2818 102,732089341126
2819 102,696545086149
2820 102,65506089884
2821 102,609905280124
2822 102,564053805171
2823 102,516694720966
2824 102,465235480152
2825 102,409222679445
2826 102,34896232231
2827 102,283035807326
2828 102,210754203715
2829 102,134355919643
2830 102,055126411329
2831 101,970008639257
2832 101,875680441401
2833 101,773084151368
2834 101,663927711778
2835 101,545685621406
2836 101,414939819891
2837 101,273686686412
2838 101,127452178086
2839 100,978074648012
2840 100,822216868874
2841 100,655952931853
2842 100,477294072802
2843 100,285484066881
2844 100,081866370376
2845 99,8714709835639
2846 99,6611106677814
2847 99,456156720401
2848 99,2607451786528
2849 99,0795347539618
2850 98,9168913520187
2851 98,7755518194149
2852 98,6580116794539
2853 98,5676066099735
2854 98,5061183710812
2855 98,4718311453775
2856 98,4618135796186
2857 98,4743628367302
2858 98,5073389192295
2859 98,5560602911968
2860 98,6150282721713
2861 98,680268381877
2862 98,7485713874863
2863 98,8167288085092
2864 98,8835419249344
2865 98,9506031980578
2866 99,0190730866924
2867 99,0873246896689
2868 99,1532436845279
2869 99,21691937849
2870 99,2798894426721
2871 99,3443104905404
2872 99,414331126102
2873 99,4950977420373
2874 99,5875649132974
2875 99,6859904149965
2876 99,7825058336165
2877 99,8725350817504
2878 99,954703604028
2879 100,028464906647
2880 100,094236784484
2881 100,15366528542
2882 100,207281691723
2883 100,253354898535
2884 100,290668677048
2885 100,320506955301
2886 100,344186910078
2887 100,360589871471
2888 100,36791348955
2889 100,366015230248
2890 100,355225337083
2891 100,334534323327
2892 100,302828833785
2893 100,260891837443
2894 100,211163621923
2895 100,156763938312
2896 100,101008343097
2897 100,045496804602
2898 99,987612094884
2899 99,922033960629
2900 99,8459213335829
2901 99,7609365272732
2902 99,671567377773
2903 99,5753461503773
2904 99,4746690253694
2905 99,3718702691521
2906 99,2690052402521
2907 99,1660402468503
2908 99,0613988613723
2909 98,9527330305166
2910 98,8369724185569
2911 98,7130769159003
2912 98,5844863043726
2913 98,4547904749898
2914 98,324936870026
2915 98,1938609787222
2916 98,0638909900428
2917 97,9413109903486
2918 97,8295584644103
2919 97,725256476244
2920 97,623446850626
2921 97,5238917130336
2922 97,4296049779057
2923 97,3416813726816
2924 97,2587991069071
2925 97,1813450656606
2926 97,1141466673354
2927 97,0647287645102
2928 97,0386320992606
2929 97,0347738411713
2930 97,0449800365082
2931 97,0595931113125
2932 97,0740541457403
2933 97,0886860781322
2934 97,1030327780744
2935 97,1145872688013
2936 97,124683924923
2937 97,1416896569916
2938 97,174103225738
2939 97,2209073981142
2940 97,2712409806422
2941 97,3139697317548
2942 97,346216420345
2943 97,3723767883177
2944 97,3963785349094
2945 97,4171060516004
2946 97,4326982102708
2947 97,4473800222622
2948 97,4694398838994
2949 97,5009973305721
2950 97,5335347532749
2951 97,5571296818667
2952 97,5717889136858
2953 97,584749636587
2954 97,5975121644412
2955 97,6016894016846
2956 97,5906802349363
2957 97,5718700417059
2958 97,5631156378585
2959 97,5777146527044
2960 97,6143713141845
2961 97,6620373570613
2962 97,7124295460224
2963 97,766455184892
2964 97,8293802629346
2965 97,9029183826195
2966 97,984888165832
2967 98,075097318849
2968 98,1781228466117
2969 98,2978162198938
2970 98,4308582387405
2971 98,5676128486688
2972 98,6981587068824
2973 98,8171918047609
2974 98,9233723450224
2975 99,0145576102191
2976 99,085721906036
2977 99,13444566195
2978 99,1683169742184
2979 99,2034068174063
2980 99,2525943146302
2981 99,3164911709643
2982 99,3864793472759
2983 99,4537869886031
2984 99,5123886352985
2985 99,5561638614517
2986 99,5800499740334
2987 99,5862523126543
2988 99,5852698411232
2989 99,5873768755129
2990 99,5958062329413
2991 99,6090696987225
2992 99,6248682435635
2993 99,6401600200959
2994 99,6509279979501
2995 99,6547410292985
2996 99,6528759062666
2997 99,649388236624
2998 99,6484718263651
2999 99,6520736820744
3000 99,6591101369928
3001 99,6657440435182
3002 99,6679200623813
3003 99,6655477299442
3004 99,6605252921736
3005 99,6527240197254
3006 99,6394116162546
3007 99,617997613256
3008 99,5886217423172
3009 99,5528853566996
3010 99,5107966141083
3011 99,4610637365916
3012 99,402019507406
3013 99,3298161038099
3014 99,2398120479904
3015 99,1380153342586
3016 99,0520633500412
3017 99,0217239167154
3018 99,0681440049062
3019 99,1697348500996
3020 99,2733758264283
3021 99,3344091871454
3022 99,3454653946506
3023 99,3285567660459
3024 99,3060832820935
3025 99,2851876145808
3026 99,2622623554457
3027 99,2341142529538
3028 99,2019681623182
3029 99,1688953357983
3030 99,1364401367005
3031 99,1050682095955
3032 99,0755554535389
3033 99,0489685155936
3034 99,0264499078319
3035 99,0081982945428
3036 98,9905124072119
3037 98,965860592531
3038 98,9305511481439
3039 98,8906829193264
3040 98,854524034573
3041 98,823329484117
3042 98,7948357072014
3043 98,7691209719342
3044 98,746774713584
3045 98,7234805885771
3046 98,6925089681331
3047 98,6550884888702
3048 98,6196004395556
3049 98,5919066479253
3050 98,5705613388062
3051 98,5511371137638
3052 98,5299583043766
3053 98,5023136498019
3054 98,4622097227979
3055 98,4081208444912
3056 98,3479001990831
3057 98,2980801642038
3058 98,2723923600528
3059 98,2685504197693
3060 98,2696277691539
3061 98,2576039267715
3062 98,2267087147673
3063 98,1804988346418
3064 98,1213858618124
3065 98,0515174807781
3066 97,9842396704372
3067 97,942988051237
3068 97,9397911804602
3069 97,9607025457193
3070 97,9784061725112
3071 97,9765482234808
3072 97,9561487052546
3073 97,9210644744824
3074 97,8683118117149
3075 97,7995205265964
3076 97,7318475153724
3077 97,6876298728899
3078 97,6726226653833
3079 97,6721634319313
3080 97,6706836956534
3081 97,6617618144335
3082 97,6407934957998
3083 97,601649444585
3084 97,547286420281
3085 97,496603041015
3086 97,4720984937774
3087 97,4784705147159
3088 97,4975712675194
3089 97,5082716367869
3090 97,5039000122306
3091 97,4884425102259
3092 97,461888473897
3093 97,4196190143674
3094 97,3672904489475
3095 97,325035544287
3096 97,3093039848234
3097 97,3134588671892
3098 97,3159819360697
3099 97,3048250489023
3100 97,2844121553583
3101 97,2595386122354
3102 97,2264456076803
3103 97,1851567128618
3104 97,148018224821
3105 97,1273956730052
3106 97,12094621441
3107 97,116167678157
3108 97,1056507580617
3109 97,0914195933681
3110 97,0698095493297
3111 97,0299833517877
3112 96,97298465291
3113 96,9168261726114
3114 96,8774510644463
3115 96,8543326893066
3116 96,8383179947309
3117 96,8221416372915
3118 96,8022903646218
3119 96,7782699330692
3120 96,7535058964538
3121 96,732316693027
3122 96,7167102047236
3123 96,7076117252873
3124 96,7031916675814
3125 96,6955971925256
3126 96,6770782972133
3127 96,6472148948908
3128 96,6116043538733
3129 96,5745921165023
3130 96,535685164854
3131 96,4971163998749
3132 96,4669842983359
3133 96,446703655831
3134 96,4246178590268
3135 96,3906750839325
3136 96,3480508821818
3137 96,3030350115584
3138 96,2569463006665
3139 96,2137232269674
3140 96,1825016843494
3141 96,1641027062324
3142 96,1463367279938
3143 96,1194157555958
3144 96,0854359109614
3145 96,0480348496569
3146 96,0054722810005
3147 95,9563205332404
3148 95,90449777035
3149 95,8536616392571
3150 95,8032384629741
3151 95,7547266132709
3152 95,7145861146669
3153 95,6850154144129
3154 95,6582785711224
3155 95,6261767682524
3156 95,5893539560172
3157 95,5517625275252
3158 95,5128234577926
3159 95,4710494996258
3160 95,4291689533829
3161 95,3893101002334
3162 95,3483223024786
3163 95,3037394339509
3164 95,2590483311786
3165 95,2175756427258
3166 95,1765165793338
3167 95,1325740512867
3168 95,0884107784218
3169 95,0466177069496
3170 95,0035524663238
3171 94,9575162799387
3172 94,9127575381019
3173 94,871097959174
3174 94,827602222115
3175 94,7792850563769
3176 94,7301187451343
3177 94,6836158412187
3178 94,639086579879
3179 94,5967779033344
3180 94,5591158208134
3181 94,5239046658193
3182 94,4840440864716
3183 94,4378460411739
3184 94,392077701681
3185 94,3514313883032
3186 94,3127610911572
3187 94,2729619518744
3188 94,2346605736186
3189 94,19867514502
3190 94,1596117286989
3191 94,116940878757
3192 94,0762359533357
3193 94,0387100247273
3194 93,9991583992529
3195 93,9561932431156
3196 93,9149328902011
3197 93,8775685723489
3198 93,8408685067957
3199 93,8036830300489
3200 93,769058678219
3201 93,7367385662119
3202 93,7023412547926
3203 93,6659037660795
3204 93,6318061435532
3205 93,5997532016137
3206 93,5645730942742
3207 93,5270543325316
3208 93,4929645729235
3209 93,4629875994075
3210 93,4325574513381
3211 93,4009557111993
3212 93,3708703202291
3213 93,3413128029528
3214 93,3094902623899
3215 93,2786218164561
3216 93,2534592761711
3217 93,2303226151684
3218 93,2022775230415
3219 93,1719633468479
3220 93,1480619893645
3221 93,1293008891386
3222 93,1062662257729
3223 93,0793357965616
3224 93,0566776128456
3225 93,0372608546309
3226 93,0124901132574
3227 92,9831933374401
3228 92,9561689559341
3229 92,928281491964
3230 92,8908219936708
3231 92,8465605322459
3232 92,8094041777948
3233 92,7863905990747
3234 92,771869177079
3235 92,7613027603429
3236 92,7546382149188
3237 92,7463336285416
3238 92,7291472321517
3239 92,705334164886
3240 92,6836411815672
3241 92,6643691125403
3242 92,6389574808768
3243 92,6059317627764
3244 92,5738892664346
3245 92,5478883318095
3246 92,5260962544083
3247 92,51023691431
3248 92,503085008619
3249 92,4978803437891
3250 92,4846867212932
3251 92,4637287674514
3252 92,4417274731657
3253 92,4197625391126
3254 92,3952525954625
3255 92,3730442156147
3256 92,3604716896981
3257 92,3535409882052
3258 92,3430953563552
3259 92,3283940489417
3260 92,3150769837787
3261 92,3031563235078
3262 92,2880940272023
3263 92,271577406142
3264 92,2590629627613
3265 92,2465757002291
3266 92,2246049682455
3267 92,1949232061379
3268 92,1657770885841
3269 92,1392071076963
3270 92,1156570927255
3271 92,1015419213641
3272 92,1003930789467
3273 92,1040943320961
3274 92,1032054255951
3275 92,1000527098221
3276 92,1012222384745
3277 92,1026353965633
3278 92,0959382244035
3279 92,0840799693418
3280 92,0763113546954
3281 92,07302589213
3282 92,068646619278
3283 92,0641242103762
3284 92,0639748398567
3285 92,0637806613192
3286 92,0558436556839
3287 92,0432755753936
3288 92,0324724019862
3289 92,0201878781
3290 92,0015365433477
3291 91,9833486104159
3292 91,976348613862
3293 91,9792657225783
3294 91,9828491996284
3295 91,9860532836189
3296 91,9952079284591
3297 92,0089255651068
3298 92,0188282037474
3299 92,0235510536434
3300 92,0263393088668
3301 92,0227229365832
3302 92,0057483835104
3303 91,9802311835453
3304 91,96002430836
3305 91,9511216275482
3306 91,9502462914962
3307 91,9570600167129
3308 91,9746298364454
3309 91,9986821880728
3310 92,0196460202368
3311 92,0345764438204
3312 92,0459661655325
3313 92,0525982137775
3314 92,0525567775244
3315 92,0515786050899
3316 92,0568366104209
3317 92,0648590478324
3318 92,0673339121275
3319 92,0656440681757
3320 92,0667726652775
3321 92,0689130901097
3322 92,0650447270861
3323 92,0568560402646
3324 92,0530430249806
3325 92,0556429296233
3326 92,0605539493243
3327 92,0682080815438
3328 92,080144040319
3329 92,0897325175249
3330 92,0908800658258
3331 92,0888345741669
3332 92,0917042655073
3333 92,0964674704532
3334 92,0945899711402
3335 92,0865991579443
3336 92,0792832146673
3337 92,0734810238142
3338 92,0673536801787
3339 92,0660809878209
3340 92,0745863611195
3341 92,0856548709681
3342 92,089610207271
3343 92,0906389589465
3344 92,098444813115
3345 92,1093960712038
3346 92,111847707036
3347 92,1054809712878
3348 92,0988516174463
3349 92,0937682205996
3350 92,0895220080364
3351 92,0931124766597
3352 92,1108740237807
3353 92,1341805746078
3354 92,1488594479636
3355 92,1552746585614
3356 92,1621933608113
3357 92,1680291678985
3358 92,1661786675701
3359 92,1625919346736
3360 92,1683998631785
3361 92,1807512455699
3362 92,1876791307177
3363 92,1873782325489
3364 92,18626840566
3365 92,1831877889554
3366 92,1737253146424
3367 92,1655442744583
3368 92,17120977046
3369 92,1895439470154
3370 92,2103290055774
3371 92,2321517402375
3372 92,2586299881576
3373 92,2826668210801
3374 92,2941651203547
3375 92,2990204182272
3376 92,3095283122337
3377 92,3226157528683
3378 92,3277845062953
3379 92,3296658881568
3380 92,3403531121882
3381 92,3574010026084
3382 92,3698500154436
3383 92,3793115341396
3384 92,3930083916505
3385 92,4046923187445
3386 92,4042131513512
3387 92,3953599137604
3388 92,3870533535081
3389 92,3761393376502
3390 92,3593103150687
3391 92,3480308218554
3392 92,3526462442175
3393 92,3632612973309
3394 92,3648896488312
3395 92,3593570167204
3396 92,3540024278614
3397 92,3420318393168
3398 92,3148242435103
3399 92,2845081963355
3400 92,2719818017294
3401 92,2803334835654
3402 92,2985384152493
3403 92,3216440711067
3404 92,3472251106008
3405 92,3642337963456
3406 92,3662801288588
3407 92,3633409212297
3408 92,3669799591034
3409 92,373646385325
3410 92,3772505050774
3411 92,3822572311787
3412 92,3917709250992
3413 92,399312336533
3414 92,4004142263845
3415 92,3993691079429
3416 92,3978132632293
3417 92,3900716050558
3418 92,3761451969869
3419 92,3654761847494
3420 92,3598945579985
3421 92,3479970352448
3422 92,3236048481157
3423 92,2957452594432
3424 92,2722664130473
3425 92,247517327612
3426 92,216421743331
3427 92,1850829032445
3428 92,1580795639469
3429 92,1303300623096
3430 92,1000403283535
3431 92,0733964703172
3432 92,0492098545866
3433 92,0177264943744
3434 91,9786031163922
3435 91,9466584299507
3436 91,9315304255797
3437 91,9269108630584
3438 91,9247230296034
3439 91,923417464725
3440 91,9241348512204
3441 91,9198836377024
3442 91,9044686459542
3443 91,8874712494031
3444 91,882914169828
3445 91,8883054389213
3446 91,8923082284785
3447 91,8936583768599
3448 91,8959928824066
3449 91,8946430536754
3450 91,8862737731221
3451 91,8819295934757
3452 91,8919700001071
3453 91,9071155010052
3454 91,9121258827674
3455 91,910970329024
3456 91,9159985642226
3457 91,9225491204823
3458 91,9194277754923
3459 91,9133422104124
3460 91,9235044539735
3461 91,9440935023553
3462 91,9498090560702
3463 91,9386587793536
3464 91,9301234810457
3465 91,9269485211707
3466 91,9170944911074
3467 91,9076642683408
3468 91,9197575037352
3469 91,9506425628155
3470 91,9796410833506
3471 92,00612595153
3472 92,043810756353
3473 92,084083822725
3474 92,1047826984177
3475 92,1125101807528
3476 92,1303980345305
3477 92,1540659386824
3478 92,1672525352735
3479 92,182741493623
3480 92,2225841298167
3481 92,2749578601723
3482 92,3107188544386
3483 92,3328499471515
3484 92,3654793067658
3485 92,4071282419421
3486 92,4399430837061
3487 92,4704061682629
3488 92,5174294276252
3489 92,5701165859994
3490 92,6056841383395
3491 92,6339083848755
3492 92,6806082713652
3493 92,7406867655334
3494 92,7879474369173
3495 92,823600882382
3496 92,8698064009157
3497 92,9204451186661
3498 92,9534858763281
3499 92,9796384512606
3500 93,0236110191731
3501 93,0755524132701
3502 93,1117896993657
3503 93,1427331213706
3504 93,1907058398669
3505 93,2430775187309
3506 93,2765427612273
3507 93,3041823853286
3508 93,3505926956571
3509 93,4029383194286
3510 93,434117374941
3511 93,4519390175846
3512 93,4825211739902
3513 93,5227014519969
3514 93,5513358922866
3515 93,5739771849018
3516 93,6149862934247
3517 93,6662169662592
3518 93,6976817067959
3519 93,7150693356805
3520 93,7455603633067
3521 93,775348113815
3522 93,7765832884616
3523 93,767334258807
3524 93,7854036637266
3525 93,8256459848306
3526 93,8630699465624
3527 93,9060147278856
3528 93,9664926375533
3529 94,0168803229568
3530 94,029416899316
3531 94,0280348711294
3532 94,0512871068173
3533 94,0902194846866
3534 94,1144672525761
3535 94,1350161237534
3536 94,18096307596
3537 94,2329266219535
3538 94,2512040081592
3539 94,2435825515675
3540 94,2520862736777
3541 94,2734777060273
3542 94,2759239757494
3543 94,264134034605
3544 94,2636472270828
3545 94,2675309259613
3546 94,2564058667488
3547 94,2553564662856
3548 94,2962871266519
3549 94,3550161325889
3550 94,3921912018751
3551 94,4160191534716
3552 94,4540899664289
3553 94,4964117432728
3554 94,5134099912975
3555 94,5188473705541
3556 94,5563360237154
3557 94,623256633966
3558 94,6768152569473
3559 94,7025733526854
3560 94,7188058651448
3561 94,7303134785441
3562 94,7199513735592
3563 94,6878441725458
3564 94,6531494842468
3565 94,6084908338819
3566 94,5330255330617
3567 94,4633067873803
3568 94,4724422908229
3569 94,5495857853406
3570 94,622799786567
3571 94,6646756858777
3572 94,7056226326859
3573 94,7590156806407
3574 94,7971774704644
3575 94,809992290353
3576 94,8481187224185
3577 94,9266050368261
3578 94,9845379482293
3579 94,9893909929332
3580 94,9845252882401
3581 94,9825468314197
3582 94,9574248557244
3583 94,9088835536342
3584 94,8917217822794
3585 94,9134362179776
3586 94,9106418918318
3587 94,8513566794998
3588 94,7999067940528
3589 94,8158863120654
3590 94,8508289416959
3591 94,8703102659129
3592 94,9047796099232
3593 94,9648911608074
3594 95,0042781696598
3595 94,9949687338606
3596 95,0042560090041
3597 95,0639307758094
3598 95,1014882615748
3599 95,0875466654131
3600 95,1109612363312
3601 95,1735439410749
3602 95,2040882081882
3603 95,1876120566569
3604 95,1632365570696
3605 95,1237041652246
3606 95,0235744701634
3607 94,8664405507456
3608 94,7573312846374
3609 94,7781275903201
3610 94,856294125723
3611 94,9118349433596
3612 94,9507533620173
3613 95,0009833487126
3614 95,0392675210666
3615 95,0564483842521
3616 95,1313895129638
3617 95,3183246093831
3618 95,5576694330156
3619 95,7383381045565
3620 95,7798236360032
3621 95,6502557806275
3622 95,4246691952927
3623 95,2450479250686
3624 95,1515859882873
3625 95,0736105552908
3626 94,9423034018162
3627 94,7624316350454
3628 94,6108015703012
3629 94,5805142189365
3630 94,6920442809738
3631 94,8628713074747
3632 94,989170231123
3633 95,0362291019223
3634 95,0583009877478
3635 95,1199652728434
3636 95,211335536878
3637 95,2837850161419
3638 95,3432197085473
3639 95,4392013669164
3640 95,547667309394
3641 95,5667931228166
3642 95,4942328625804
3643 95,4351319709664
3644 95,4161524146947
3645 95,3464619708124
3646 95,2064263960056
3647 95,091894780389
3648 95,0038826677874
3649 94,8754650352154
3650 94,7894287913244
3651 94,8660539561311
3652 95,0054790961479
3653 95,0335649177194
3654 94,9549473360928
3655 94,9088778944383
3656 94,9454402596425
3657 94,9839355604516
3658 95,0014533794256
3659 95,0849327224599
3660 95,2273279497073
3661 95,3055253333787
3662 95,2807829458264
3663 95,2478024470112
3664 95,2884659311862
3665 95,3467117587673
3666 95,3626045504524
3667 95,3571808925811
3668 95,3183114513611
3669 95,2053318060505
3670 95,050432499846
3671 94,9603572141177
3672 94,9576548671506
3673 94,9172034487237
3674 94,7319912605106
3675 94,4940403640418
3676 94,4643023503925
3677 94,6341397873046
3678 94,8195885737274
3679 94,9471751934435
3680 95,0244854192464
3681 95,0604700198808
3682 95,0575742918237
3683 94,998712429642
3684 94,9474623177134
3685 94,9509988702384
3686 94,9374137117612
3687 94,8600505922671
3688 94,8121037797848
3689 94,8836802296616
3690 94,9040672271689
3691 94,7664729904237
3692 94,659520376683
3693 94,7124605147426
3694 94,7723989134226
3695 94,7163614876799
3696 94,6644783614389
3697 94,7075793031365
3698 94,7701339565326
3699 94,7830200406348
3700 94,8032155886939
3701 94,868074568681
3702 94,9077525078451
3703 94,8371826560394
3704 94,7069945897462
3705 94,6320098959068
3706 94,5792362998329
3707 94,4537540130798
3708 94,2952544620467
3709 94,2117613584498
3710 94,1553873083576
3711 94,0601591563726
3712 94,0388602512176
3713 94,1639524928725
3714 94,2633838274083
3715 94,2620461100715
3716 94,2878989060438
3717 94,3756105075275
3718 94,4064034467026
3719 94,3321161820544
3720 94,2737658288074
3721 94,2709724267018
3722 94,2435171900066
3723 94,1674106732666
3724 94,0842153973074
3725 94,0476753767154
3726 94,0115133665607
3727 93,9406440399867
3728 93,9476029805821
3729 94,0692362731587
3730 94,1543779422619
3731 94,118649628653
3732 94,1035860356028
3733 94,1425230676246
3734 94,020648801144
3735 93,7039532391847
3736 93,4487865942557
3737 93,404482575322
3738 93,4498082666332
3739 93,4974689019594
3740 93,6040455430502
3741 93,7351349357647
3742 93,7585979957744
3743 93,6466008958984
3744 93,4399073701546
3745 93,3231933835076
3746 93,2362436166589
3747 93,0488938075244
3748 92,7830521931108
3749 92,62158214988
3750 92,651829850146
3751 92,7301772677626
3752 92,7374283079772
3753 92,7899152981661
3754 92,9394299744429
3755 93,0489329936654
3756 93,0210362285325
3757 92,9679521645427
3758 93,0194891720451
3759 93,0823857792319
3760 93,0257054574473
3761 92,9163093488925
3762 92,8958517824312
3763 92,9292186155653
3764 92,8552004757013
3765 92,7233286251629
3766 92,7135306902954
3767 92,7626110499289
3768 92,6877356024011
3769 92,5642106016981
3770 92,5932216491271
3771 92,6794143369104
3772 92,6216465512412
3773 92,5185120688604
3774 92,5288269674583
3775 92,5705553801753
3776 92,5100382094567
3777 92,416452081284
3778 92,4118683472765
3779 92,4389867094184
3780 92,3859760407078
3781 92,299100101794
3782 92,270877144915
3783 92,2733654310202
3784 92,2347486795768
3785 92,1895744132476
3786 92,2088528509937
3787 92,2382225826115
3788 92,185737402095
3789 92,111775280291
3790 92,1277098230052
3791 92,1928524135199
3792 92,1927507039664
3793 92,1249660094165
3794 92,0776796045955
3795 92,0665204501358
3796 92,0350675237288
3797 92,0091040584237
3798 92,0294091531154
3799 91,9942529593628
3800 91,824613799307
3801 91,6017056569916
3802 91,477099727528
3803 91,4225811398503
3804 91,3640457429028
3805 91,3286972161149
3806 91,3905993658821
3807 91,4867305321967
3808 91,4789957506415
3809 91,4286214026044
3810 91,4723407551097
3811 91,5595798711902
3812 91,5612345351539
3813 91,4608306543305
3814 91,3617318764519
3815 91,2898649312625
3816 91,1775315026924
3817 91,0853715623169
3818 91,0976751873909
3819 91,1134844651194
3820 91,0328411876626
3821 90,9406622118081
3822 90,9619155190094
3823 90,9845680799288
3824 90,9154500180794
3825 90,8775430478138
3826 90,9657674630596
3827 91,0320667902386
3828 90,9648160422919
3829 90,893214775578
3830 90,9150148357958
3831 90,9428595005852
3832 90,882095881896
3833 90,8090402844776
3834 90,829933048826
3835 90,8452617096133
3836 90,7121097046065
3837 90,5441214747192
3838 90,5105912860736
3839 90,5050458554559
3840 90,4045003961541
3841 90,3518331600596
3842 90,4768739124209
3843 90,6109699826544
3844 90,5929837573413
3845 90,551077893688
3846 90,5379667165704
3847 90,4364445961917
3848 90,2812040081041
3849 90,2030371517525
3850 90,201426217882
3851 90,154744197916
3852 90,0527301199796
3853 90,0243013003139
3854 90,1779200706524
3855 90,279270397738
3856 90,1798323972752
3857 90,0044006957004
3858 89,9117090861318
3859 89,8863323572754
3860 89,8745155089876
3861 89,880372151365
3862 89,918264888634
3863 89,9259255051397
3864 89,8577040613084
3865 89,7689521789429
3866 89,6781597076946
3867 89,5766040254198
3868 89,4854638085084
3869 89,4151614322798
3870 89,408861793046
3871 89,4708850187008
3872 89,5117494112803
3873 89,4852367278457
3874 89,4415021804989
3875 89,4331502235163
3876 89,4141056480519
3877 89,3285723369693
3878 89,2533322221948
3879 89,2980126382518
3880 89,3853489297781
3881 89,3491508551098
3882 89,2021402617709
3883 89,0702852378683
3884 88,9639580202698
3885 88,8164229805079
3886 88,6773991999764
3887 88,667610530716
3888 88,758948364024
3889 88,8352176773573
3890 88,8810122123789
3891 88,9429462872481
3892 88,9861253202264
3893 88,9298583238438
3894 88,8147884540429
3895 88,7482480632491
3896 88,7365060603796
3897 88,6912160326618
3898 88,5717287019257
3899 88,4309048620536
3900 88,291216383825
3901 88,1445060646518
3902 88,0647129023356
3903 88,1274868015036
3904 88,2754806400563
3905 88,3579631108151
3906 88,3140935842583
3907 88,2280774625514
3908 88,1721675479334
3909 88,1306125867235
3910 88,0842987339551
3911 88,0447180139106
3912 88,0189605021056
3913 87,9813701803177
3914 87,9147676803855
3915 87,8471577048101
3916 87,7861602996436
3917 87,7189205165446
3918 87,6705507121795
3919 87,6698500849639
3920 87,6880225777241
3921 87,6821082679663
3922 87,6721964728494
3923 87,6924351805495
3924 87,7085606889593
3925 87,6710431745002
3926 87,602938089985
3927 87,5517223388074
3928 87,5038056781879
3929 87,4262281641587
3930 87,3489410748774
3931 87,3015403306765
3932 87,2510740622936
3933 87,1886364513684
3934 87,158364475759
3935 87,1641933459533
3936 87,15399486297
3937 87,1111587607248
3938 87,0826138996946
3939 87,0852603280384
3940 87,078328006672
3941 87,0482741948894
3942 87,0296443038768
3943 87,0189269072319
3944 86,9564801226662
3945 86,8412193854845
3946 86,7560095340176
3947 86,7411887280688
3948 86,7482950567416
3949 86,736506635997
3950 86,7220315861428
3951 86,7084608834203
3952 86,6641942050565
3953 86,5917358143156
3954 86,5344283069947
3955 86,5067905564647
3956 86,4780899601982
3957 86,4318582279985
3958 86,3901466866206
3959 86,3609798696098
3960 86,320580276668
3961 86,2639933897366
3962 86,2203689444366
3963 86,2023487709358
3964 86,1805763560932
3965 86,1371252357302
3966 86,0975459055278
3967 86,0774374565914
3968 86,0510359254046
3969 86,0044132943294
3970 85,9646499459103
3971 85,9456561352889
3972 85,9201662157106
3973 85,8714732359969
3974 85,8227321045861
3975 85,7903199461095
3976 85,7537309109728
3977 85,7019213918912
3978 85,6604238693606
3979 85,6411206642315
3980 85,6153680926973
3981 85,5666134931085
3982 85,5206266253098
3983 85,4934500404793
3984 85,4614666465986
3985 85,4121669803149
3986 85,3702124347738
3987 85,3476412428779
3988 85,3206455885299
3989 85,2778046868314
3990 85,2411440031979
3991 85,2194946856383
3992 85,1896998526241
3993 85,1434133768242
3994 85,1041441221096
3995 85,0802150711293
3996 85,0474483641088
3997 84,9967396207906
3998 84,953177679436
3999 84,927949458484
4000 84,8975720618815
