#Datum: 21.01.2016 16:19:44
#Quelle: olivenoel_ohnespacer

#Daten:
#cm-1 %T
1100 34.05017351612
1101 34.4656525387658
1102 34.9037328374431
1103 35.3552476375347
1104 35.8223667439638
1105 36.2732889572505
1106 36.6562363689212
1107 36.9504967487156
1108 37.1607367977313
1109 37.2736570902699
1110 37.2677205389347
1111 37.1579314095316
1112 36.9862618444127
1113 36.7740271376764
1114 36.5268892104022
1115 36.2792652925141
1116 36.0870217644618
1117 35.9801918581828
1118 35.9671140030222
1119 36.0765209900597
1120 36.3458028905111
1121 36.7724557359638
1122 37.3211847880105
1123 37.9672387961426
1124 38.6868316693383
1125 39.417588607294
1126 40.0755746643831
1127 40.6052094061149
1128 40.9769571086896
1129 41.1508808066392
1130 41.0865381579811
1131 40.7844013642727
1132 40.2792319562111
1133 39.596271292382
1134 38.7516582192151
1135 37.7904091368096
1136 36.7797422053884
1137 35.7639708190333
1138 34.7663436046525
1139 33.8302923164483
1140 33.0105756304372
1141 32.3235070974788
1142 31.7508638349387
1143 31.2878799971689
1144 30.9388804334552
1145 30.6726800952809
1146 30.4354567987902
1147 30.204703487834
1148 29.9838683130503
1149 29.7541762429912
1150 29.48359134175
1151 29.1756598961976
1152 28.8589036359766
1153 28.5347284859267
1154 28.1847338420576
1155 27.8208047675759
1156 27.4768443024196
1157 27.1582737265721
1158 26.8514440971727
1159 26.5748690394994
1160 26.367295964215
1161 26.2326373382853
1162 26.1501015356819
1163 26.1287183342587
1164 26.1972093947082
1165 26.3502888672962
1166 26.55951748558
1167 26.8269906101361
1168 27.1753419769439
1169 27.5955299197533
1170 28.0573886543685
1171 28.5612752939223
1172 29.127485318132
1173 29.7453606010697
1174 30.3838817104026
1175 31.0413380958457
1176 31.7351935122095
1177 32.4548950311994
1178 33.1727101220144
1179 33.8892734879983
1180 34.6227076233702
1181 35.3640646086483
1182 36.0875904766755
1183 36.7942988011627
1184 37.502805349005
1185 38.2075616279312
1186 38.8880434065098
1187 39.5496150427283
1188 40.2148619515198
1189 40.8835530080868
1190 41.539855885094
1191 42.1894438440016
1192 42.8515786260568
1193 43.5229257809621
1194 44.1848071160347
1195 44.8380278445994
1196 45.4964096934239
1197 46.1532677229061
1198 46.7870617424813
1199 47.3932194459611
1200 47.9791167025683
1201 48.5349564656583
1202 49.0406983064635
1203 49.4957845981386
1204 49.9134498128134
1205 50.2922272517357
1206 50.6211694620508
1207 50.907480885314
1208 51.171580574007
1209 51.4191785287305
1210 51.6441755437472
1211 51.8538945080659
1212 52.0637285731087
1213 52.2697239608682
1214 52.4527074383394
1215 52.6061074723858
1216 52.734371363374
1217 52.8290464304861
1218 52.8737777018765
1219 52.8706088109618
1220 52.8362331816751
1221 52.7744303371525
1222 52.6765462926176
1223 52.546452548404
1224 52.3996229178291
1225 52.2393627519818
1226 52.0597567810998
1227 51.8705091758407
1228 51.6923628795324
1229 51.5291191319187
1230 51.3700593631486
1231 51.2169286728102
1232 51.081516897106
1233 50.9603895682722
1234 50.8408902135776
1235 50.7303623436695
1236 50.652392545458
1237 50.6168655303035
1238 50.6212457026716
1239 50.6774173788184
1240 50.8072746127181
1241 51.0141193595126
1242 51.2867786504884
1243 51.6276185084555
1244 52.0481893088577
1245 52.5421828539113
1246 53.0894561085879
1247 53.6798674896666
1248 54.3064772484021
1249 54.9415788288601
1250 55.5450647967903
1251 56.0929128718373
1252 56.5782139512156
1253 56.9927172531985
1254 57.3310231882
1255 57.6094213017657
1256 57.8589358012366
1257 58.0998831656997
1258 58.3388756094773
1259 58.5842004380736
1260 58.8427334253799
1261 59.1048302357352
1262 59.3533694284681
1263 59.5877580517542
1264 59.8229388705077
1265 60.0683855708922
1266 60.3252104600878
1267 60.5990074442318
1268 60.8949505382118
1269 61.2004788547556
1270 61.4894292256074
1271 61.7423066763984
1272 61.9497620663948
1273 62.1025389227749
1274 62.1968055216261
1275 62.2494715159658
1276 62.2931232498646
1277 62.3545752410995
1278 62.450337312804
1279 62.6001267265482
1280 62.8270585965146
1281 63.1422111464193
1282 63.5414316598459
1283 64.0147172625246
1284 64.5441613325776
1285 65.095482047826
1286 65.6265683214173
1287 66.1053378650552
1288 66.5131521920873
1289 66.8378491138388
1290 67.0762451453345
1291 67.2427838090321
1292 67.3648856563036
1293 67.4662591193864
1294 67.5591331420984
1295 67.649592344256
1296 67.7396028350318
1297 67.8235394462298
1298 67.8940728191267
1299 67.9551700607046
1300 68.0225954885928
1301 68.1108332692074
1302 68.2260009978914
1303 68.3698099451812
1304 68.5399788809675
1305 68.7250293616419
1306 68.9073082799376
1307 69.0736892348165
1308 69.21876765616
1309 69.3389158633302
1310 69.4313904167163
1311 69.5000698792408
1312 69.5547666129733
1313 69.6026873999674
1314 69.6457173483024
1315 69.6867978840827
1316 69.7328739192199
1317 69.7906928479888
1318 69.8660898123997
1319 69.9685805395422
1320 70.1098366066771
1321 70.2954274341908
1322 70.5230374865949
1323 70.7887031150763
1324 71.0887917184944
1325 71.4151354030107
1326 71.7524231099696
1327 72.0808868818957
1328 72.3800139086022
1329 72.6311777906213
1330 72.8209045327586
1331 72.9436658916408
1332 73.0015820631971
1333 72.9999366486413
1334 72.9424719858342
1335 72.8314989049114
1336 72.6703510326393
1337 72.4629277064669
1338 72.2140375530121
1339 71.9367963310259
1340 71.6578731000672
1341 71.406075807707
1342 71.1936765159683
1343 71.0127222363643
1344 70.845532252913
1345 70.6756558792072
1346 70.4955060638122
1347 70.3101703496319
1348 70.1335450101856
1349 69.9787919718995
1350 69.8533221627906
1351 69.7608199789573
1352 69.702349643637
1353 69.6731488819049
1354 69.6628647056366
1355 69.6606025294901
1356 69.657191590344
1357 69.6445021671431
1358 69.6167172644782
1359 69.573727021094
1360 69.520561728905
1361 69.46226688209
1362 69.4010061707386
1363 69.337570033765
1364 69.2716981220372
1365 69.2014053478841
1366 69.1255067568156
1367 69.0460849922572
1368 68.9661580002116
1369 68.8847674033814
1370 68.791687036239
1371 68.6607859787538
1372 68.4425867499196
1373 68.0687217501592
1374 67.4916563487044
1375 66.7512962020645
1376 66.0025727620618
1377 65.4702596730876
1378 65.3726502077402
1379 65.8292261028988
1380 66.7823856130358
1381 68.0357941734675
1382 69.3835804646678
1383 70.6830612041296
1384 71.8598381236084
1385 72.9113320717857
1386 73.8855824018837
1387 74.813971813046
1388 75.6704667174906
1389 76.4147809353549
1390 77.0408545876234
1391 77.5588075347037
1392 77.9717354685177
1393 78.2878416285345
1394 78.5222563863118
1395 78.6752504319145
1396 78.7365922199488
1397 78.7143539856228
1398 78.627473180537
1399 78.4835285405698
1400 78.2982686153768
1401 78.1241550217808
1402 78.0280794891511
1403 78.0572488505122
1404 78.2329912558316
1405 78.542777797796
1406 78.9202098419368
1407 79.2517498007009
1408 79.4291989334882
1409 79.3965931574617
1410 79.1393279311608
1411 78.6524149280669
1412 77.9562105665707
1413 77.1307529201853
1414 76.2916019062888
1415 75.5409227261477
1416 74.9570106091636
1417 74.6063937176135
1418 74.5452284743616
1419 74.7824827384268
1420 75.2193048661051
1421 75.7032202934484
1422 76.154405252937
1423 76.5419448288621
1424 76.8067829527888
1425 76.888383993197
1426 76.7767734185094
1427 76.4727351550284
1428 75.9559914380443
1429 75.2373725942684
1430 74.3843818638898
1431 73.4692294171281
1432 72.5488428470327
1433 71.6845596115347
1434 70.9049349150258
1435 70.1654871643064
1436 69.4018182936002
1437 68.6365432441474
1438 67.9604070366272
1439 67.3949680065708
1440 66.8938403375461
1441 66.4229596055548
1442 65.9757568329737
1443 65.5506375697016
1444 65.1455616495944
1445 64.7566049819592
1446 64.3567669491078
1447 63.8878621650864
1448 63.295863249765
1449 62.5549969335426
1450 61.6271154809394
1451 60.4443623850804
1452 58.9972316526843
1453 57.4066344433286
1454 55.8306260909769
1455 54.3513641437513
1456 53.0414179676607
1457 52.0598645077597
1458 51.48237829593
1459 51.1404730100914
1460 50.8498828156386
1461 50.5429294572589
1462 50.1876923936384
1463 49.75984696708
1464 49.2994983394571
1465 48.9789238434526
1466 49.124095321484
1467 50.1326531630419
1468 52.2917173899908
1469 55.6049887382588
1470 59.8185778385589
1471 64.6207417005359
1472 69.6317762163645
1473 74.1747166895424
1474 77.6037590479487
1475 79.9497829422992
1476 81.6828743254324
1477 83.0928639634757
1478 84.1980375333386
1479 85.0290273319068
1480 85.7165957496185
1481 86.332489297187
1482 86.8410236071356
1483 87.2349432947448
1484 87.5804992715431
1485 87.9075575525788
1486 88.1804301741154
1487 88.395774472384
1488 88.610090752845
1489 88.8392512682897
1490 89.0347692362804
1491 89.1855158670476
1492 89.331461263953
1493 89.4778388333891
1494 89.5969080286606
1495 89.6958466931274
1496 89.8154866739047
1497 89.9532924352791
1498 90.0586628385646
1499 90.1293724073659
1500 90.2105785540339
1501 90.3066939759293
1502 90.3820313079577
1503 90.4363572393713
1504 90.5096298898016
1505 90.6115327693654
1506 90.6933703157992
1507 90.7405706572412
1508 90.804733486435
1509 90.8758243767403
1510 90.917363801646
1511 90.9445064851394
1512 90.9890332532881
1513 91.0449416596752
1514 91.079866733751
1515 91.0949285777517
1516 91.1223045886341
1517 91.1700901395466
1518 91.2130254117886
1519 91.2468375591652
1520 91.2981652457271
1521 91.3673020172909
1522 91.4159306008228
1523 91.436264615904
1524 91.4609953074073
1525 91.5017404389362
1526 91.5356199446297
1527 91.5529009617984
1528 91.5748064267493
1529 91.6075070654444
1530 91.6309933204668
1531 91.6407761475537
1532 91.6571569727309
1533 91.6850613441944
1534 91.7040398343634
1535 91.7088969891514
1536 91.7199104284748
1537 91.7496350719424
1538 91.7813375894996
1539 91.7899450001604
1540 91.7881058472519
1541 91.8044484828665
1542 91.8171739879892
1543 91.8132193063071
1544 91.8199752081911
1545 91.8439664918283
1546 91.8584513727798
1547 91.8522308351378
1548 91.8467164064766
1549 91.8554073622984
1550 91.8644410813052
1551 91.8641254126387
1552 91.8667791385773
1553 91.877699892572
1554 91.8814613983344
1555 91.8740176672135
1556 91.8787038732577
1557 91.9087635021319
1558 91.9332550846352
1559 91.9243018015524
1560 91.9273481916019
1561 91.938930401824
1562 91.9186763526471
1563 91.8823445516883
1564 91.8608487866964
1565 91.8626271901575
1566 91.870364244916
1567 91.8715780712116
1568 91.874192657666
1569 91.8821685585312
1570 91.8838517796724
1571 91.8751371332595
1572 91.8701709983697
1573 91.8787428400244
1574 91.8934471493512
1575 91.9015214519971
1576 91.9044877549784
1577 91.9128002432431
1578 91.9153487541705
1579 91.9051434074491
1580 91.901473233648
1581 91.9146128690092
1582 91.9289536884322
1583 91.9327229407827
1584 91.9376463176562
1585 91.9524500152646
1586 91.9640689774401
1587 91.9634013641729
1588 91.9632250941177
1589 91.972849416714
1590 91.9813335071218
1591 91.9810332475588
1592 91.9831096085659
1593 91.9940933448032
1594 92.0011909163461
1595 91.9971417039677
1596 91.9956559540764
1597 92.005570199775
1598 92.0138092585683
1599 92.0103484177034
1600 92.0060745070582
1601 92.0106220516493
1602 92.0137193428991
1603 92.0057034737848
1604 91.9963569024762
1605 91.9946658878018
1606 91.9910461993871
1607 91.9771578747334
1608 91.9643444270167
1609 91.9621603682301
1610 91.9582106330523
1611 91.9414378532944
1612 91.9234468759698
1613 91.9173918119819
1614 91.9168274658531
1615 91.9111941621879
1616 91.9025951947343
1617 91.8971021903155
1618 91.885882661126
1619 91.8603999888385
1620 91.8364550858511
1621 91.827396110978
1622 91.8195793100626
1623 91.7976175758959
1624 91.7753575318186
1625 91.767181568322
1626 91.7596896915051
1627 91.7410256128312
1628 91.7208036750163
1629 91.7088677977607
1630 91.6951758071383
1631 91.67161656802
1632 91.6511630588898
1633 91.6446113033266
1634 91.63517454877
1635 91.5948107792303
1636 91.5311975432354
1637 91.4736972871255
1638 91.414396573869
1639 91.3361294927052
1640 91.245113002157
1641 91.1456908380736
1642 91.0303643311082
1643 90.89803177064
1644 90.7600149385237
1645 90.6112832688681
1646 90.4180287860685
1647 90.1748559938672
1648 89.9400128360825
1649 89.7568212165934
1650 89.6170089588942
1651 89.4983594688926
1652 89.3782971195697
1653 89.2459514250549
1654 89.156464508726
1655 89.139879303526
1656 89.1762286618708
1657 89.2720785708845
1658 89.4181037221404
1659 89.584340581724
1660 89.7588402254696
1661 89.9423576355226
1662 90.1157650249011
1663 90.250322398877
1664 90.3474635547512
1665 90.4222146335849
1666 90.4723443587709
1667 90.4938736105088
1668 90.497553203501
1669 90.493469363649
1670 90.4717644820941
1671 90.4262373671386
1672 90.379764361843
1673 90.3515961727702
1674 90.3230196233436
1675 90.2630232081403
1676 90.1812979309702
1677 90.1062141088428
1678 90.029200849863
1679 89.9329421688762
1680 89.8308054765224
1681 89.747098453137
1682 89.6727816912459
1683 89.5690774475774
1684 89.4229332116321
1685 89.2791000356403
1686 89.146534085602
1687 88.9931735706493
1688 88.8250630443856
1689 88.6552004197502
1690 88.4666118721397
1691 88.2464049367815
1692 88.0212888141016
1693 87.8144342240573
1694 87.5894097996478
1695 87.2797045222519
1696 86.9033327089941
1697 86.5636797498193
1698 86.277244301561
1699 85.9602986309328
1700 85.5548652460544
1701 85.1264054208564
1702 84.7633335268598
1703 84.4518841145469
1704 84.16820817065
1705 83.9099273798653
1706 83.6639572219462
1707 83.4206893000011
1708 83.1933719997196
1709 82.9865890449769
1710 82.7646683230496
1711 82.4925319946437
1712 82.1812004712183
1713 81.8479924649902
1714 81.4658690971303
1715 80.9955767040121
1716 80.4275963978172
1717 79.7419567499987
1718 78.9008426627907
1719 77.9417992190965
1720 76.9506112828554
1721 75.9222770475866
1722 74.7451969850012
1723 73.3151803464796
1724 71.6357036021259
1725 69.7635070111154
1726 67.6884065776183
1727 65.3302679497598
1728 62.6187462884944
1729 59.5557687413884
1730 56.2467604660609
1731 52.8176276361307
1732 49.1813190464251
1733 44.925096570991
1734 39.7983234066546
1735 34.5238695431157
1736 30.0868646810263
1737 26.4869758631168
1738 23.1636019886493
1739 19.8101980853772
1740 16.6500346163547
1741 14.0617522750334
1742 12.0905676933427
1743 10.5814285553662
1744 9.47361387904293
1745 8.7651178003328
1746 8.40652904951469
1747 8.36979372682972
1748 8.70817604811175
1749 9.48342241010296
1750 10.7453462953094
1751 12.5888043510494
1752 15.042129226727
1753 17.9462749224887
1754 21.1940497951666
1755 24.9647253032708
1756 29.4972765064708
1757 34.6308028314512
1758 39.8325193226321
1759 44.7894465507974
1760 49.6028749914967
1761 54.4086801323027
1762 59.0617848395796
1763 63.2267333690947
1764 66.6985245645326
1765 69.5420434826852
1766 71.9731093364563
1767 74.165778540284
1768 76.1206561724407
1769 77.7413018419827
1770 79.0470892899132
1771 80.1915094184927
1772 81.2754407018405
1773 82.2475148305925
1774 83.0399241818274
1775 83.6902359046865
1776 84.2638012636996
1777 84.7788695126955
1778 85.2401959165081
1779 85.6711799894675
1780 86.0807279778549
1781 86.4478212950445
1782 86.7670219735175
1783 87.065126010748
1784 87.3565629963997
1785 87.6259909375962
1786 87.8646730815459
1787 88.08659391994
1788 88.295527192489
1789 88.4796103352688
1790 88.6459725251303
1791 88.8220763486765
1792 89.0112910517024
1793 89.1818034127928
1794 89.3199187103444
1795 89.4483836132806
1796 89.5804819409809
1797 89.7037957483175
1798 89.8128162177477
1799 89.9232262348231
1800 90.0422242737326
1801 90.1555816966407
1802 90.2569378750869
1803 90.3571372257738
1804 90.4567763537219
1805 90.5430268186738
1806 90.6165590783847
1807 90.6944404953767
1808 90.7798033258124
1809 90.857072897552
1810 90.9234871885383
1811 90.995744386083
1812 91.0769349717001
1813 91.1485004891184
1814 91.2049886769511
1815 91.262587238166
1816 91.3278978330228
1817 91.3882857436653
1818 91.4382301004047
1819 91.4896838754345
1820 91.5471913959221
1821 91.5996256340995
1822 91.6438995178701
1823 91.6914995510307
1824 91.7459595326301
1825 91.7956127397321
1826 91.8355518356693
1827 91.8750120311194
1828 91.9180194545667
1829 91.9581614249053
1830 91.9964974367249
1831 92.0437452791331
1832 92.0960339537094
1833 92.1383702415013
1834 92.1700514125501
1835 92.2034937700686
1836 92.2430660360438
1837 92.2801850062987
1838 92.3117024844405
1839 92.3454131694554
1840 92.3823914184064
1841 92.4144114423059
1842 92.4420771162346
1843 92.4753675290062
1844 92.5143366064371
1845 92.5458500145446
1846 92.5652870109727
1847 92.5836975131586
1848 92.6075319248144
1849 92.6292402775349
1850 92.6442775876198
1851 92.6607890963496
1852 92.683556303083
1853 92.7055067667199
1854 92.7222128053628
1855 92.7397522569366
1856 92.760957275653
1857 92.7781898459057
1858 92.7889827932114
1859 92.8024338421228
1860 92.8223200352283
1861 92.8398369864384
1862 92.8501287280062
1863 92.8600819942683
1864 92.8731335213607
1865 92.88226434864
1866 92.8849268078082
1867 92.8901224045164
1868 92.9035764306652
1869 92.9191414615595
1870 92.9315932674982
1871 92.9438611940555
1872 92.9562549235414
1873 92.9631999111044
1874 92.9646390425861
1875 92.9689608581008
1876 92.9789650828508
1877 92.9869978815434
1878 92.9898856457926
1879 92.9947684371904
1880 93.0047735571118
1881 93.0128821433633
1882 93.0153591576252
1883 93.018300195208
1884 93.0254291485133
1885 93.0311088393118
1886 93.0321322156803
1887 93.0343886469611
1888 93.0408841178545
1889 93.0456833532834
1890 93.0461453440472
1891 93.048506017659
1892 93.0547934993014
1893 93.0583074243719
1894 93.0563688126928
1895 93.0554377679691
1896 93.058927043517
1897 93.0609400510545
1898 93.0583744721463
1899 93.0570420873394
1900 93.0594758752355
1901 93.0592848169965
1902 93.0534245863991
1903 93.0481014598007
1904 93.0473231491941
1905 93.0459826614431
1906 93.0405981521009
1907 93.036428678755
1908 93.0369207501339
1909 93.0375111880617
1910 93.0356804306086
1911 93.0356814153364
1912 93.0390619185198
1913 93.0402976843389
1914 93.037086193613
1915 93.0350853943758
1916 93.0372014057999
1917 93.0380727082959
1918 93.0342445727616
1919 93.0302712105996
1920 93.0282763395077
1921 93.0237064767188
1922 93.0158152950809
1923 93.0104896800761
1924 93.0098092366081
1925 93.0080104629473
1926 93.0027302126958
1927 92.9996758902498
1928 93.0011158555719
1929 93.0009144467274
1930 92.9956461438578
1931 92.9900155829071
1932 92.9875330261248
1933 92.9844642484358
1934 92.9784436704893
1935 92.9736920224614
1936 92.9723865604822
1937 92.9704522502436
1938 92.9657323839428
1939 92.9620064269376
1940 92.961048791324
1941 92.9589644544426
1942 92.9544849326189
1943 92.952695745525
1944 92.9555321830689
1945 92.9575863727779
1946 92.9560358883708
1947 92.9550170602722
1948 92.9566864471133
1949 92.9570570245984
1950 92.9544776153696
1951 92.9536542250726
1952 92.9569678824339
1953 92.9600490009354
1954 92.9603268583882
1955 92.9615057858329
1956 92.9654559283832
1957 92.968229753159
1958 92.9677165274426
1959 92.967533460475
1960 92.9695126785832
1961 92.9700328326903
1962 92.9675589486242
1963 92.966089361574
1964 92.9674007378803
1965 92.9673298745524
1966 92.963559060342
1967 92.959910628314
1968 92.9589465608822
1969 92.9575022901863
1970 92.9536521684418
1971 92.9506686953482
1972 92.9502938352632
1973 92.9492450823155
1974 92.9458377031255
1975 92.9430920118937
1976 92.9418858548168
1977 92.9382340307066
1978 92.9308764415399
1979 92.9243979770308
1980 92.9211870427916
1981 92.9175949478414
1982 92.9115451776653
1983 92.9064966150462
1984 92.9040131608624
1985 92.8997855368153
1986 92.8916440581846
1987 92.8839741179555
1988 92.8798591190453
1989 92.8758433275352
1990 92.8688694944678
1991 92.8616884393692
1992 92.8569296734784
1993 92.8521854347251
1994 92.8454202758963
1995 92.8391278135726
1996 92.8348605756834
1997 92.8296192543928
1998 92.8214785499295
1999 92.8131878930988
2000 92.8067137876802
2001 92.8000441976103
2002 92.7924180047271
2003 92.7866307765925
2004 92.782929787856
2005 92.7768201690057
2006 92.7665396991883
2007 92.7559587142479
2008 92.7472006197411
2009 92.7371292396198
2010 92.7241274834215
2011 92.7114207537848
2012 92.7000235373604
2013 92.6854848970798
2014 92.6654761869736
2015 92.6441463461643
2016 92.6252838037867
2017 92.6072851439784
2018 92.5884099470574
2019 92.5708421004615
2020 92.5558974373661
2021 92.5412535623261
2022 92.5262260390229
2023 92.5140304202176
2024 92.5058486699831
2025 92.4984601409604
2026 92.490591876716
2027 92.4854938184306
2028 92.4844041383234
2029 92.4836252872234
2030 92.481202743207
2031 92.4804539300285
2032 92.4834990263112
2033 92.4873872771439
2034 92.4898712394543
2035 92.4930296441899
2036 92.4978830861524
2037 92.5015024095091
2038 92.5029646590401
2039 92.5061985893377
2040 92.5133807390633
2041 92.5212129632905
2042 92.5270395643719
2043 92.532849329143
2044 92.5399020234972
2045 92.5454655351517
2046 92.548459150194
2047 92.5524524512214
2048 92.5593551381524
2049 92.565716849145
2050 92.5689107210241
2051 92.5714765849184
2052 92.5758046077959
2053 92.579983094067
2054 92.5825412649786
2055 92.5859339901504
2056 92.5916141610921
2057 92.5968520418312
2058 92.6002010914834
2059 92.6049436366906
2060 92.6132656714241
2061 92.6220704776876
2062 92.6283170720519
2063 92.6337056104127
2064 92.6405404932372
2065 92.6477018520011
2066 92.6541105259234
2067 92.66142559394
2068 92.6699660146051
2069 92.6766934299112
2070 92.6804353077083
2071 92.6844445916318
2072 92.6907791667324
2073 92.6968726380493
2074 92.700602328196
2075 92.7038826736522
2076 92.7083446111083
2077 92.7123314432558
2078 92.7151167461019
2079 92.719190205975
2080 92.725327990421
2081 92.7304441798317
2082 92.7331612804691
2083 92.7365434346846
2084 92.7425277737533
2085 92.7487324286319
2086 92.7535950831944
2087 92.7593748973402
2088 92.7671211143098
2089 92.7740160394601
2090 92.7788490372712
2091 92.7848572442978
2092 92.7938989981314
2093 92.8029735175784
2094 92.8096460835898
2095 92.8157334245591
2096 92.8225161784253
2097 92.8276998030188
2098 92.830565390341
2099 92.8348473251036
2100 92.8427478995007
2101 92.8509860645808
2102 92.8563154713469
2103 92.8603309295621
2104 92.8654289925865
2105 92.870682058272
2106 92.8751679413662
2107 92.8806919832324
2108 92.887755793918
2109 92.893325788118
2110 92.8959423622995
2111 92.8986754256056
2112 92.9038802429644
2113 92.9094924381785
2114 92.9134900899358
2115 92.9173042257933
2116 92.9216991632532
2117 92.9241210911416
2118 92.9235152029813
2119 92.9231507794022
2120 92.9253370706597
2121 92.9278491476181
2122 92.9287384501273
2123 92.9299811848123
2124 92.9330295974099
2125 92.935459418217
2126 92.9355655032398
2127 92.9357814800534
2128 92.9379828164707
2129 92.9397426643831
2130 92.9387678967111
2131 92.9368818270888
2132 92.9361810519364
2133 92.935311840723
2134 92.9328599621706
2135 92.9303960016652
2136 92.928913368327
2137 92.9262438530598
2138 92.9211764841554
2139 92.9161816814929
2140 92.9129781841224
2141 92.9093756563952
2142 92.9034665791351
2143 92.8968844325873
2144 92.8909439193124
2145 92.8836861037116
2146 92.8738792965624
2147 92.8640675173608
2148 92.8566584960916
2149 92.8507750816856
2150 92.8455724584485
2151 92.8425216715737
2152 92.8417155048559
2153 92.8401655735176
2154 92.8366901995988
2155 92.8344409864831
2156 92.8356940731115
2157 92.8381123109423
2158 92.838932892518
2159 92.8388182906541
2160 92.8388373283601
2161 92.8378203012564
2162 92.8356220422164
2163 92.8349553025222
2164 92.8370623392274
2165 92.8394175027483
2166 92.840305324048
2167 92.8415866242464
2168 92.8443424901274
2169 92.8461213410096
2170 92.8453699048272
2171 92.8443660754197
2172 92.8448694317764
2173 92.8450983348776
2174 92.8439198623466
2175 92.843705872319
2176 92.845879302803
2177 92.847802340781
2178 92.8473053678415
2179 92.8463209678827
2180 92.8469234104484
2181 92.8477656774255
2182 92.8475492074839
2183 92.8479736049205
2184 92.8499766987416
2185 92.8509902572588
2186 92.8492827549814
2187 92.847297207848
2188 92.8474000045224
2189 92.8479898506782
2190 92.8470739958609
2191 92.8460910727214
2192 92.8469004946753
2193 92.8484334151374
2194 92.84952702939
2195 92.8516934010701
2196 92.855899510598
2197 92.8598419963948
2198 92.8615083342518
2199 92.8623701403546
2200 92.8642390736315
2201 92.866122989482
2202 92.866893212525
2203 92.867840710141
2204 92.8699494068404
2205 92.8718489550562
2206 92.8728802707926
2207 92.8747633928345
2208 92.8778748263906
2209 92.8795793136934
2210 92.8787869381633
2211 92.878378390221
2212 92.8804274212248
2213 92.8828229315999
2214 92.8834191368181
2215 92.8836860856076
2216 92.8851993035574
2217 92.8862236567564
2218 92.8849976033872
2219 92.8830464219005
2220 92.8821453687416
2221 92.8812430396819
2222 92.8792867017445
2223 92.8777842710338
2224 92.8776625192647
2225 92.8768476354348
2226 92.8738676657346
2227 92.8706502538144
2228 92.8689813183531
2229 92.8673831613086
2230 92.8642986255582
2231 92.8610966572022
2232 92.859148560375
2233 92.8570829983918
2234 92.8536796604487
2235 92.850278075025
2236 92.8476661046259
2237 92.8438959342119
2238 92.8379163637811
2239 92.8320667545768
2240 92.828121554216
2241 92.8241445857237
2242 92.8181210727125
2243 92.8115825865955
2244 92.8067273394781
2245 92.8029873100436
2246 92.7991566972179
2247 92.7958437505208
2248 92.7930416888199
2249 92.7883570478778
2250 92.7805488385842
2251 92.7720290078657
2252 92.7652741195142
2253 92.7594696969408
2254 92.7531796967312
2255 92.7470952507659
2256 92.7417376202131
2257 92.7354680433593
2258 92.7274734889949
2259 92.7196700452225
2260 92.7133085201064
2261 92.7067668621486
2262 92.6989682760288
2263 92.6916624215985
2264 92.6857419854978
2265 92.6790246992236
2266 92.670250338126
2267 92.6619763436445
2268 92.6565398597296
2269 92.6522785378338
2270 92.6467119545099
2271 92.6402357649531
2272 92.6339304183156
2273 92.6269499906317
2274 92.6188176094755
2275 92.6113963926397
2276 92.6056149780271
2277 92.5993067334282
2278 92.5910850098311
2279 92.5830260305047
2280 92.5770570253608
2281 92.5713554186621
2282 92.5636957661527
2283 92.55507100758
2284 92.547287903806
2285 92.539890017668
2286 92.5321618442138
2287 92.525654257959
2288 92.5211059289418
2289 92.5161934419334
2290 92.5089399391114
2291 92.50124104451
2292 92.4955625393544
2293 92.4910645850995
2294 92.4855094479368
2295 92.47851029785
2296 92.4701492683458
2297 92.4594168551931
2298 92.4468088916348
2299 92.435734852568
2300 92.4282814483934
2301 92.4222264551517
2302 92.414912680954
2303 92.4076074654267
2304 92.4023417856979
2305 92.3988473582708
2306 92.3960534059659
2307 92.3955195193794
2308 92.3970406996546
2309 92.3975342740252
2310 92.394021998806
2311 92.3882967674399
2312 92.3822990079041
2313 92.3760741923891
2314 92.3702610476486
2315 92.3678058257491
2316 92.368090364101
2317 92.3660113853305
2318 92.3579489664391
2319 92.3468823020219
2320 92.3365016943554
2321 92.3266622896111
2322 92.3190123386487
2323 92.3195679710326
2324 92.3297221447468
2325 92.3405380346644
2326 92.3442124916304
2327 92.3417837919412
2328 92.3360494067886
2329 92.3258478727738
2330 92.3136338602112
2331 92.309614025978
2332 92.3174452651149
2333 92.3286206455352
2334 92.3339668188506
2335 92.335049326598
2336 92.3365751894281
2337 92.3399165081352
2338 92.3448065829328
2339 92.3529932978066
2340 92.3639140826984
2341 92.3725447441687
2342 92.3725489841272
2343 92.3657442722042
2344 92.3620826373515
2345 92.3696815412003
2346 92.3881594493481
2347 92.406063046486
2348 92.4129707707212
2349 92.4091241721706
2350 92.4019954681179
2351 92.4009782782398
2352 92.4125242222861
2353 92.4298084370094
2354 92.4357491721245
2355 92.4298540809207
2356 92.4275416199243
2357 92.43265070682
2358 92.4370797791146
2359 92.439766698065
2360 92.4463423257478
2361 92.4564596714902
2362 92.4601651022479
2363 92.458772288036
2364 92.4594690085038
2365 92.4605897801974
2366 92.4618934294265
2367 92.4714277279194
2368 92.4904405031732
2369 92.5074834869576
2370 92.5148929080841
2371 92.5174128608318
2372 92.5201908958464
2373 92.5210138052983
2374 92.5178986303151
2375 92.5138384916096
2376 92.5106574338542
2377 92.5061179241863
2378 92.5000066783874
2379 92.4966951347166
2380 92.4994508829755
2381 92.506778550907
2382 92.5157068916226
2383 92.524678774868
2384 92.5319285554495
2385 92.5348844522856
2386 92.5332256976142
2387 92.5299361992998
2388 92.5276822514244
2389 92.5264189389746
2390 92.5257404612269
2391 92.5266743337534
2392 92.5293416522124
2393 92.5315904792028
2394 92.5320541254411
2395 92.5322089049768
2396 92.5335201468793
2397 92.5349687881678
2398 92.5352768721786
2399 92.5350981088359
2400 92.5351735972178
2401 92.5348140020976
2402 92.5340480842194
2403 92.5347811685491
2404 92.5378257220573
2405 92.5411148356144
2406 92.5427607977142
2407 92.5435890540456
2408 92.5448615944334
2409 92.5459496308728
2410 92.5462273683746
2411 92.5469367328228
2412 92.549121660511
2413 92.5517566567351
2414 92.5537173465644
2415 92.5555783854287
2416 92.5578810957424
2417 92.5598147194186
2418 92.5611936787947
2419 92.5635109126507
2420 92.5674535535926
2421 92.5715466276565
2422 92.5746544194907
2423 92.5775375430739
2424 92.5806650795815
2425 92.5830474491796
2426 92.5846029551366
2427 92.5869585656662
2428 92.5903671905074
2429 92.5925612657365
2430 92.59228579242
2431 92.5912520448332
2432 92.5909730512601
2433 92.5905310142351
2434 92.5892489883098
2435 92.5886214455169
2436 92.5895040903807
2437 92.5901336182255
2438 92.5891192660066
2439 92.587851977161
2440 92.5878062414256
2441 92.5879342989928
2442 92.586883883579
2443 92.5853780496584
2444 92.5842203556083
2445 92.5822830245767
2446 92.5787106395603
2447 92.5749721262565
2448 92.5725957035338
2449 92.5709280798972
2450 92.5690895262176
2451 92.5679436451041
2452 92.5680110613975
2453 92.567509192017
2454 92.5646871968736
2455 92.5604233411436
2456 92.556637674706
2457 92.5538100607693
2458 92.5516369910326
2459 92.5502380893981
2460 92.5491074738244
2461 92.54677153864
2462 92.5430166730525
2463 92.5395749588869
2464 92.5372893415068
2465 92.534710858798
2466 92.5307860635271
2467 92.5265905675148
2468 92.5229757089096
2469 92.5189428524722
2470 92.5139489533589
2471 92.5093880977766
2472 92.5060298064671
2473 92.5022773136999
2474 92.4967259256838
2475 92.4902639420725
2476 92.4839702962891
2477 92.4771804560856
2478 92.4693719335706
2479 92.4617783530769
2480 92.4553626763756
2481 92.4492092542511
2482 92.4424887583967
2483 92.4358996496705
2484 92.4296638301013
2485 92.4223690589936
2486 92.4134331421293
2487 92.4045124970997
2488 92.3968686661759
2489 92.3895671527079
2490 92.381855072331
2491 92.3749606354894
2492 92.3697585376557
2493 92.3648847233284
2494 92.3589933310531
2495 92.3528207943094
2496 92.3473201931692
2497 92.3418443837956
2498 92.3358483474721
2499 92.3302616104163
2500 92.3254350819967
2501 92.3197727196634
2502 92.3121185414676
2503 92.3035087412241
2504 92.2949993957646
2505 92.2858123557008
2506 92.2753050036289
2507 92.2646895962302
2508 92.2550101620875
2509 92.2453024918596
2510 92.2344720057861
2511 92.2232218501881
2512 92.2125128467348
2513 92.2018199688169
2514 92.1904165595449
2515 92.178774397304
2516 92.1673981625621
2517 92.155869552538
2518 92.1440544252591
2519 92.1324811745081
2520 92.1207021497022
2521 92.1073675426381
2522 92.0928017437121
2523 92.0792633305909
2524 92.0677367689696
2525 92.0568193479725
2526 92.0456621021062
2527 92.0353611096657
2528 92.026331203515
2529 92.0170739323134
2530 92.0069577809572
2531 91.9975983613404
2532 91.9900400142838
2533 91.9831810372317
2534 91.9764557801568
2535 91.9713605021804
2536 91.9686198950892
2537 91.9664557968499
2538 91.9634773125389
2539 91.9607890882014
2540 91.9593634148842
2541 91.9577671929921
2542 91.9544993987855
2543 91.9503565269265
2544 91.9465267036731
2545 91.9424774607482
2546 91.9376568803319
2547 91.933206761327
2548 91.9300119117394
2549 91.926945238406
2550 91.9228999328941
2551 91.9187251594868
2552 91.9153414859298
2553 91.9116872120066
2554 91.9062725378652
2555 91.8991886348506
2556 91.8911226527162
2557 91.8820780037104
2558 91.8724193105916
2559 91.8633632864471
2560 91.8550297916324
2561 91.8457056959701
2562 91.8342441772216
2563 91.8214713169777
2564 91.8083066726813
2565 91.7945669120749
2566 91.7805464417791
2567 91.767380131605
2568 91.7546500033424
2569 91.7400661522007
2570 91.7228913937416
2571 91.7053314560322
2572 91.6891445341838
2573 91.6732685309484
2574 91.6562926741048
2575 91.6388699128334
2576 91.6220163766469
2577 91.6052639293334
2578 91.5881724791784
2579 91.571558133381
2580 91.5556391477056
2581 91.5390721752267
2582 91.5213850638514
2583 91.5042682438901
2584 91.4889030093998
2585 91.4740782359508
2586 91.4584534111769
2587 91.4425857768556
2588 91.4272074533321
2589 91.4116308857161
2590 91.3954476350815
2591 91.3797622869436
2592 91.3651964160793
2593 91.3506699228615
2594 91.3355918430598
2595 91.3211128762084
2596 91.307642833161
2597 91.2932374252673
2598 91.2761554948105
2599 91.2571819892931
2600 91.2379207615605
2601 91.2186106533594
2602 91.1989614340018
2603 91.1792272950442
2604 91.1591787505892
2605 91.137972705644
2606 91.1161664301178
2607 91.0956821377807
2608 91.0766555679546
2609 91.0567852039438
2610 91.0351711426528
2611 91.0142481691284
2612 90.9962362909622
2613 90.9800728769952
2614 90.9636540419115
2615 90.9468097622453
2616 90.9300699666736
2617 90.9125053360555
2618 90.8928370155867
2619 90.8711261954791
2620 90.8477667737496
2621 90.8223984988027
2622 90.7951313034054
2623 90.7670928403546
2624 90.7386103525786
2625 90.7087737580171
2626 90.6777716809563
2627 90.6473246541336
2628 90.6176861421676
2629 90.5868970642858
2630 90.5545732396354
2631 90.523766357928
2632 90.4970986884774
2633 90.4733474451398
2634 90.4497986012396
2635 90.4258367990613
2636 90.4023183718954
2637 90.379588496405
2638 90.3582278658306
2639 90.3398026809954
2640 90.3247075013732
2641 90.3108394056188
2642 90.2961932236198
2643 90.2811108400763
2644 90.2663664274013
2645 90.2509888463244
2646 90.233862472048
2647 90.2156491580046
2648 90.197115339511
2649 90.177084553455
2650 90.1538454822213
2651 90.1271422721402
2652 90.0972618477784
2653 90.0638758062494
2654 90.0274178010057
2655 89.9898501144409
2656 89.9522823024972
2657 89.9133502287165
2658 89.8715304924461
2659 89.8274727080274
2660 89.7825576489024
2661 89.7369107115823
2662 89.6905002382365
2663 89.6445272258844
2664 89.6000100455412
2665 89.556480422833
2666 89.5136246165
2667 89.4727101409633
2668 89.4349620304232
2669 89.400156732302
2670 89.3682648454859
2671 89.340729925033
2672 89.3184320902556
2673 89.2998832136832
2674 89.283020649748
2675 89.267457852368
2676 89.2537307183708
2677 89.2419997353029
2678 89.2328931086649
2679 89.2279352770428
2680 89.2276700614675
2681 89.2309958835114
2682 89.2377147503269
2683 89.2498817794278
2684 89.269036685868
2685 89.2938306342636
2686 89.3220015719198
2687 89.3529707241671
2688 89.3868708330563
2689 89.4228615575032
2690 89.4603380078115
2691 89.5001929287382
2692 89.5428972882992
2693 89.5866503888112
2694 89.6291129355632
2695 89.6695079701176
2696 89.7073272103953
2697 89.7406439102829
2698 89.7678032029256
2699 89.7895276634948
2700 89.8074524706624
2701 89.8217327461703
2702 89.8317815917178
2703 89.8379832595318
2704 89.8407354525834
2705 89.8389509276038
2706 89.8314081371645
2707 89.8186865040038
2708 89.8021793717561
2709 89.782197397154
2710 89.7585585074794
2711 89.731993016345
2712 89.7035641643595
2713 89.6738884705056
2714 89.6443347448457
2715 89.6176064791826
2716 89.595336906496
2717 89.5759839060988
2718 89.556487701448
2719 89.535012803024
2720 89.5108421752259
2721 89.4829439779142
2722 89.4503205497648
2723 89.4129075752892
2724 89.3709234678988
2725 89.3245420770676
2726 89.2756051786314
2727 89.2285489338945
2728 89.1882215368408
2729 89.1576126297666
2730 89.1384496125685
2731 89.1321626025335
2732 89.1384327804183
2733 89.1539326117656
2734 89.1742871118741
2735 89.1967604180632
2736 89.2200593562875
2737 89.2427923284263
2738 89.2636141966858
2739 89.281960726428
2740 89.2972856072724
2741 89.3084204650881
2742 89.3148019400544
2743 89.3173078193933
2744 89.3167732235661
2745 89.3128340853191
2746 89.3053756382314
2747 89.2957878188575
2748 89.2852915669203
2749 89.2731172186771
2750 89.2579093712156
2751 89.2401653563205
2752 89.2219055684274
2753 89.2045364217778
2754 89.188064347829
2755 89.1716072277304
2756 89.1536680712333
2757 89.1327964384966
2758 89.1091248900146
2759 89.0846208888498
2760 89.0609772590646
2761 89.0379326343305
2762 89.0141863599845
2763 88.9888724040976
2764 88.9614230366053
2765 88.9311533932919
2766 88.8978717406809
2767 88.8619292799142
2768 88.8230031024044
2769 88.7799405007624
2770 88.7323712576379
2771 88.6810928323573
2772 88.6260994853907
2773 88.5656526351344
2774 88.4982698774719
2775 88.4243683093674
2776 88.3450115563936
2777 88.2602552353971
2778 88.1696173476801
2779 88.0729541969801
2780 87.9699972314019
2781 87.860300759691
2782 87.7446292779988
2783 87.6252494373551
2784 87.5038944861166
2785 87.3804304414662
2786 87.2542585412167
2787 87.1258734010299
2788 86.9962010228643
2789 86.8653987547243
2790 86.7329801731622
2791 86.5981313674712
2792 86.4594048076586
2793 86.3152372354735
2794 86.1652926839221
2795 86.0102602407281
2796 85.8501549070759
2797 85.6842340116483
2798 85.5127865932861
2799 85.3371902894384
2800 85.1575203754798
2801 84.9716642915025
2802 84.7774704897693
2803 84.5743113845592
2804 84.3619536607178
2805 84.139476632618
2806 83.9059799516013
2807 83.6607859685923
2808 83.4021953556937
2809 83.127518090876
2810 82.8350460868903
2811 82.5246019582409
2812 82.1955994853355
2813 81.8460994103515
2814 81.4743040907252
2815 81.079265497071
2816 80.6593925486934
2817 80.2118752124174
2818 79.7342510546851
2819 79.2247353974212
2820 78.6799532351086
2821 78.0937371542962
2822 77.4589995254536
2823 76.7694718526677
2824 76.0190558392679
2825 75.2012912292811
2826 74.3109091126161
2827 73.3454083329926
2828 72.3052123126953
2829 71.1939009706806
2830 70.018356168775
2831 68.7858919496083
2832 67.4984621565404
2833 66.1482517984996
2834 64.7166385147627
2835 63.1741566839544
2836 61.4805220689582
2837 59.5869534763443
2838 57.440800205353
2839 54.989462870522
2840 52.1842890992162
2841 48.9899434454706
2842 45.4009749314572
2843 41.4584978601969
2844 37.2575373841217
2845 32.9404374704552
2846 28.677067010294
2847 24.6372199230124
2848 20.9650665133789
2849 17.7647618378576
2850 15.0994529807909
2851 12.9994946068641
2852 11.4732348407309
2853 10.514617829592
2854 10.1063548500563
2855 10.2226131545965
2856 10.8340783210827
2857 11.912149249375
2858 13.4272234324878
2859 15.340917342661
2860 17.5964806836091
2861 20.1119193732638
2862 22.7793223580998
2863 25.4718197852994
2864 28.0555205626334
2865 30.4026734051534
2866 32.4063695360083
2867 33.9998961512247
2868 35.1791767092399
2869 36.0183261212044
2870 36.6640762065112
2871 37.3004942027738
2872 38.0912047906545
2873 39.1230562845868
2874 40.3794998025587
2875 41.7571188139894
2876 43.1132464449007
2877 44.3162677413247
2878 45.2754682004455
2879 45.9460530997353
2880 46.319718317353
2881 46.4125311048571
2882 46.2544426798844
2883 45.8795712253946
2884 45.3181717169598
2885 44.5938104020144
2886 43.7264165518492
2887 42.7369280837431
2888 41.6490327964907
2889 40.4875484899676
2890 39.2756930600998
2891 38.0330860092888
2892 36.7751051479664
2893 35.513429455368
2894 34.2568777449866
2895 33.0115013022169
2896 31.7798518327618
2897 30.5604818401331
2898 29.348769642917
2899 28.1390296768336
2900 26.9266329466903
2901 25.7088159867858
2902 24.4841586556258
2903 23.2517553357336
2904 22.0107090930907
2905 20.7595842740941
2906 19.4958801200197
2907 18.2162963662095
2908 16.9179198260809
2909 15.5995149070849
2910 14.2628586353205
2911 12.9149249994555
2912 11.5700652835643
2913 10.2495114040357
2914 8.97774322561682
2915 7.77891708451953
2916 6.67566223211409
2917 5.68827731569045
2918 4.83206796807367
2919 4.11446032728987
2920 3.53463363934672
2921 3.08543064589871
2922 2.75563203072246
2923 2.53209812123938
2924 2.40195500888562
2925 2.35418675408231
2926 2.38039323921984
2927 2.4757529306561
2928 2.64050525795816
2929 2.88008551232138
2930 3.20270435796956
2931 3.61658085023884
2932 4.12955508696922
2933 4.75027672498964
2934 5.48823541715051
2935 6.35178923280926
2936 7.34555087216563
2937 8.46829482278091
2938 9.71165122344776
2939 11.0597786384815
2940 12.4901465319728
2941 13.9748064189998
2942 15.4811559614438
2943 16.9717782039017
2944 18.4040706216259
2945 19.7312649140081
2946 20.905761711083
2947 21.8846212755318
2948 22.6367777569637
2949 23.1521950624155
2950 23.4511001337165
2951 23.5874571801625
2952 23.6406322540242
2953 23.6964667077834
2954 23.828087337941
2955 24.0874298138332
2956 24.5084615252674
2957 25.1133729849497
2958 25.9152284146294
2959 26.9194649116109
2960 28.1280520120041
2961 29.5431623491471
2962 31.1653427638662
2963 32.9883027563996
2964 34.9962443114718
2965 37.1633355922501
2966 39.4508631534786
2967 41.8054067520197
2968 44.1678178064609
2969 46.4918334868441
2970 48.7550112939258
2971 50.9493052215408
2972 53.0617925111677
2973 55.066941855172
2974 56.9365180518602
2975 58.6537808826593
2976 60.2176944333331
2977 61.6366938165054
2978 62.9226471902132
2979 64.0946527109451
2980 65.189041335337
2981 66.2568484904072
2982 67.3356309573032
2983 68.4143515044736
2984 69.4311859767261
2985 70.3156501386102
2986 71.0349342277754
2987 71.597970241562
2988 72.0229003775356
2989 72.312409421683
2990 72.4585657637539
2991 72.455863359133
2992 72.3004170739881
2993 71.9829532050645
2994 71.4918125760002
2995 70.824310458129
2996 69.9947520605906
2997 69.0358312232942
2998 67.9962517266069
2999 66.9343989959088
3000 65.9092843753189
3001 64.9751741350052
3002 64.181979716881
3003 63.5745225818098
3004 63.1870244775925
3005 63.0395103560496
3006 63.1411319749529
3007 63.4941325518508
3008 64.0927393966338
3009 64.9217550060519
3010 65.959562304417
3011 67.1801334642539
3012 68.5493265085859
3013 70.0229188239896
3014 71.5530943357508
3015 73.0962305918677
3016 74.6133376866382
3017 76.0683590872921
3018 77.4326314612171
3019 78.6905875434957
3020 79.8375505496441
3021 80.8727663044468
3022 81.797428319074
3023 82.6173124685847
3024 83.3426890313645
3025 83.9845496323342
3026 84.552078531508
3027 85.0527768430738
3028 85.4929532851948
3029 85.8786872767232
3030 86.2172257354107
3031 86.5164627700239
3032 86.7825566069209
3033 87.0199987965058
3034 87.2346535155105
3035 87.4336010750794
3036 87.6201422253577
3037 87.7913765381599
3038 87.9431095027846
3039 88.0757831244052
3040 88.1944026709504
3041 88.3046583547332
3042 88.4106899641679
3043 88.5145667464936
3044 88.6157357253273
3045 88.7119506899452
3046 88.8017470960776
3047 88.8847147860988
3048 88.9594627687506
3049 89.024324206218
3050 89.0810816615579
3051 89.1348054771956
3052 89.1881790875593
3053 89.2386220209564
3054 89.2827023660389
3055 89.3206351135228
3056 89.3544244706412
3057 89.3841526388344
3058 89.4085997293464
3059 89.4276076668635
3060 89.4417856630786
3061 89.4519519906584
3062 89.4605377121179
3063 89.4712626923998
3064 89.4856793727028
3065 89.5026314485864
3066 89.5231140499678
3067 89.5527731684807
3068 89.5967820234955
3069 89.6544167660053
3070 89.7212244567765
3071 89.7941986374418
3072 89.8719569172937
3073 89.9518853267462
3074 90.0303441847005
3075 90.1047648657281
3076 90.1737224597057
3077 90.2367357549062
3078 90.2960170475635
3079 90.3560779434306
3080 90.4186749168342
3081 90.4798283774494
3082 90.5344312312352
3083 90.5823223916557
3084 90.6274088191117
3085 90.6722101216812
3086 90.7156211726322
3087 90.7549639721772
3088 90.7883578838406
3089 90.8162818871486
3090 90.8425492485144
3091 90.8721243408797
3092 90.9061662058538
3093 90.9407252555072
3094 90.9716280988278
3095 90.9984456084956
3096 91.0221271491323
3097 91.041956607812
3098 91.0578732154923
3099 91.0733860112773
3100 91.0926498521117
3101 91.1159215465541
3102 91.1405681418037
3103 91.1648664945234
3104 91.1877384222044
3105 91.2064118647884
3106 91.2183939426568
3107 91.2257654045696
3108 91.2346093104554
3109 91.2496541369078
3110 91.2708514386656
3111 91.2939821009077
3112 91.3127255071713
3113 91.321989780579
3114 91.3223757093798
3115 91.3208809349262
3116 91.3247348028308
3117 91.3350059853849
3118 91.3480645533997
3119 91.361979148092
3120 91.3785697738601
3121 91.3996101351783
3122 91.4237775395611
3123 91.447746958709
3124 91.46845681882
3125 91.4839631750167
3126 91.493659604871
3127 91.4986355963125
3128 91.5013750082988
3129 91.5047594662458
3130 91.5110645405162
3131 91.5207823750313
3132 91.5319946346276
3133 91.5420078176912
3134 91.5498157252482
3135 91.5555538777485
3136 91.5579187678169
3137 91.5551170563669
3138 91.5492500398931
3139 91.5466970401218
3140 91.5519408886814
3141 91.5629079600427
3142 91.5742027325346
3143 91.5829757100579
3144 91.5896528727936
3145 91.5950463754258
3146 91.5993898231811
3147 91.6028706381597
3148 91.6043852536752
3149 91.6008733267987
3150 91.5909240590507
3151 91.578809246909
3152 91.5723258989403
3153 91.5760580558022
3154 91.5879508559169
3155 91.602075504759
3156 91.6132537325785
3157 91.6195552584932
3158 91.6222627846265
3159 91.6239336273245
3160 91.6258558314514
3161 91.6274529075095
3162 91.6281400053539
3163 91.6284307202184
3164 91.6285821523155
3165 91.62776811153
3166 91.6258687213342
3167 91.6247234238748
3168 91.6261102478384
3169 91.6294646585188
3170 91.6328587123832
3171 91.6351907180596
3172 91.6363891747116
3173 91.6366078917922
3174 91.6364974047912
3175 91.6372962263854
3176 91.6394028284233
3177 91.6416224887611
3178 91.6427536682179
3179 91.6430861463328
3180 91.6435383582641
3181 91.6444401892344
3182 91.6460041062366
3183 91.6486558118034
3184 91.6518848949988
3185 91.6541030253995
3186 91.65478823073
3187 91.6555738705848
3188 91.6581734130705
3189 91.6624754976229
3190 91.6676227387262
3191 91.6734223896548
3192 91.6797173773406
3193 91.6856897635012
3194 91.6909323415708
3195 91.6960598202058
3196 91.7013685653739
3197 91.7062762271803
3198 91.7109814976699
3199 91.7170676462797
3200 91.7252254558451
3201 91.7339234856872
3202 91.7416264926609
3203 91.7488556814387
3204 91.7567915995637
3205 91.765278924007
3206 91.7736121618256
3207 91.7819067220539
3208 91.7903708497118
3209 91.7984053854924
3210 91.8057319822824
3211 91.8132092425229
3212 91.8213306780412
3213 91.8291640539749
3214 91.8359763416154
3215 91.8425062318691
3216 91.8493933984275
3217 91.8558546140992
3218 91.8613777566332
3219 91.8672803143836
3220 91.8748975904778
3221 91.8834046751257
3222 91.8910105931449
3223 91.8972094520999
3224 91.9024773487862
3225 91.9068192684953
3226 91.9102088840968
3227 91.9135432852559
3228 91.917435706215
3229 91.920336894118
3230 91.9193966328879
3231 91.9136568557112
3232 91.9060171876177
3233 91.9021157470163
3234 91.9068124296456
3235 91.9202497140921
3236 91.9369536734316
3237 91.9500936058008
3238 91.9571363786188
3239 91.9605506345191
3240 91.9633810581297
3241 91.9661936934031
3242 91.9683382595632
3243 91.9693468179903
3244 91.9681947400831
3245 91.9639447032341
3246 91.9586944651788
3247 91.9574393336037
3248 91.9630219876522
3249 91.9727927469114
3250 91.9816628636704
3251 91.9867822210388
3252 91.987904655197
3253 91.9855356200674
3254 91.9812373218469
3255 91.9781978251266
3256 91.9788352264686
3257 91.9823470422696
3258 91.986180880585
3259 91.989116812943
3260 91.9913821663773
3261 91.9928976720548
3262 91.9933037675455
3263 91.9930555210918
3264 91.9929578264175
3265 91.9929650256773
3266 91.9919931086326
3267 91.988003485202
3268 91.9785435026225
3269 91.963470338775
3270 91.9478268523581
3271 91.9391858402361
3272 91.9400807700992
3273 91.9450970866334
3274 91.9475258530481
3275 91.9467010666668
3276 91.9463528871955
3277 91.9481396370786
3278 91.9503030905294
3279 91.9513186248345
3280 91.9511705165941
3281 91.9493199367829
3282 91.9445788691577
3283 91.9373355123304
3284 91.9296468134204
3285 91.922930834768
3286 91.9170801891716
3287 91.9112902392493
3288 91.9040914078299
3289 91.893453742724
3290 91.8792930632954
3291 91.8654196851446
3292 91.8564475084489
3293 91.8528778595578
3294 91.8516498241703
3295 91.8512556534196
3296 91.8533729526079
3297 91.8590471724578
3298 91.8660966519017
3299 91.8714703405279
3300 91.8739675704126
3301 91.8731859160884
3302 91.8677330804667
3303 91.8568461503034
3304 91.8433338309864
3305 91.8331882547891
3306 91.8316363095597
3307 91.8396601018009
3308 91.8538653966339
3309 91.869185925656
3310 91.8819953127861
3311 91.8913901742949
3312 91.8982579009675
3313 91.9036796600178
3314 91.9081349335182
3315 91.9115075688999
3316 91.9134018108845
3317 91.9137062146093
3318 91.9129895438877
3319 91.9119973937191
3320 91.9107103301454
3321 91.9083004038461
3322 91.9040213559959
3323 91.8979052853122
3324 91.8909930125303
3325 91.8855126281242
3326 91.884100512569
3327 91.8874243068266
3328 91.8926887453941
3329 91.895846145494
3330 91.895397013605
3331 91.8928999023065
3332 91.8900663512104
3333 91.8869450092979
3334 91.8827003802162
3335 91.8762996318387
3336 91.8666777332779
3337 91.8546115241268
3338 91.8444518761664
3339 91.8410852655681
3340 91.844271605476
3341 91.8485126402763
3342 91.8496154925399
3343 91.8489450330009
3344 91.8498874708971
3345 91.8525522466644
3346 91.8537709210476
3347 91.8504969138525
3348 91.8418070954496
3349 91.829632079884
3350 91.8190885090552
3351 91.8157935694603
3352 91.8205309988493
3353 91.827998491531
3354 91.8325790175758
3355 91.8336524974598
3356 91.8335437478164
3357 91.8326487055325
3358 91.8295445867281
3359 91.8245010191764
3360 91.8197479600894
3361 91.8164975793017
3362 91.8139059652156
3363 91.8106790616686
3364 91.8057624430361
3365 91.7978022531697
3366 91.7859668405377
3367 91.7716824935042
3368 91.7586253929508
3369 91.7509895189183
3370 91.751712523679
3371 91.7606341363203
3372 91.773100820639
3373 91.7819973229678
3374 91.7832677091244
3375 91.7789900118898
3376 91.7740198165944
3377 91.7708287866914
3378 91.7688683941269
3379 91.7672888153118
3380 91.7660342373518
3381 91.7648908371246
3382 91.7633458390195
3383 91.7611531098229
3384 91.7579612017803
3385 91.7531243845278
3386 91.7468062854288
3387 91.7399710559504
3388 91.7321718111476
3389 91.7213688343078
3390 91.7079838036999
3391 91.6973183420941
3392 91.6949069593074
3393 91.7000566025598
3394 91.7065780135481
3395 91.7091968867946
3396 91.7064614382357
3397 91.6982971131726
3398 91.6847906358585
3399 91.6685944504407
3400 91.6556434747591
3401 91.651197952026
3402 91.6556738263889
3403 91.664819197892
3404 91.6731369616236
3405 91.6770265760498
3406 91.6759998463164
3407 91.6718335380028
3408 91.6663503792952
3409 91.6600097970728
3410 91.652787397961
3411 91.645485247673
3412 91.6390795831127
3413 91.6334480407509
3414 91.6281086721911
3415 91.6236376715024
3416 91.6207478407722
3417 91.6182585593877
3418 91.6137381114771
3419 91.6063711070049
3420 91.5978434592653
3421 91.5901048426403
3422 91.5833796733652
3423 91.5766055419459
3424 91.5687056890905
3425 91.5590659479664
3426 91.5475581821052
3427 91.5345373313556
3428 91.520580916588
3429 91.5062640307466
3430 91.4921559688542
3431 91.4783653269544
3432 91.4638378046977
3433 91.4471486238787
3434 91.428672040018
3435 91.4108279542852
3436 91.3952641994636
3437 91.3808011154662
3438 91.3652212739715
3439 91.3478723116374
3440 91.3290025759796
3441 91.3079415630574
3442 91.283745825319
3443 91.2568273269564
3444 91.2282650091745
3445 91.1980484848723
3446 91.1653949427859
3447 91.1301676729632
3448 91.0926695192725
3449 91.0527293956925
3450 91.0103307199863
3451 90.9664641372868
3452 90.9219092132379
3453 90.8758094228699
3454 90.8269426888761
3455 90.7757461535466
3456 90.7236352166909
3457 90.6709798878975
3458 90.617263096638
3459 90.5626050942726
3460 90.5075913434265
3461 90.4525498154846
3462 90.398500702116
3463 90.3479095937288
3464 90.302804765985
3465 90.2627135597344
3466 90.2257209092286
3467 90.1905454617162
3468 90.1562641038605
3469 90.1217466326803
3470 90.0876921906133
3471 90.0582092275649
3472 90.0379632622104
3473 90.028252047487
3474 90.027689059316
3475 90.0357398694696
3476 90.0533341324064
3477 90.0801694229457
3478 90.1132307828577
3479 90.1482805141918
3480 90.1822140248047
3481 90.2149778504079
3482 90.2502551768516
3483 90.2927855115833
3484 90.3433368171812
3485 90.3972490089536
3486 90.4490359005539
3487 90.497226377131
3488 90.5437673412003
3489 90.5903972885654
3490 90.6373541292226
3491 90.6843685258149
3492 90.7307018698872
3493 90.7747671482067
3494 90.8154296442567
3495 90.8530980484529
3496 90.8882298207828
3497 90.9200685328702
3498 90.9484787709628
3499 90.975722299297
3500 91.0039040583499
3501 91.0309920630223
3502 91.0517916608894
3503 91.063576509426
3504 91.0692893897028
3505 91.0743983065331
3506 91.0820598998961
3507 91.0922175864393
3508 91.1036284197681
3509 91.115389653325
3510 91.1273500505866
3511 91.1397689799306
3512 91.1521427542296
3513 91.1627801853851
3514 91.1704732459251
3515 91.1760505450022
3516 91.1811809512383
3517 91.1864261295033
3518 91.1915512381639
3519 91.197192676995
3520 91.2047609427981
3521 91.2147671020586
3522 91.2260438331607
3523 91.2366751861924
3524 91.245074478116
3525 91.2505287911041
3526 91.2535444215672
3527 91.2557161590268
3528 91.2585514550231
3529 91.2622775260104
3530 91.266188420953
3531 91.2698828102462
3532 91.2734396028266
3533 91.2766881447915
3534 91.2792770558889
3535 91.2814641750741
3536 91.2840069548114
3537 91.2871114221421
3538 91.2900779991896
3539 91.2921593523727
3540 91.2933484268785
3541 91.2941916884673
3542 91.2949305876704
3543 91.2955783532723
3544 91.2968719298754
3545 91.3003292700014
3546 91.3069189584004
3547 91.3156900752876
3548 91.32409125371
3549 91.3301311322285
3550 91.3342584086127
3551 91.3388452917408
3552 91.3454887389704
3553 91.3532803269472
3554 91.3603528459697
3555 91.3662973236593
3556 91.3719397090506
3557 91.3777126747696
3558 91.3835351885855
3559 91.3895329905354
3560 91.3959582452481
3561 91.4027613847638
3562 91.410052064144
3563 91.4187938755674
3564 91.4301741651016
3565 91.444372327421
3566 91.4598518893703
3567 91.4735318449394
3568 91.4831814663528
3569 91.4902487245548
3570 91.4975624429591
3571 91.5062568502414
3572 91.5158898440723
3573 91.5260317616578
3574 91.5371696654285
3575 91.5501244005864
3576 91.5640837217047
3577 91.5768506177287
3578 91.5870697445966
3579 91.5952217284191
3580 91.6021306755774
3581 91.6083576329872
3582 91.6137870144396
3583 91.6179744168558
3584 91.6209249309254
3585 91.6250205076588
3586 91.6343173203615
3587 91.6494864525522
3588 91.6646203764023
3589 91.6735669876318
3590 91.6770607103263
3591 91.6787395590898
3592 91.6799446641173
3593 91.6797242043614
3594 91.6775172341728
3595 91.6741854532821
3596 91.6695980664568
3597 91.6626219917718
3598 91.653501423157
3599 91.644238217527
3600 91.63567866994
3601 91.6272963690954
3602 91.618239588193
3603 91.6084094759266
3604 91.5982110832235
3605 91.5884014799244
3606 91.580321363458
3607 91.5755538584616
3608 91.5734489905075
3609 91.5709931885514
3610 91.566945981666
3611 91.5623835626513
3612 91.5582781257523
3613 91.5538472322452
3614 91.5486939611225
3615 91.5446792247055
3616 91.5431713508194
3617 91.5428261648008
3618 91.540773027854
3619 91.5357212082642
3620 91.530023094912
3621 91.5275787541868
3622 91.5294780281387
3623 91.5337663477949
3624 91.5378000262898
3625 91.5393860303337
3626 91.5381764107304
3627 91.5359464401682
3628 91.5331770194977
3629 91.5276912155912
3630 91.5210979566335
3631 91.5172015061983
3632 91.5131909940706
3633 91.5011224698064
3634 91.4762448594672
3635 91.4449456113935
3636 91.421152189492
3637 91.4124037712672
3638 91.4137947617021
3639 91.4151645213533
3640 91.4110579347109
3641 91.4024015475484
3642 91.391173632838
3643 91.3779781170115
3644 91.3638691640964
3645 91.351299480817
3646 91.3421796278199
3647 91.336029182401
3648 91.3315543003984
3649 91.3281978597873
3650 91.3258148447115
3651 91.3254471363194
3652 91.3282273054637
3653 91.3320298930974
3654 91.3335527758376
3655 91.3315166001611
3656 91.326927531235
3657 91.3223764486501
3658 91.319759800655
3659 91.3198460321606
3660 91.3246453254095
3661 91.3360518792526
3662 91.3524656879264
3663 91.3693605570302
3664 91.3826615822851
3665 91.3915743413989
3666 91.3980645400125
3667 91.4048380592661
3668 91.4138600003901
3669 91.4245466848148
3670 91.4342463567828
3671 91.4427543653628
3672 91.4521922095518
3673 91.4642763017942
3674 91.4808588792407
3675 91.5005762276433
3676 91.5182943577256
3677 91.533701231063
3678 91.5487357411857
3679 91.5644986229785
3680 91.5817102691391
3681 91.5989765477194
3682 91.6140161666992
3683 91.6266041529595
3684 91.6366661520717
3685 91.643226636621
3686 91.6467029053839
3687 91.6489782113032
3688 91.6512716168625
3689 91.6548489176612
3690 91.6643960764294
3691 91.681394362955
3692 91.7004985332127
3693 91.7166916353398
3694 91.7302680449942
3695 91.7432006208877
3696 91.7552487892032
3697 91.7662881208896
3698 91.7780133288922
3699 91.7918218032488
3700 91.8057040808563
3701 91.8161732678331
3702 91.822439737734
3703 91.8274066595217
3704 91.832859464536
3705 91.8374260708016
3706 91.8404191078314
3707 91.8427108976588
3708 91.8446233403927
3709 91.8456367282855
3710 91.8473044024824
3711 91.8510265944436
3712 91.8542791966
3713 91.8546262048316
3714 91.8546770728559
3715 91.8563569954619
3716 91.8581499999259
3717 91.8583343009686
3718 91.8569106647479
3719 91.854598214457
3720 91.8510246626653
3721 91.8470808200404
3722 91.8451036505062
3723 91.8459452676194
3724 91.848159176274
3725 91.8488982415449
3726 91.8474534681536
3727 91.8459398915319
3728 91.8459909026126
3729 91.8478311623669
3730 91.8513577489495
3731 91.8542952402924
3732 91.8511020831787
3733 91.8410606268013
3734 91.8320143001844
3735 91.8287845896419
3736 91.8269880129431
3737 91.8223189431532
3738 91.817406411835
3739 91.8152660238177
3740 91.8147760025477
3741 91.8145310044256
3742 91.8161117184934
3743 91.8216916093205
3744 91.8270862731544
3745 91.8246128514289
3746 91.8181284160732
3747 91.8151202623131
3748 91.817486595779
3749 91.8207367126325
3750 91.8185088341944
3751 91.8118731463656
3752 91.8055528033432
3753 91.7992464483733
3754 91.7923456376164
3755 91.7872339368342
3756 91.7853245044765
3757 91.7841560889199
3758 91.7804156361382
3759 91.7744690811802
3760 91.768820580577
3761 91.7646017076082
3762 91.761910248572
3763 91.7613003046317
3764 91.7629646115311
3765 91.7640763425752
3766 91.7615610499041
3767 91.7573169530251
3768 91.7547788074639
3769 91.752681583085
3770 91.7478028141383
3771 91.7428645418588
3772 91.742064447319
3773 91.742980951332
3774 91.7418512079751
3775 91.7390623699952
3776 91.7361777396327
3777 91.7319371268588
3778 91.7246367808199
3779 91.7166044522957
3780 91.7124718163107
3781 91.712916422504
3782 91.7144975538219
3783 91.714350841967
3784 91.71187982491
3785 91.7074348484894
3786 91.7020119315222
3787 91.6976717883001
3788 91.6957809001135
3789 91.6947787851539
3790 91.6921128755238
3791 91.6880472451184
3792 91.6848439390598
3793 91.6832447585447
3794 91.6820096185859
3795 91.6798135064546
3796 91.6759745827441
3797 91.6705600869817
3798 91.6657087480329
3799 91.6652529768132
3800 91.6696806665313
3801 91.672826623083
3802 91.670011753274
3803 91.6665004330186
3804 91.6664303227483
3805 91.6677321232196
3806 91.6661118473841
3807 91.6604304067395
3808 91.6553693390964
3809 91.6522047351236
3810 91.6477125513661
3811 91.6419353629815
3812 91.6379695376531
3813 91.6374389735292
3814 91.6383790864394
3815 91.6373165755215
3816 91.6329679974393
3817 91.6274433255415
3818 91.6228887852054
3819 91.6204706527929
3820 91.6189744156407
3821 91.6139800117451
3822 91.6061505705609
3823 91.6024504235687
3824 91.603424454477
3825 91.6038280674913
3826 91.6006082138152
3827 91.5968065418543
3828 91.5962640879938
3829 91.5973769662759
3830 91.5968005667811
3831 91.5940145409819
3832 91.5901184908222
3833 91.5844492101571
3834 91.5759300567808
3835 91.5677841120226
3836 91.5653289986394
3837 91.568312613182
3838 91.5717781557902
3839 91.5744323504604
3840 91.5773119385974
3841 91.5783976753856
3842 91.5754220054276
3843 91.570043196107
3844 91.5652564309811
3845 91.5614848123563
3846 91.559458902892
3847 91.5604940610586
3848 91.562339400864
3849 91.5611124320366
3850 91.5570714896
3851 91.5552187761464
3852 91.5583509758709
3853 91.5597320448991
3854 91.5532861024711
3855 91.5476045193434
3856 91.5462529696109
3857 91.5443072049765
3858 91.5394858099602
3859 91.5336186592256
3860 91.52876076861
3861 91.5249338098083
3862 91.5213475753386
3863 91.5182210330651
3864 91.5155598242236
3865 91.512196976977
3866 91.5084387173021
3867 91.505392036419
3868 91.5027543391356
3869 91.4990607839273
3870 91.4934215782585
3871 91.4887335151688
3872 91.4876552726522
3873 91.4880173473876
3874 91.4861544818224
3875 91.4814001614752
3876 91.4766483305254
3877 91.4739588757608
3878 91.4725479609987
3879 91.4705918571561
3880 91.4669133613347
3881 91.4613635838469
3882 91.4542583821901
3883 91.4468491078377
3884 91.4414752991031
3885 91.439112252396
3886 91.4380406142397
3887 91.4365637802846
3888 91.4345410022202
3889 91.4317555575946
3890 91.427528387082
3891 91.4221719653549
3892 91.4184584451451
3893 91.4184702651588
3894 91.4198772025706
3895 91.4190404739637
3896 91.4149786770352
3897 91.4094347767394
3898 91.4048783244608
3899 91.4024669478685
3900 91.4019552670744
3901 91.4023825020834
3902 91.402511023801
3903 91.4018373799904
3904 91.400458419931
3905 91.398443066074
3906 91.3956784214341
3907 91.3920686681983
3908 91.387796592173
3909 91.3831017547144
3910 91.3783706230046
3911 91.37434031866
3912 91.3710888122383
3913 91.3677698964225
3914 91.3640139704638
3915 91.3607185078918
3916 91.3590286207959
3917 91.3584075439743
3918 91.3570264844659
3919 91.3541282642949
3920 91.3504421261252
3921 91.3466813828964
3922 91.3428313838296
3923 91.3387939989679
3924 91.3344497493185
3925 91.3290088808466
3926 91.3217961327973
3927 91.3135994962027
3928 91.3059485768361
3929 91.2994974872151
3930 91.2936557439031
3931 91.2875273678862
3932 91.2803987679406
3933 91.2718352935123
3934 91.2627907403987
3935 91.2554308562529
3936 91.2506406155322
3937 91.2468239132992
3938 91.2418585591186
3939 91.2355574327574
3940 91.2292514616294
3941 91.2236650780399
3942 91.2183874228361
3943 91.2131084080233
3944 91.2082675603335
3945 91.2040839682196
3946 91.2000647760185
3947 91.1958655753422
3948 91.1914242088243
3949 91.1865617034345
3950 91.1816923206669
3951 91.178123483325
3952 91.1764075595246
3953 91.1752175500388
3954 91.1728985149466
3955 91.1692572105893
3956 91.1648982891788
3957 91.1599499374252
3958 91.1546009684289
3959 91.1498099081727
3960 91.1460439294495
3961 91.1420324482086
3962 91.1360002744737
3963 91.1275981170048
3964 91.117758793252
3965 91.1074863206495
3966 91.0978225944113
3967 91.0900573760859
3968 91.0845344430829
3969 91.0798407299814
3970 91.0744312642042
3971 91.0684134068102
3972 91.0626339537723
3973 91.056937150631
3974 91.0507667047376
3975 91.0447395532384
3976 91.0400793543322
3977 91.0371312477294
3978 91.0357685514947
3979 91.0363161416084
3980 91.038464028483
3981 91.0400624327014
3982 91.0388812242574
3983 91.0353249222685
3984 91.0318006514072
3985 91.0296779897877
3986 91.0283185507844
3987 91.0266491210856
3988 91.0241374294194
3989 91.0203631812774
3990 91.0150702985918
3991 91.0088185386854
3992 91.0025393823662
3993 90.9963842987858
3994 90.9897969097194
3995 90.982513439777
3996 90.9747404602442
3997 90.9667065078208
3998 90.9587888719824
3999 90.9516188001489
4000 90.9452599222364
