#Datum: 21.01.2016 16:19:44
#Quelle: aspirin

#Daten:
cm-1;A
515;0.0370354983361774
516;0.0293331478771774
517;0.0217235489039394
518;0.0161874248635572
519;0.0129620329153033
520;0.010923418801152
521;0.00889607404837944
522;0.00660511867678437
523;0.00491368830990391
524;0.00469105821645988
525;0.00542567517391146
526;0.00629745192361608
527;0.00695612501095666
528;0.00723537158395793
529;0.00725075362026528
530;0.00735363364069563
531;0.00780589385167985
532;0.00841826986335881
533;0.00877277497996176
534;0.00887673705533576
535;0.00907084793385304
536;0.00957295477274589
537;0.0104253228725995
538;0.0116950799165272
539;0.0133587239317499
540;0.0150402566350061
541;0.0163088002451031
542;0.0170257792293229
543;0.0170739982980217
544;0.0161847019233856
545;0.0143111528417039
546;0.0118770492520197
547;0.00956919436516124
548;0.00789286197549721
549;0.0068859475260119
550;0.00641088929462819
551;0.00646841815245769
552;0.0069496253812027
553;0.00749414211791
554;0.00790701273135719
555;0.00837524518962773
556;0.00911908505736081
557;0.0101021548796278
558;0.0112154358685905
559;0.0124183331107732
560;0.0135871121327611
561;0.0145211749273924
562;0.0151437023456547
563;0.0154824522912354
564;0.0154596071939512
565;0.0149198909454733
566;0.013882700080085
567;0.0126529343275348
568;0.0116067213768543
569;0.0108159658371865
570;0.0101007834887048
571;0.00940174351375211
572;0.00882645865362641
573;0.00842100100154952
574;0.00815359284252626
575;0.00803394749236808
576;0.00801961398304685
577;0.00796579970857647
578;0.00785631835652345
579;0.00789610850482458
580;0.00821698699418061
581;0.00867045035373049
582;0.00907396696107599
583;0.00943548100156266
584;0.00982179155400842
585;0.0102337460654296
586;0.0107086835893602
587;0.0113569557232887
588;0.0122086024183843
589;0.0131751856778628
590;0.0142268393113283
591;0.0154513349377829
592;0.0169258862756882
593;0.0186821387537113
594;0.0207747947342343
595;0.0231626024750455
596;0.0255035878679744
597;0.027269737705168
598;0.0280262215992799
599;0.0275201724270324
600;0.0257673883422049
601;0.0231337380165972
602;0.0201603848225098
603;0.0173396465862334
604;0.0149668318899607
605;0.0130339742862884
606;0.011361745825107
607;0.00988682951519415
608;0.00870741080940229
609;0.00787322537869639
610;0.00731122631045933
611;0.00694901540181303
612;0.00674451181154789
613;0.00662501676458849
614;0.00654801583127873
615;0.00655253254029442
616;0.00662762803101713
617;0.00665421367653307
618;0.00660272224870373
619;0.00662452826818649
620;0.00679734713755864
621;0.00696155717107838
622;0.00696398026510869
623;0.00688133515240907
624;0.00687177848925757
625;0.00695210119697243
626;0.00705600204977164
627;0.00717828249513364
628;0.00733569714730464
629;0.00749877844788771
630;0.00766443368139314
631;0.00789593136602695
632;0.00821316451931375
633;0.00854799222107472
634;0.00888183890823879
635;0.00931764643292521
636;0.00994428007915005
637;0.0107520709163327
638;0.0117753321882244
639;0.0131698226245145
640;0.0150070278481429
641;0.017063648569799
642;0.0188904931493614
643;0.0200352767884544
644;0.0202638612875972
645;0.0196512587239397
646;0.0184129539066624
647;0.01671767312481
648;0.0147241301889998
649;0.0126978169450904
650;0.0109981656825637
651;0.00991604213097586
652;0.00947361188063978
653;0.0094352722940243
654;0.00959488765775096
655;0.00994764343730581
656;0.0105327738431813
657;0.0112984802670602
658;0.0122327074062789
659;0.0134529959657912
660;0.0150637386239365
661;0.0170938482916252
662;0.019640605698287
663;0.0227716221345298
664;0.0262048604445995
665;0.0293335427982882
666;0.0313810175293574
667;0.0309536968421586
668;0.0266747227729656
669;0.0206156622802016
670;0.0160697803624059
671;0.0131875808368216
672;0.0110725322083085
673;0.00942438434968018
674;0.0082801754991042
675;0.00760166369192139
676;0.00722451539258007
677;0.00704052759805318
678;0.00699855941946459
679;0.00703652772991958
680;0.0071063701746652
681;0.00721542138182407
682;0.00738390968630176
683;0.00759727238746044
684;0.00782891171983713
685;0.00807537844960149
686;0.00834610980885686
687;0.00864502774142339
688;0.00898071383553023
689;0.00937416809831881
690;0.00984198910545131
691;0.0103869425533207
692;0.0110187359003138
693;0.0117767247389895
694;0.0127241545921373
695;0.0139274341341114
696;0.015447076351794
697;0.0173438555249552
698;0.019699147746765
699;0.0226521796569554
700;0.0264209151771504
701;0.0311872273712623
702;0.036710088580189
703;0.0417778473926342
704;0.0441773055169188
705;0.0420611792911132
706;0.0358114454897913
707;0.0278255702921366
708;0.0205238548185016
709;0.0150938245151613
710;0.0115690840838376
711;0.00944718838978709
712;0.00820100910094812
713;0.00747009243229013
714;0.00703875088329919
715;0.0067793810469341
716;0.00662273319239714
717;0.00653635422928134
718;0.00650875642962001
719;0.00654088933524988
720;0.00662680054539244
721;0.00673414666001948
722;0.00682400232150293
723;0.00689454172771664
724;0.00698358285495826
725;0.00712345121441271
726;0.00730944948689127
727;0.00751497662813372
728;0.00772159002717698
729;0.00792984676675812
730;0.00815473117788112
731;0.00841529297096022
732;0.00871915868787276
733;0.00905680406096443
734;0.00942055191435087
735;0.00982233429647317
736;0.0102781963737941
737;0.0107852467605944
738;0.0113345505102456
739;0.011941345931374
740;0.0126426261747399
741;0.0134698646702875
742;0.0144458311472548
743;0.0156086052781343
744;0.0170218869348506
745;0.0187615309963036
746;0.0209041022692777
747;0.0235246683529071
748;0.0266928169643197
749;0.030464176565667
750;0.0348398588739738
751;0.0396332771448493
752;0.0442664607289749
753;0.0476983024327171
754;0.0487365581195003
755;0.0466956825042948
756;0.0418795427878369
757;0.0353897321939338
758;0.0285111368446604
759;0.0222698859749166
760;0.0172889707395032
761;0.0137691088630005
762;0.0115514986757803
763;0.0102814649299894
764;0.00959891503533994
765;0.00924942481002833
766;0.00908906200731141
767;0.0090405997811549
768;0.00906146716803402
769;0.00913172823858166
770;0.00924398309905805
771;0.00939251311974365
772;0.00957225792650163
773;0.00978514087085158
774;0.0100380548730061
775;0.0103321036285338
776;0.010663820860207
777;0.0110433229861246
778;0.0114996889384855
779;0.0120560044952278
780;0.0127082497518829
781;0.0134455302621481
782;0.0142879449755642
783;0.0152963606637218
784;0.0165622940531094
785;0.018202098364033
786;0.0203150987459491
787;0.0228596595370887
788;0.0255289026527714
789;0.0277975232765915
790;0.0291757185742343
791;0.0294768678631043
792;0.0288825797320196
793;0.0277877917444982
794;0.0265932856121791
795;0.0256043004082349
796;0.0250443000961491
797;0.0251007558152552
798;0.0259413575866678
799;0.0276882861718299
800;0.0303553629321536
801;0.0337298170014337
802;0.0371743489032781
803;0.0394915914831722
804;0.0392730014980023
805;0.0358572721436028
806;0.0299938090778864
807;0.0233441317796981
808;0.0174116119782104
809;0.0129281379248454
810;0.0099210220551671
811;0.00808555003517419
812;0.00707171924309025
813;0.00658693742213012
814;0.00642143240193782
815;0.00645646986907122
816;0.00663313461055193
817;0.00690451189904406
818;0.00723020079136361
819;0.00759755601249723
820;0.00801115089596771
821;0.00846319013643715
822;0.00893917816402001
823;0.00944548605868167
824;0.0100040708568776
825;0.0106233178388526
826;0.0112971541762377
827;0.0120304685246631
828;0.0128490979470031
829;0.0137939879652313
830;0.0149264428721436
831;0.0163347328593739
832;0.0181181646208128
833;0.0203675007007431
834;0.0231690766511177
835;0.0266026758490845
836;0.0306721040520841
837;0.0351415821416021
838;0.0393235643730494
839;0.0420209900289032
840;0.041970221430468
841;0.0387291210579315
842;0.0331441910344328
843;0.0268148020096532
844;0.0211592209477713
845;0.0168848241544708
846;0.0140301843214048
847;0.0122957155056673
848;0.0113272493874796
849;0.0108316319114126
850;0.0105977334749558
851;0.0104986854783873
852;0.0104787200822194
853;0.0105220433661366
854;0.0106260704882029
855;0.0107880608035615
856;0.0109973970294459
857;0.0112379327238581
858;0.011501056122019
859;0.0117865503225039
860;0.0120843032543154
861;0.0123684657837342
862;0.012619459260375
863;0.0128403157880539
864;0.0130443536929941
865;0.0132407826484886
866;0.0134390891577063
867;0.0136496910958104
868;0.0138687813447935
869;0.0140785524280553
870;0.0142745903339097
871;0.0144788986614492
872;0.0147150613999076
873;0.0149840967590256
874;0.0152741668967138
875;0.0155798158573246
876;0.0159039477768097
877;0.0162582570427496
878;0.0166722128734562
879;0.0171875637432972
880;0.0178354167328387
881;0.0186252949566452
882;0.0195410138073027
883;0.020507935288119
884;0.0213645069619373
885;0.0219229750826877
886;0.0220972271049136
887;0.0219577982124752
888;0.0216577510799447
889;0.0213361717764622
890;0.0211023688951275
891;0.0210603037780805
892;0.0212857212824413
893;0.0217793862036342
894;0.0224794825361971
895;0.0233232342433094
896;0.0242790177533903
897;0.0253339360180935
898;0.0264849573946306
899;0.0277480455545875
900;0.0291549259062511
901;0.0307288148346971
902;0.0324662394619368
903;0.0343448183447679
904;0.0363526044738582
905;0.038517778677851
906;0.0409115355505827
907;0.043619400747356
908;0.0467140426332593
909;0.0502545710452023
910;0.0542882071722697
911;0.058818785238498
912;0.0637436473402617
913;0.0687634132104466
914;0.0732636921453953
915;0.076285185955409
916;0.0768109731432387
917;0.0743303443740806
918;0.0692019684233647
919;0.0625050962236622
920;0.0555735544762648
921;0.0495173426204643
922;0.0449398265330718
923;0.0419276214152031
924;0.0402171886342271
925;0.0393955534084214
926;0.0390508796991547
927;0.0388493304195274
928;0.0385623007455127
929;0.0380674776515655
930;0.037320722247798
931;0.0363154654207676
932;0.0350666984340793
933;0.0336168397014394
934;0.0320299653516647
935;0.0303705067359181
936;0.0286884445476587
937;0.0270193448261336
938;0.0253919085447065
939;0.0238339715476223
940;0.0223708571149044
941;0.0210196778818157
942;0.0197892358750842
943;0.0186837569956968
944;0.0177022713941932
945;0.0168385228700962
946;0.0160871719665121
947;0.0154444521293362
948;0.0148983713446167
949;0.0144295446358247
950;0.0140298228330789
951;0.0137080198080566
952;0.0134675418994323
953;0.0132914020977768
954;0.0131611239131357
955;0.0130775529723315
956;0.0130507377824678
957;0.013083295949659
958;0.0131790505280487
959;0.0133570458880414
960;0.0136443474063228
961;0.0140703005429383
962;0.0146878718833905
963;0.0155933983710139
964;0.0169031134715458
965;0.0186906531097859
966;0.0209148871964846
967;0.0233631386179647
968;0.0256599029420852
969;0.027385639226275
970;0.0282345838800138
971;0.0280825988378477
972;0.0269638637053273
973;0.0250530347890745
974;0.0226730991560842
975;0.0202545262395524
976;0.0182021449053305
977;0.0167447843717654
978;0.0158906157989012
979;0.0155057768474565
980;0.0154245374056226
981;0.0155178989975027
982;0.0157109052162212
983;0.015964236812632
984;0.0162481352256734
985;0.0165395006667499
986;0.0168376008692142
987;0.0171609858050898
988;0.0175190991779532
989;0.017899496232451
990;0.0182900427871471
991;0.0187007303631723
992;0.0191562050223228
993;0.0196783685439876
994;0.0202848981324508
995;0.0210003049687248
996;0.0218666807024654
997;0.0229373300514337
998;0.0242230132369079
999;0.0256047510554844
1000;0.0268267534829425
1001;0.0276623661224198
1002;0.0281299909515793
1003;0.0285185589607082
1004;0.0291911298728742
1005;0.0303821477207309
1006;0.0321591256181744
1007;0.0344955832019716
1008;0.0373144718893463
1009;0.0404574425034725
1010;0.0436105534552842
1011;0.0462342286699096
1012;0.0476135840185745
1013;0.0471395296575401
1014;0.0446863578648862
1015;0.0407561459317003
1016;0.0362381594069738
1017;0.0319772935450942
1018;0.0284817303458418
1019;0.0259041200187629
1020;0.0241703449827699
1021;0.0231094477813869
1022;0.0225489791087741
1023;0.0223689826006401
1024;0.0224998228941191
1025;0.0228896677138557
1026;0.0234868029753841
1027;0.0242338776736166
1028;0.0250496266110007
1029;0.0258208009628627
1030;0.026443145406829
1031;0.0268921147591974
1032;0.0272592006223267
1033;0.027714232169838
1034;0.028411295376813
1035;0.0293870276112089
1036;0.0304983545987383
1037;0.0314429300960555
1038;0.031874055035906
1039;0.0315589073033493
1040;0.0304897779806579
1041;0.0288681198183534
1042;0.0269732536704352
1043;0.0250326720913985
1044;0.0231801639830012
1045;0.0214864615707397
1046;0.0200073790454991
1047;0.01880230066104
1048;0.0179069789583026
1049;0.0172986401599606
1050;0.0169043632760333
1051;0.0166431258001676
1052;0.0164545174873056
1053;0.0163046195126968
1054;0.0161858437297173
1055;0.0161065556145845
1056;0.0160670134931946
1057;0.01604987298306
1058;0.0160409504058454
1059;0.0160448911428099
1060;0.0160676731315381
1061;0.0160990781727279
1062;0.0161309463415171
1063;0.0161818424211304
1064;0.0162841998693928
1065;0.01645347482453
1066;0.0166858417315747
1067;0.0169787612770458
1068;0.0173390296532563
1069;0.0177779481739375
1070;0.0183101010836453
1071;0.0189468579109757
1072;0.0196799396002021
1073;0.0204833328845597
1074;0.021343824272182
1075;0.0222809654475986
1076;0.0233310763436985
1077;0.0245255739617789
1078;0.0258937588881552
1079;0.0274727923453137
1080;0.0292979891139971
1081;0.0313718439872914
1082;0.0336165905235972
1083;0.0358294205569014
1084;0.0377031669293215
1085;0.0389508766147595
1086;0.0394585901042657
1087;0.0393618960366122
1088;0.039022888600714
1089;0.0389184134404466
1090;0.0394642156726968
1091;0.0408355436046197
1092;0.0428381782776437
1093;0.0448669247802158
1094;0.0460043717800338
1095;0.0453446075020782
1096;0.0425176344643341
1097;0.0380227693488213
1098;0.0329594361345002
1099;0.0283884771639793
1100;0.0248770770735873
1101;0.0224543826611456
1102;0.0208552519414655
1103;0.0197831491015621
1104;0.019012643048498
1105;0.0183797985594489
1106;0.0177860146627502
1107;0.0172161658809822
1108;0.0167088791503465
1109;0.0163015973480141
1110;0.0160174267398907
1111;0.0158790645634825
1112;0.0158941332747191
1113;0.0160321610677214
1114;0.0162464804134681
1115;0.0165140801302821
1116;0.0168326245774251
1117;0.0171942710667854
1118;0.0175920466840822
1119;0.0180416073766478
1120;0.0185674150995936
1121;0.019174181529948
1122;0.0198553795756959
1123;0.0206162428102097
1124;0.0214591010367078
1125;0.0223610689005838
1126;0.0233079514316574
1127;0.0243545858577838
1128;0.0256312466235795
1129;0.0273171527309228
1130;0.0296653024368847
1131;0.0330059059797083
1132;0.0374963090172074
1133;0.0425971695145442
1134;0.0467615969795872
1135;0.0480722878736948
1136;0.0457957728045302
1137;0.041229350577612
1138;0.0366407299122737
1139;0.0336416739668619
1140;0.0325714373639858
1141;0.0328501498132185
1142;0.0336120764968517
1143;0.0341599983080947
1144;0.0341831409297324
1145;0.0338087866532692
1146;0.033439543366242
1147;0.0334321643546822
1148;0.0338846165373936
1149;0.0346945343977989
1150;0.0357426371746927
1151;0.0369689971370235
1152;0.0383391349059377
1153;0.0398336527517977
1154;0.0414576880337945
1155;0.0431924937366119
1156;0.044949945099573
1157;0.0466289307492154
1158;0.0481965824246624
1159;0.0496690907259818
1160;0.0510540707200278
1161;0.0523707278447716
1162;0.0536887213907582
1163;0.0550851275202673
1164;0.0565879201956825
1165;0.0582067856111141
1166;0.0599854796231436
1167;0.0619770630453798
1168;0.0642029890163462
1169;0.0666825765683716
1170;0.0694623935437253
1171;0.0725642064351584
1172;0.0759392335740656
1173;0.0795157849941939
1174;0.0832410211972174
1175;0.0870357632864678
1176;0.0907874114292006
1177;0.094447655579796
1178;0.098058472931114
1179;0.101626687147081
1180;0.105048471633294
1181;0.108174275910609
1182;0.110812710466137
1183;0.112616206174903
1184;0.113106776780001
1185;0.111902251981568
1186;0.108852980581897
1187;0.104029256933003
1188;0.0977680070313494
1189;0.0906808685655294
1190;0.0834248147746446
1191;0.0764373617190275
1192;0.0698966997728074
1193;0.0638375440830861
1194;0.0582466429579145
1195;0.0531020368410777
1196;0.0483969974384892
1197;0.0441552549128248
1198;0.0404289586683559
1199;0.0372888754079836
1200;0.0348187081648168
1201;0.033118434274559
1202;0.0323010747432018
1203;0.0324455921310076
1204;0.0335152625622688
1205;0.0353272694551732
1206;0.0376088452599928
1207;0.0400633836051185
1208;0.0424120569488493
1209;0.0444611594493289
1210;0.0461764541743974
1211;0.0476901096605542
1212;0.0492457924104652
1213;0.0511182328640658
1214;0.0534929720871338
1215;0.0563237502781038
1216;0.0592815009708856
1217;0.0618720715680992
1218;0.0636111004955253
1219;0.0641079686172983
1220;0.0630974714137082
1221;0.0604907395808094
1222;0.0563915594428159
1223;0.0510699855393086
1224;0.0449490923552431
1225;0.0385644121742235
1226;0.0324543914489117
1227;0.0270445924736504
1228;0.0225761880568796
1229;0.0190922695387703
1230;0.0164982417911461
1231;0.0146485165711117
1232;0.0133864333176017
1233;0.0125580307899158
1234;0.012047319308542
1235;0.0117949929297503
1236;0.011761954076873
1237;0.0118951626099271
1238;0.0121449878883533
1239;0.0124816701765187
1240;0.0128704726510833
1241;0.0132613430509907
1242;0.0136222836537649
1243;0.0139511865819619
1244;0.0142424633582194
1245;0.0144813510519162
1246;0.0146874314223102
1247;0.0149267122676373
1248;0.0152658583698422
1249;0.0157529001648546
1250;0.0164622798275422
1251;0.0175215077675637
1252;0.0190546599949122
1253;0.0210787490882156
1254;0.0233960397385553
1255;0.0255249175578738
1256;0.0268299096331897
1257;0.0269308028468576
1258;0.0260378711991953
1259;0.02479568776772
1260;0.0237885631895278
1261;0.0232250702880403
1262;0.0230434551972807
1263;0.023184888290019
1264;0.0236894625582396
1265;0.0246151007936479
1266;0.0259708490128472
1267;0.02769963947631
1268;0.0296486572662984
1269;0.0315722857391709
1270;0.0332244098135519
1271;0.0344646894109075
1272;0.0352956153278217
1273;0.0358505664083948
1274;0.0363673460369693
1275;0.0371291870497081
1276;0.0383696147216832
1277;0.040203805255947
1278;0.0426365602924301
1279;0.0455996022039391
1280;0.0489633970549845
1281;0.0525517271332616
1282;0.0561693725670547
1283;0.0595991552222319
1284;0.0625980780809312
1285;0.0649616614168147
1286;0.0666160453499227
1287;0.0676604652784674
1288;0.0683611814452685
1289;0.0690794511357595
1290;0.0701016518258795
1291;0.0714620853887968
1292;0.0729114937217294
1293;0.0740661461157948
1294;0.0746140193390075
1295;0.0744571873268334
1296;0.0737817898816451
1297;0.0730291220973889
1298;0.0727200924802982
1299;0.0732267158513626
1300;0.0746360979415204
1301;0.0767347284820703
1302;0.0790603527179061
1303;0.0810156342296216
1304;0.0820865860499529
1305;0.0820555928497033
1306;0.0809863436511731
1307;0.0790289253717187
1308;0.0763131651899089
1309;0.0729624822217974
1310;0.0690767841355564
1311;0.064700639929913
1312;0.0598803590194437
1313;0.0547552321663101
1314;0.0495526549271632
1315;0.044498899704682
1316;0.0397491258372626
1317;0.0353908317370635
1318;0.0314967170770852
1319;0.0281592396778763
1320;0.025450000668314
1321;0.0233546522170329
1322;0.0217826939979116
1323;0.0206223593290931
1324;0.0197521613301908
1325;0.0190301024185795
1326;0.018322414177278
1327;0.0175434983038152
1328;0.0166600945791222
1329;0.0156811292620722
1330;0.0146657425536187
1331;0.0137110340118749
1332;0.0128864600212593
1333;0.0121918082695727
1334;0.0115985606913875
1335;0.0111024169309477
1336;0.0107041324652277
1337;0.0103799397042592
1338;0.0101127986392058
1339;0.00992179170292462
1340;0.00982181927677806
1341;0.00978719971381747
1342;0.00978833589568962
1343;0.00982713922020006
1344;0.00990855562600568
1345;0.0100122519628705
1346;0.0101275099513827
1347;0.0102859475995234
1348;0.0105188220579902
1349;0.0108107966043649
1350;0.0111383664899956
1351;0.0115186136097805
1352;0.0119879904431259
1353;0.0125661483171917
1354;0.0132784990572856
1355;0.0141776432175362
1356;0.0152972596389234
1357;0.0166424201388458
1358;0.0182354683252213
1359;0.0201303716534091
1360;0.0223688732150402
1361;0.0249403038457277
1362;0.0277264867586184
1363;0.0304273698813042
1364;0.0326743735079413
1365;0.0343022909280499
1366;0.0353962563190435
1367;0.0361125073951267
1368;0.0365304418413452
1369;0.0366322802040602
1370;0.0364000885093556
1371;0.0358703511510072
1372;0.0350512215534018
1373;0.0338112417901912
1374;0.031949584138965
1375;0.0295051904518193
1376;0.0268076071080339
1377;0.0241249331099165
1378;0.021568268369422
1379;0.0192851394679903
1380;0.0174362628970051
1381;0.0160306799029479
1382;0.0149624809818327
1383;0.0141642698928719
1384;0.0135943749668979
1385;0.0131739947730434
1386;0.0128616514445787
1387;0.0127146570063492
1388;0.0127825247015205
1389;0.01298600801044
1390;0.01321130982636
1391;0.0134355886281576
1392;0.0136924176829232
1393;0.0140295883728385
1394;0.0145281303708091
1395;0.0152424116639325
1396;0.0160902978960336
1397;0.0169361623563631
1398;0.0178089059356441
1399;0.0188852784023072
1400;0.0201895018948925
1401;0.0215333948170144
1402;0.0228286674426885
1403;0.0242195672104246
1404;0.0258528473770363
1405;0.0276498619001833
1406;0.0294001775301476
1407;0.0309497759595325
1408;0.032197321780155
1409;0.0331099143784856
1410;0.0338278474114202
1411;0.0345925487727099
1412;0.0355389795250671
1413;0.0367083821856591
1414;0.0381801623329001
1415;0.0399881475997206
1416;0.0419736614332555
1417;0.0438481809159754
1418;0.0452652386762002
1419;0.0455753317551066
1420;0.0442924374872107
1421;0.0418637584248409
1422;0.0388988189812267
1423;0.0355829978347115
1424;0.0322193569701648
1425;0.029442645297953
1426;0.0276229576618279
1427;0.0265581555916528
1428;0.0259606227506415
1429;0.0257104852242827
1430;0.0257392070091753
1431;0.025999613366896
1432;0.0264318196704643
1433;0.0269063717785809
1434;0.027266824076865
1435;0.0274652552593981
1436;0.0275408781052544
1437;0.0274791151434113
1438;0.0272540924467111
1439;0.0268570737956189
1440;0.0262658792927422
1441;0.0255476139110871
1442;0.0248968832919678
1443;0.0245485265916501
1444;0.0246669946087572
1445;0.02531487668362
1446;0.0265807243577876
1447;0.0286429047914023
1448;0.0315562140273302
1449;0.0350752300157817
1450;0.0390629105682023
1451;0.0438343924130529
1452;0.0495670150091683
1453;0.0556729629733665
1454;0.0612087723684911
1455;0.0655540258241796
1456;0.0680860927517031
1457;0.0674636768408021
1458;0.0638411075671812
1459;0.0594832729706638
1460;0.0552030112372059
1461;0.0505876213528094
1462;0.045478859659335
1463;0.0397302424998085
1464;0.0331933841123775
1465;0.0264638212845312
1466;0.021004120240488
1467;0.0174690411657215
1468;0.0152571875811001
1469;0.0136654343538758
1470;0.0124247827137185
1471;0.0115440059916965
1472;0.0110372148140438
1473;0.0108455155033218
1474;0.0109611148341371
1475;0.011385153383662
1476;0.0121329680862643
1477;0.0133106828700897
1478;0.0150353257109033
1479;0.0173781860817746
1480;0.0203001957860744
1481;0.0233725609133246
1482;0.0256308226160544
1483;0.0263110280436862
1484;0.0255271704911975
1485;0.0238701866107229
1486;0.0218515628355098
1487;0.019751693074179
1488;0.017593336421668
1489;0.0152286049504253
1490;0.012744498798535
1491;0.0106369999491145
1492;0.00922767970405158
1493;0.00833531225956441
1494;0.00769600833855755
1495;0.00723278151441109
1496;0.00695435859597193
1497;0.00681823713745433
1498;0.00677070690094195
1499;0.00680167467386861
1500;0.00688544414973169
1501;0.00698736732828231
1502;0.00705929778264802
1503;0.00703139687331644
1504;0.00688994323495828
1505;0.00680699652158912
1506;0.0071841594490325
1507;0.00789476700925928
1508;0.00836262097465434
1509;0.00854814428570205
1510;0.00862247480784939
1511;0.00867602116647714
1512;0.00874869553688162
1513;0.00880861661463172
1514;0.00883391000894274
1515;0.00887773439464645
1516;0.00900694512899314
1517;0.00914031534286264
1518;0.00915102536803314
1519;0.00905682657056839
1520;0.00898504448284543
1521;0.00902291662585486
1522;0.00907825594824851
1523;0.00906190079488001
1524;0.00896909804538071
1525;0.00883346969877108
1526;0.00875192056605512
1527;0.00876633921235359
1528;0.00881380088256023
1529;0.00881172948726827
1530;0.00873896408151009
1531;0.00864197339490591
1532;0.00860804526462977
1533;0.00866732553618266
1534;0.00876649716140787
1535;0.00886531691310521
1536;0.00888773909832064
1537;0.00877369576437315
1538;0.00863496762651228
1539;0.00877604494490569
1540;0.00915727241145281
1541;0.00936821574608016
1542;0.00939355128777741
1543;0.0094215748497406
1544;0.00949006299692301
1545;0.00959409658466148
1546;0.0097408229921534
1547;0.00990598707536461
1548;0.0100629233103833
1549;0.0102533857637799
1550;0.0105141835176623
1551;0.0108129845464904
1552;0.0110952823000603
1553;0.0113677345925725
1554;0.0117147682391978
1555;0.0120809622240272
1556;0.0123246946066593
1557;0.012436167394716
1558;0.0128208383086463
1559;0.0134828089465235
1560;0.0140368313728716
1561;0.0145509574776066
1562;0.0148894855658188
1563;0.0150482520470199
1564;0.0152183112937838
1565;0.015463626062582
1566;0.0157385371109184
1567;0.0160191102626008
1568;0.0164410377023889
1569;0.0171868286060337
1570;0.0182540842262053
1571;0.0194388815327058
1572;0.02053426111149
1573;0.0214513943666936
1574;0.0222255246239962
1575;0.022866943195299
1576;0.0230923621886678
1577;0.0225952971792058
1578;0.0215959404732367
1579;0.0204610144958177
1580;0.0193464365188383
1581;0.0183600498511392
1582;0.0176184024832375
1583;0.0171996701274828
1584;0.0170787187548738
1585;0.0171619308185427
1586;0.0173827563631399
1587;0.0177351919526603
1588;0.0182143321403545
1589;0.0187871172712004
1590;0.0194710648187051
1591;0.0203508824015586
1592;0.0215071717443551
1593;0.0229842980095936
1594;0.0247949157316396
1595;0.0268442802215394
1596;0.0289132010102
1597;0.0309105587785674
1598;0.0331583931346084
1599;0.0363621899962705
1600;0.041368478359344
1601;0.0489639529336667
1602;0.0595141420023473
1603;0.0720022020522573
1604;0.0831617189455105
1605;0.088399469011158
1606;0.0845217734175701
1607;0.0722514705552095
1608;0.05613001992321
1609;0.0411937606739206
1610;0.0300756195473924
1611;0.0230150424845688
1612;0.0190536395400214
1613;0.0169414181346259
1614;0.0157302916811919
1615;0.0150104080134967
1616;0.0146958552677769
1617;0.0146410550720746
1618;0.0146727967922755
1619;0.0147740204829219
1620;0.0149437750472103
1621;0.0151446192400808
1622;0.0153932941732691
1623;0.0157560453504861
1624;0.0162303027176007
1625;0.0166814743649564
1626;0.0170361870186566
1627;0.0174184934707351
1628;0.017946928512399
1629;0.0185397077521741
1630;0.0190782598796553
1631;0.0195871343355789
1632;0.0200881239502213
1633;0.0205355032203325
1634;0.0210196901564867
1635;0.0218913289674758
1636;0.0231653241460088
1637;0.0242796028838599
1638;0.0249547557163887
1639;0.025414224196211
1640;0.0258593761121193
1641;0.0262430409027601
1642;0.0264669573104266
1643;0.0265991544924682
1644;0.026785037596136
1645;0.0270875111597013
1646;0.0275483632689737
1647;0.0282100108064736
1648;0.0290268049863054
1649;0.0297118021819292
1650;0.0300835701130591
1651;0.030276415079278
1652;0.0309775211673886
1653;0.0327136164254207
1654;0.0347056920594269
1655;0.0364138098961744
1656;0.0380183646256733
1657;0.0395764676690917
1658;0.0411809926623501
1659;0.0429658233752328
1660;0.0450141002517319
1661;0.0473296195534016
1662;0.0500055584411232
1663;0.0532247334004412
1664;0.0568047978395778
1665;0.0602037392550341
1666;0.0632115437619476
1667;0.066197539534774
1668;0.0697438665198684
1669;0.0741742783942587
1670;0.079243822105868
1671;0.0843872286160134
1672;0.0892071675151724
1673;0.0937304475800394
1674;0.0985090569286611
1675;0.104167130702016
1676;0.110211609121511
1677;0.115307445003962
1678;0.118950530915876
1679;0.121419554403784
1680;0.122961996013411
1681;0.123744821706224
1682;0.123773600654259
1683;0.122639598169348
1684;0.119376971772514
1685;0.115079573304083
1686;0.112155681460665
1687;0.110266552236185
1688;0.108092053888719
1689;0.105194864523932
1690;0.101687810486757
1691;0.0980490118704056
1692;0.0946893772458153
1693;0.0916092341762551
1694;0.0882758477189514
1695;0.0836911497701744
1696;0.0777121603315749
1697;0.0722245095393326
1698;0.0680932791205442
1699;0.0635992753127721
1700;0.0564608556453987
1701;0.0482540073083237
1702;0.04269512195364
1703;0.0392665780191392
1704;0.0358474327448668
1705;0.0319401288838361
1706;0.0281635255345769
1707;0.0252462022234676
1708;0.0230882151224689
1709;0.0214969341986102
1710;0.0204010777250956
1711;0.0195295318820725
1712;0.0186203966227994
1713;0.0177770939774613
1714;0.0172540896903852
1715;0.0169877175109565
1716;0.0167120780546122
1717;0.0165033846474483
1718;0.0166253151158082
1719;0.0169446094699928
1720;0.0172039954046346
1721;0.0174589650742267
1722;0.0178286299596035
1723;0.0182171852934283
1724;0.0184627619284026
1725;0.0186278009484457
1726;0.0188910364613581
1727;0.0192500214231033
1728;0.0196503902162961
1729;0.0202141713422723
1730;0.0210047290371478
1731;0.0218176882620837
1732;0.0224999754501503
1733;0.0234531788865462
1734;0.0253443840110497
1735;0.0278673615807465
1736;0.0300721736386
1737;0.0318700228643014
1738;0.0338775885984886
1739;0.0366242193235569
1740;0.0400921623805837
1741;0.0439068037145793
1742;0.0480652059331841
1743;0.0528253080341767
1744;0.0581695171413437
1745;0.0638693365266163
1746;0.0698228423084166
1747;0.0758649715079083
1748;0.0813806662352896
1749;0.0855420385259007
1750;0.0877175316252741
1751;0.0873473399304132
1752;0.0844867609895748
1753;0.0803866714726598
1754;0.0760892016092736
1755;0.0714440593282834
1756;0.0660035031970056
1757;0.0602492315003149
1758;0.0552823495294619
1759;0.0513262576273923
1760;0.0478084646318091
1761;0.044479606036298
1762;0.0416592708574239
1763;0.0396456142086583
1764;0.0383217410333883
1765;0.0374171582806435
1766;0.0366929378865397
1767;0.0358365898756166
1768;0.0346271638958156
1769;0.0332224982701779
1770;0.0317925380057065
1771;0.0300120179605794
1772;0.0274176778033859
1773;0.0244353991145261
1774;0.0219174646674682
1775;0.0198290974972142
1776;0.0177915769815222
1777;0.0158806360710217
1778;0.014297873384985
1779;0.0129778619863945
1780;0.0117506074064822
1781;0.0106807167105003
1782;0.00990185637280083
1783;0.00930256772780291
1784;0.00874840958456624
1785;0.00833523932148572
1786;0.00814601153405259
1787;0.00802585390570121
1788;0.00779622569012495
1789;0.0075189454406992
1790;0.00736367353948131
1791;0.00735560809462332
1792;0.0074024443543701
1793;0.00753672610591338
1794;0.00780176695846779
1795;0.00803084997087078
1796;0.00811790038723026
1797;0.00818681383449471
1798;0.00835257325068839
1799;0.00855491294137534
1800;0.00871220681992146
1801;0.0089034649898343
1802;0.00920289733201174
1803;0.00948467798008923
1804;0.00961491706759809
1805;0.00963796919588211
1806;0.00962690183653692
1807;0.00953780027865059
1808;0.00931465896146166
1809;0.00903524977440173
1810;0.00879516891484511
1811;0.00854627699965915
1812;0.00822628945789128
1813;0.00792654246507296
1814;0.00774259251322973
1815;0.0076109295922917
1816;0.00746422634017962
1817;0.0073756073188822
1818;0.00740484291281684
1819;0.00745837866936516
1820;0.00743855418179917
1821;0.00740393428509467
1822;0.00741980435996314
1823;0.0074205061203847
1824;0.00737496716229136
1825;0.00740699583419224
1826;0.0075873217219955
1827;0.00776923747118841
1828;0.00783857891356332
1829;0.00792521103145804
1830;0.00815133821624236
1831;0.00840672385260688
1832;0.0085654114793221
1833;0.00868663679686721
1834;0.00885604535287143
1835;0.0090287595717129
1836;0.0091338789654487
1837;0.00921092130467249
1838;0.00931396974676391
1839;0.00936993806951025
1840;0.00928560144760682
1841;0.00910721826334959
1842;0.0089542551863453
1843;0.0088804630376762
1844;0.00887724955771407
1845;0.00896212169057486
1846;0.0091121894612074
1847;0.00919276604220798
1848;0.00916069182945734
1849;0.00914967696835944
1850;0.00925138297038375
1851;0.00938056447130808
1852;0.0094355705022322
1853;0.0094502577749469
1854;0.00945817709749219
1855;0.00939014585085163
1856;0.00921272327371514
1857;0.00902253959703314
1858;0.00890448644585207
1859;0.00879064646555361
1860;0.00860053158605445
1861;0.00840156755857691
1862;0.00828735424628579
1863;0.00822010719305921
1864;0.00812922181100761
1865;0.00804848656603818
1866;0.00802518262261742
1867;0.00800289235729812
1868;0.00791553978024528
1869;0.00783001833384711
1870;0.00783368197492029
1871;0.00784824265042938
1872;0.00777516497846364
1873;0.00768110330515204
1874;0.00765968664044969
1875;0.00766675708218978
1876;0.00763405896953073
1877;0.00762760049170708
1878;0.00772663513261551
1879;0.00785767181965968
1880;0.0079227117457763
1881;0.00796972437574661
1882;0.00807335012004695
1883;0.00818537257009333
1884;0.00823845773262954
1885;0.00826618082181985
1886;0.00829996603316663
1887;0.0082768226568346
1888;0.00818022408516428
1889;0.00813679635855924
1890;0.00821992267252325
1891;0.00829817996353666
1892;0.00824592822069148
1893;0.00814173501317761
1894;0.00811029314558032
1895;0.00811176410845138
1896;0.00804226409740383
1897;0.00793209763786074
1898;0.0078589989045057
1899;0.00779075908819937
1900;0.00768109985265619
1901;0.00760126058353405
1902;0.00761417590913505
1903;0.0076390079467612
1904;0.00759697024213413
1905;0.00755680711399798
1906;0.00759574135852503
1907;0.00764495553153832
1908;0.00761824666834166
1909;0.00758188823878414
1910;0.00761086220283369
1911;0.00761820895414678
1912;0.00752351169065135
1913;0.00741418982156827
1914;0.00737859078358949
1915;0.00734053850551963
1916;0.00723234319015265
1917;0.00718416180805948
1918;0.00731805268403329
1919;0.00749028994624945
1920;0.00750384379719904
1921;0.00741490616392015
1922;0.00739295822577968
1923;0.0074343943221642
1924;0.00742630234382746
1925;0.007384626479219
1926;0.00739373797810483
1927;0.00742850678042584
1928;0.00742888990704094
1929;0.00745070109522805
1930;0.00755889661644216
1931;0.00767286573287773
1932;0.00770491696716347
1933;0.00771495382099352
1934;0.00776928141102706
1935;0.00777527590034421
1936;0.00765184936449104
1937;0.00751578260005847
1938;0.00749110091049521
1939;0.00750370330508532
1940;0.00745989054028051
1941;0.00745717093277021
1942;0.00758999802096816
1943;0.00770674204501209
1944;0.00764658115899208
1945;0.00752520614280638
1946;0.00750528883839063
1947;0.00751619699428918
1948;0.00742976533031503
1949;0.00732117439349533
1950;0.00731554922106525
1951;0.0073338842318964
1952;0.00724559663799895
1953;0.00712029367075995
1954;0.00707694561085392
1955;0.00703048659567784
1956;0.00685870120750764
1957;0.00666305236946396
1958;0.00659158342718169
1959;0.00657330298461822
1960;0.00649904859536332
1961;0.00649845210763344
1962;0.00672694987042877
1963;0.00704823608973038
1964;0.00724906137842107
1965;0.00738250147785946
1966;0.00759577218925678
1967;0.00780477342648189
1968;0.00786152645686134
1969;0.00785398215191413
1970;0.00789029022981813
1971;0.00782061952885127
1972;0.00750499492751544
1973;0.00712728457787626
1974;0.00692560824556421
1975;0.006822904690581
1976;0.00666489710449869
1977;0.00659779885994771
1978;0.00681011095994766
1979;0.00712015448676917
1980;0.00723591838685733
1981;0.00719242162245481
1982;0.00717782354143392
1983;0.00719102866948984
1984;0.00715480083693176
1985;0.00714534155334912
1986;0.00723998598162412
1987;0.00730638284289276
1988;0.00721068216196641
1989;0.00707228922074088
1990;0.0070671013182102
1991;0.00714593023350374
1992;0.0071883897272591
1993;0.00726792481566618
1994;0.00749052075701817
1995;0.00774961908221061
1996;0.0079080804431082
1997;0.00802304910462537
1998;0.00815963320651192
1999;0.00817381476943102
2000;0.00791953008338453
2001;0.0075151381554659
2002;0.00716614064886034
2003;0.00688743910359313
2004;0.00662952247063919
2005;0.00650796624060712
2006;0.00663259499193058
2007;0.00684838286121003
2008;0.0069481655879684
2009;0.0069845329067908
2010;0.00707793401080692
2011;0.0071252005008291
2012;0.00699983242190871
2013;0.00683190214238127
2014;0.00679050186146113
2015;0.00677918912318565
2016;0.0066353263202723
2017;0.00646033868525198
2018;0.00645728620757802
2019;0.00660490860015694
2020;0.00678499921794806
2021;0.00703361624912313
2022;0.00737730424181548
2023;0.00764120642848143
2024;0.00770189083205342
2025;0.00772253468705819
2026;0.00786514029750074
2027;0.00798644164641149
2028;0.00789589165314797
2029;0.00768373363301578
2030;0.00752452892473632
2031;0.00740355124608594
2032;0.00731393044841222
2033;0.00745597289249633
2034;0.00790343802102678
2035;0.00832922183070539
2036;0.0084143999527595
2037;0.0082858684917384
2038;0.00823218516777002
2039;0.00824491327799626
2040;0.00815401619591238
2041;0.0079986425571319
2042;0.0079484378390573
2043;0.00801168092110638
2044;0.00809679039273248
2045;0.00822082769605159
2046;0.00841850367103358
2047;0.00859751360648309
2048;0.00869011394194397
2049;0.00877989508365284
2050;0.00889208146649278
2051;0.00887264535023768
2052;0.00866455026844304
2053;0.00847686191344099
2054;0.00849871304271077
2055;0.00862462182175006
2056;0.00865164813593688
2057;0.00860016471820258
2058;0.00861911611616084
2059;0.00870931743764602
2060;0.00876431032277725
2061;0.00878026035282931
2062;0.00881725096646657
2063;0.008837172470338
2064;0.00876746455549626
2065;0.00865226990057066
2066;0.00857804852446598
2067;0.00852677290966697
2068;0.00845107601187145
2069;0.00840107297268044
2070;0.00843185590508755
2071;0.00848305030974284
2072;0.0084855363440608
2073;0.00848554131263501
2074;0.0085332048733644
2075;0.00856124867941355
2076;0.0085115374755711
2077;0.0084681477821591
2078;0.00852715278051752
2079;0.00864022781960538
2080;0.00871486280371348
2081;0.00876558875674816
2082;0.00883866721085424
2083;0.00889435941761674
2084;0.00889018336411529
2085;0.00887784769541766
2086;0.00890038194398768
2087;0.00889849841772516
2088;0.00883229898839089
2089;0.00878253905048232
2090;0.00881078090944265
2091;0.00883523083150428
2092;0.00877662567265536
2093;0.00871262895952385
2094;0.00874840988654268
2095;0.00884198920169199
2096;0.0089030022779164
2097;0.00895778946109349
2098;0.00905458947242632
2099;0.00911332831137335
2100;0.00904350916004537
2101;0.00892094636908891
2102;0.00888439551949771
2103;0.00893273166085007
2104;0.00896987008839312
2105;0.00897056753975223
2106;0.00895952204918737
2107;0.00890586458767517
2108;0.00878239028462735
2109;0.00866072343368796
2110;0.00861341804336258
2111;0.00858720752481324
2112;0.00849507840494779
2113;0.00836093423582285
2114;0.00825463354650924
2115;0.00816416900669115
2116;0.00805543458976898
2117;0.00798064788204833
2118;0.00799860329970858
2119;0.00805182868359266
2120;0.00804262365071429
2121;0.00797160349998616
2122;0.00789461941847125
2123;0.0078130540513468
2124;0.00771495583364468
2125;0.00764929818813953
2126;0.00764643513771412
2127;0.00763993485693049
2128;0.00757644431161042
2129;0.00751649245496266
2130;0.007512238178907
2131;0.0074879887571242
2132;0.00737731177425682
2133;0.00727702707547717
2134;0.00730773961713416
2135;0.00741167053952774
2136;0.00746145048939084
2137;0.00747589078775079
2138;0.0075393529604979
2139;0.00761149008915796
2140;0.00761309710842584
2141;0.00759856681078452
2142;0.0076521111018919
2143;0.00771415877274984
2144;0.00769593205287333
2145;0.00765432934076826
2146;0.0076589018635913
2147;0.00761069430566086
2148;0.00740695116327661
2149;0.0071599097368269
2150;0.00702771547974623
2151;0.00695796952504457
2152;0.00682794052591262
2153;0.00669484160804967
2154;0.0066526704070724
2155;0.00659014992101081
2156;0.00639311542831078
2157;0.00627554674354913
2158;0.00656662298235977
2159;0.00719596010073187
2160;0.00775737622353856
2161;0.00806065191314054
2162;0.00821648647573525
2163;0.00829411769904276
2164;0.00828526162798893
2165;0.00828271355911036
2166;0.00839701614231525
2167;0.00856704594948621
2168;0.00865677010784882
2169;0.00864771184543889
2170;0.00857747145462051
2171;0.00842055832289734
2172;0.00818935193494496
2173;0.00802567004820154
2174;0.00802860175671372
2175;0.00810240758417202
2176;0.00812389025074989
2177;0.00812726933426022
2178;0.0081747423459817
2179;0.00821141501552636
2180;0.00821180058075721
2181;0.00829615229844394
2182;0.00852182235031784
2183;0.00872604719447412
2184;0.00876457065451186
2185;0.00873423118702732
2186;0.00877142700670941
2187;0.00881476025150851
2188;0.00876236520186069
2189;0.00869444520618057
2190;0.0087386847251747
2191;0.00885505666781316
2192;0.00893759683095596
2193;0.00899701896929472
2194;0.0090738901941263
2195;0.00911010663621581
2196;0.00907120235455183
2197;0.00905606083041399
2198;0.00912239559185424
2199;0.00914923982197569
2200;0.00904183982209128
2201;0.00892656724935326
2202;0.00896336152530397
2203;0.00910099265204844
2204;0.00919949703310596
2205;0.00926278734379693
2206;0.00935838966235569
2207;0.00942736728160942
2208;0.00937145582985743
2209;0.0092395316935967
2210;0.00915502898961251
2211;0.00913783954075775
2212;0.00914547420685019
2213;0.00919894411985389
2214;0.00932141839692302
2215;0.00944697311316123
2216;0.00952756893554629
2217;0.00962799429568761
2218;0.00978556712944734
2219;0.00989460570619127
2220;0.00986947258420256
2221;0.00980087675772312
2222;0.00980313606841943
2223;0.00982728938460542
2224;0.00978301815653726
2225;0.00972880720854641
2226;0.00976716578817838
2227;0.0098472562975398
2228;0.0098485328124589
2229;0.00979153999552329
2230;0.00980387771159963
2231;0.00992770093298279
2232;0.0100956237251255
2233;0.0102429336139667
2234;0.010324622567887
2235;0.0102871489055885
2236;0.0101382504340659
2237;0.00998552423938426
2238;0.00991049505665686
2239;0.00987300800683255
2240;0.00982430532991585
2241;0.00981928595929249
2242;0.00991252510035778
2243;0.0100374691956102
2244;0.0101045406218252
2245;0.0101363847799714
2246;0.0101943536714864
2247;0.0102525369588267
2248;0.0102578637077537
2249;0.0102417651249831
2250;0.0102649054649966
2251;0.0103175405470968
2252;0.0103720557699705
2253;0.0104606854448579
2254;0.0106019580998813
2255;0.0107227647318917
2256;0.0107543601629383
2257;0.0107378599603041
2258;0.0107409163321708
2259;0.0107451633088327
2260;0.0107097068582274
2261;0.0106720529564426
2262;0.0106867957823751
2263;0.0107282416986232
2264;0.0107477568229033
2265;0.0107708557976534
2266;0.0108504587139819
2267;0.0109748969557846
2268;0.0110986922074274
2269;0.011209629348681
2270;0.011300960913492
2271;0.0113433134020702
2272;0.0113462679596392
2273;0.0113770112020852
2274;0.0114573733262466
2275;0.0115160922363184
2276;0.0115048516235539
2277;0.0114819246379398
2278;0.0115182587351161
2279;0.0116003980322754
2280;0.0116904339540334
2281;0.0118011616613667
2282;0.0119406339929282
2283;0.0120604238020878
2284;0.0121254004095241
2285;0.0121678944024797
2286;0.0122138571626365
2287;0.0122308530890316
2288;0.0122043849244764
2289;0.01218767689303
2290;0.0122134866449739
2291;0.012230289222396
2292;0.0121923890132316
2293;0.01213855319834
2294;0.0121184409124642
2295;0.0121075093078902
2296;0.0120690098145742
2297;0.0120295429222963
2298;0.0120269222643035
2299;0.0120397641644179
2300;0.0120409651293043
2301;0.0120554765718925
2302;0.0120948250900836
2303;0.012101811328356
2304;0.0120385245144685
2305;0.0119706457620055
2306;0.0119753127933555
2307;0.0120207472995986
2308;0.0120241934098027
2309;0.0119815799571346
2310;0.0119546265768111
2311;0.011963313092954
2312;0.0119888870079323
2313;0.0120401344949042
2314;0.0121328821797551
2315;0.0122266471894783
2316;0.0122730453792541
2317;0.0122964061267241
2318;0.0123576036819928
2319;0.0124641484064019
2320;0.0125911597999966
2321;0.0127509307440059
2322;0.012946643851385
2323;0.0130983906801734
2324;0.0131089628505283
2325;0.0129865423317495
2326;0.0128140954078917
2327;0.0126440982038776
2328;0.0124990987923348
2329;0.012419074673629
2330;0.0124400961959927
2331;0.0125289751324897
2332;0.0126239257279337
2333;0.0127084317849739
2334;0.0127833671045814
2335;0.0128213383101139
2336;0.0128126581689969
2337;0.0128168214933158
2338;0.0128854542216861
2339;0.0129789415091162
2340;0.0130393496618364
2341;0.013091066748
2342;0.0131751865931302
2343;0.013247784317489
2344;0.0132403857957124
2345;0.0131828393767792
2346;0.0131569384537866
2347;0.0131814884701518
2348;0.0132220881244722
2349;0.0132581045000633
2350;0.0132972033260723
2351;0.0133425134525651
2352;0.0133835225931591
2353;0.0134217178474492
2354;0.0134749344461049
2355;0.013539636638134
2356;0.0135997124204299
2357;0.0136821791519723
2358;0.0137994643224131
2359;0.0138611771163102
2360;0.0137818034483039
2361;0.0136477692540573
2362;0.013632743111001
2363;0.0137701232629563
2364;0.0139490004701379
2365;0.0140832960537494
2366;0.0141522915689329
2367;0.0141405375333996
2368;0.0140709986393808
2369;0.0140481000978927
2370;0.0141497583697825
2371;0.0143195495832069
2372;0.0144540163952069
2373;0.0145392272975702
2374;0.0146213259076613
2375;0.0147028072261337
2376;0.0147518848767425
2377;0.0147726651474929
2378;0.0147976268105103
2379;0.0148406046529688
2380;0.0149047696253959
2381;0.0150040259395958
2382;0.0151333540758287
2383;0.0152491873602847
2384;0.0153208081997664
2385;0.0153762830906179
2386;0.0154615554881734
2387;0.0155809681758268
2388;0.015714490914678
2389;0.0158609299567924
2390;0.0160177103938761
2391;0.0161472902571393
2392;0.0162161433322781
2393;0.0162455628389739
2394;0.0162749469040586
2395;0.0162974211372515
2396;0.0162830769394986
2397;0.0162447558312306
2398;0.0162267983870672
2399;0.0162430961476154
2400;0.016273877129656
2401;0.0163079894731455
2402;0.0163439204141334
2403;0.0163679904692895
2404;0.0163757391780708
2405;0.0163946520933604
2406;0.0164432256590441
2407;0.0164921645943881
2408;0.0165101692689187
2409;0.016518832771709
2410;0.0165524277629052
2411;0.0165928178683215
2412;0.0165993817333261
2413;0.0165788968509863
2414;0.0165708811419238
2415;0.0165848451700463
2416;0.0166053197186018
2417;0.016638603897263
2418;0.0166995330985948
2419;0.0167665710323412
2420;0.0168003056750972
2421;0.0167958913748325
2422;0.0167791652434188
2423;0.0167716576477519
2424;0.0167970765194281
2425;0.0168914733630212
2426;0.0170579479424289
2427;0.0172361518249662
2428;0.0173631461382229
2429;0.0174398502145023
2430;0.0174964913195268
2431;0.0175279178561856
2432;0.0175156185922409
2433;0.0174841453018524
2434;0.017480706911132
2435;0.017519963945382
2436;0.0175930078418038
2437;0.0176998298301299
2438;0.0178248729439792
2439;0.0179157994462251
2440;0.0179419661361466
2441;0.0179442917529504
2442;0.0179760022388056
2443;0.0180289046087712
2444;0.0180726087609726
2445;0.0181254436491842
2446;0.0182182401831732
2447;0.0183223750242691
2448;0.0183892067510232
2449;0.0184372815087603
2450;0.0185255726704756
2451;0.0186555653862397
2452;0.018772387121726
2453;0.0188536403046349
2454;0.0189272372268048
2455;0.0190051479018325
2456;0.0190668050504339
2457;0.0191124289408862
2458;0.0191730117141453
2459;0.019257619070397
2460;0.0193396658222302
2461;0.0194050734350322
2462;0.0194741707619888
2463;0.0195680346822682
2464;0.0196837616536683
2465;0.019805022726807
2466;0.0199130684349389
2467;0.0199942027955113
2468;0.0200588877559482
2469;0.0201397238315155
2470;0.0202489240280079
2471;0.0203598543737362
2472;0.020454392669945
2473;0.0205570991279442
2474;0.0206896187441521
2475;0.0208251351999003
2476;0.0209301050701176
2477;0.0210206384793652
2478;0.0211310601317474
2479;0.0212540826810095
2480;0.0213625261822608
2481;0.0214672533560265
2482;0.0215997582443048
2483;0.0217524333552008
2484;0.0218874634062678
2485;0.0219961516333418
2486;0.0221057480933406
2487;0.0222374596790895
2488;0.0223970684882322
2489;0.022592765122172
2490;0.0228197897065501
2491;0.023039421207675
2492;0.0232143578914261
2493;0.0233547329435035
2494;0.0234934758664813
2495;0.0236324707817961
2496;0.023753875058252
2497;0.0238696461576255
2498;0.0240124532378103
2499;0.0241814097768969
2500;0.0243391217802533
2501;0.0244659487038559
2502;0.0245860431537863
2503;0.0247364634810181
2504;0.0249323351387809
2505;0.0251607556997622
2506;0.0253918281017782
2507;0.0256010084719507
2508;0.0257914405925537
2509;0.0259828785690623
2510;0.0261747356703454
2511;0.026345523297546
2512;0.0264963869755406
2513;0.0266585406459903
2514;0.026838678317993
2515;0.0269952210103033
2516;0.0270982233874026
2517;0.0271817867970432
2518;0.0273052922721293
2519;0.0274864817006053
2520;0.0276988163903511
2521;0.0279088848084788
2522;0.028090969424641
2523;0.0282320897066604
2524;0.0283501188802946
2525;0.0284847112246618
2526;0.0286504770771625
2527;0.0288258702929565
2528;0.0290032485886855
2529;0.0292099842380955
2530;0.0294541089536142
2531;0.0296884100505974
2532;0.0298629869160851
2533;0.0299852662704421
2534;0.0301014088269977
2535;0.0302484212175449
2536;0.0304479357399061
2537;0.0307105514527408
2538;0.031015658702898
2539;0.0313174961103608
2540;0.0315960320560189
2541;0.031869902465401
2542;0.0321422089411951
2543;0.0323793340614589
2544;0.0325680210663781
2545;0.0327416586254492
2546;0.0329133316098056
2547;0.0330301719424444
2548;0.0330355301564642
2549;0.0329337130584284
2550;0.0327525004885725
2551;0.0324890192971803
2552;0.0321469845349496
2553;0.0317905953470625
2554;0.0314996272733126
2555;0.0312864831498887
2556;0.0311021655015094
2557;0.0309052655464312
2558;0.0306851850580321
2559;0.030441016953054
2560;0.0301824286994385
2561;0.0299370850561931
2562;0.0297230189460935
2563;0.0295327762269839
2564;0.0293743409968636
2565;0.0292967128112298
2566;0.0293324055883757
2567;0.0294377423078345
2568;0.0295343886331694
2569;0.0295970808430965
2570;0.0296675834945961
2571;0.0297984616280404
2572;0.0300108719987553
2573;0.0302857663881877
2574;0.0305666720260547
2575;0.0307938823566642
2576;0.0309666923778622
2577;0.0311516672776839
2578;0.0314061244173918
2579;0.0317213006191237
2580;0.0320644361458482
2581;0.0324372844872276
2582;0.0328520654821345
2583;0.0332792438035674
2584;0.0336637871754442
2585;0.0339753369003764
2586;0.0342063394953069
2587;0.034339192328618
2588;0.0343506040879278
2589;0.034234477496442
2590;0.0339922752509592
2591;0.0336184707495448
2592;0.0331243182391594
2593;0.0325589441110896
2594;0.0319783147979442
2595;0.0314068939808208
2596;0.0308511784681345
2597;0.0303293368179538
2598;0.0298604758034762
2599;0.0294439642321156
2600;0.0290759238565919
2601;0.0287684857971937
2602;0.0285297003227243
2603;0.028344463870039
2604;0.0281967113607025
2605;0.0280864872294342
2606;0.0280028870412139
2607;0.0279095314272577
2608;0.027787691870478
2609;0.0276708593208947
2610;0.0276068062273438
2611;0.0276047152175405
2612;0.0276445996669377
2613;0.0277145577292972
2614;0.0278091639944329
2615;0.0279124186362214
2616;0.028012206514882
2617;0.0281143651971536
2618;0.0282176398185965
2619;0.028295899022571
2620;0.0283326248974942
2621;0.0283539564992477
2622;0.0284004223852274
2623;0.0284821940574169
2624;0.0285854266516854
2625;0.0287029694352217
2626;0.0288330260022651
2627;0.0289658095512508
2628;0.0290970490622013
2629;0.0292374711809444
2630;0.0293850462534344
2631;0.0295078228254264
2632;0.0295832032281778
2633;0.0296398809547627
2634;0.0297333434053659
2635;0.0298894262593383
2636;0.030093372869233
2637;0.0303208124091308
2638;0.0305535175375109
2639;0.030772418649498
2640;0.0309594648602509
2641;0.0311079319972052
2642;0.0312222819597683
2643;0.0313151189762175
2644;0.0314095199444535
2645;0.0315288498527715
2646;0.0316737902786821
2647;0.0318222371575787
2648;0.0319582490053367
2649;0.0320846227901861
2650;0.0322024004530386
2651;0.0323010418603324
2652;0.0323784037932528
2653;0.0324475670508881
2654;0.032512680982526
2655;0.032560263701398
2656;0.0325851100830603
2657;0.0326009169620962
2658;0.0326138473072908
2659;0.0326117972831679
2660;0.032593643493436
2661;0.0325811244794916
2662;0.0325835520536715
2663;0.0325778594565163
2664;0.0325454065523361
2665;0.0325037406918953
2666;0.032477636334417
2667;0.0324606480054819
2668;0.0324312415001662
2669;0.0323878183649129
2670;0.0323401076865955
2671;0.0322800536041414
2672;0.0321866282549286
2673;0.0320481770000236
2674;0.0318601321665273
2675;0.0316177095762571
2676;0.031336858485018
2677;0.0310709911680935
2678;0.030881709535381
2679;0.0307966150909669
2680;0.0308074945326491
2681;0.0308932303863305
2682;0.0310267654916057
2683;0.031178000628755
2684;0.0313335942073631
2685;0.03150277273435
2686;0.0316872827040464
2687;0.0318634361106849
2688;0.0320135194838875
2689;0.0321549749197974
2690;0.0323126509818754
2691;0.0324771531830017
2692;0.0326167494453415
2693;0.0327193533735619
2694;0.0327988927357019
2695;0.0328700491314382
2696;0.0329386687183328
2697;0.0330070513894167
2698;0.0330665795916547
2699;0.0330923198610771
2700;0.0330627023558665
2701;0.0329758573364007
2702;0.0328324521529675
2703;0.0326173809331278
2704;0.0323165262823719
2705;0.031936391990202
2706;0.0314864710641392
2707;0.030956837388733
2708;0.0303372258386092
2709;0.0296490397198344
2710;0.0289383317914718
2711;0.02824698855616
2712;0.0276086679687815
2713;0.027057769660803
2714;0.0266154678605186
2715;0.0262718611407644
2716;0.0260007876368171
2717;0.0257847509903841
2718;0.0256096363074367
2719;0.0254496002697646
2720;0.0252818757063837
2721;0.0251105834404515
2722;0.0249569390012543
2723;0.0248316577911556
2724;0.0247314398843097
2725;0.0246526941015259
2726;0.0245930479079988
2727;0.0245492709176862
2728;0.0245269648283311
2729;0.0245380808126376
2730;0.024574272422228
2731;0.0246012284696588
2732;0.0246005459448897
2733;0.024601567392569
2734;0.0246474095068383
2735;0.024740069031282
2736;0.0248415165457154
2737;0.0249194261667438
2738;0.024969615691959
2739;0.0250012083691511
2740;0.0250223004622085
2741;0.0250385244302265
2742;0.0250510415115732
2743;0.0250603817262747
2744;0.0250823131929194
2745;0.0251482683615984
2746;0.0252752893966597
2747;0.0254442927214669
2748;0.0256194763416819
2749;0.0257779659846094
2750;0.0259113668342652
2751;0.0260174927109551
2752;0.0261084535366474
2753;0.026211958438807
2754;0.0263451837266011
2755;0.0264966611193191
2756;0.0266465951092529
2757;0.0267901331629741
2758;0.0269255889541526
2759;0.0270364237901104
2760;0.0271053676771629
2761;0.0271368534296721
2762;0.0271504618953815
2763;0.0271617543320886
2764;0.0271791169799034
2765;0.0272036363319375
2766;0.0272209169891757
2767;0.0272122518925646
2768;0.0271874519412068
2769;0.027185286706285
2770;0.02722505862895
2771;0.027280930472209
2772;0.0273250654652595
2773;0.0273724397173634
2774;0.0274546393132755
2775;0.0275672635671274
2776;0.0276757746359131
2777;0.0277653138046459
2778;0.0278561200308087
2779;0.0279718498348276
2780;0.0281143544178208
2781;0.0282692789443333
2782;0.0284216020032468
2783;0.028567280668484
2784;0.0287179989286723
2785;0.028888030535086
2786;0.0290724509345608
2787;0.0292526581431665
2788;0.0294278993395964
2789;0.0296197862752343
2790;0.029836833966961
2791;0.0300605378332168
2792;0.03028131505704
2793;0.0305197851094112
2794;0.0307890377422071
2795;0.0310602822466972
2796;0.0312944921950231
2797;0.0314911452986661
2798;0.0316791317518159
2799;0.0318750003850947
2800;0.0320773477288037
2801;0.0322888362359621
2802;0.0325145310593269
2803;0.0327459954455733
2804;0.0329720725764533
2805;0.033199207637217
2806;0.0334392758618109
2807;0.0336843424605029
2808;0.0339149678853226
2809;0.034127561991957
2810;0.0343335033097267
2811;0.03453626061988
2812;0.0347279857565734
2813;0.0349048741977187
2814;0.0350699097669973
2815;0.0352238821185078
2816;0.0353658717437331
2817;0.0354976851472764
2818;0.0356194824404239
2819;0.0357307861492793
2820;0.0358442726709329
2821;0.0359844927574731
2822;0.0361605842059667
2823;0.036352705534437
2824;0.0365361446591688
2825;0.0367039511343601
2826;0.0368552107708195
2827;0.0369812499064108
2828;0.0370816882611606
2829;0.0371772068723966
2830;0.0372838542576916
2831;0.0373836948730291
2832;0.0374393575280658
2833;0.0374310338294128
2834;0.0373653770757616
2835;0.0372566725475454
2836;0.0371139523672894
2837;0.0369422081267619
2838;0.0367476535077675
2839;0.0365458221511723
2840;0.0363621366208091
2841;0.0362071653776281
2842;0.0360506186073266
2843;0.0358458084261941
2844;0.035590332176918
2845;0.0353397742305088
2846;0.0351500862232539
2847;0.0350298467166878
2848;0.034961192249483
2849;0.0349381451622033
2850;0.0349610078139837
2851;0.0350156656663856
2852;0.0350852251299938
2853;0.0351696623695046
2854;0.035275025801428
2855;0.0353959035296361
2856;0.0355235361977555
2857;0.0356574434817314
2858;0.0357971433189688
2859;0.0359375627975382
2860;0.0360801238536454
2861;0.036227871217084
2862;0.0363638412586416
2863;0.0364627356572258
2864;0.0365345915363568
2865;0.0366243183269346
2866;0.036750191291478
2867;0.036873326564522
2868;0.036948216033438
2869;0.0369730498565104
2870;0.0369667610864988
2871;0.0369272333316315
2872;0.0368428583175626
2873;0.0367225317662023
2874;0.0365851017198266
2875;0.0364376411794594
2876;0.0362882435994043
2877;0.036159042380409
2878;0.0360609383180643
2879;0.0359748029359059
2880;0.0358812381494669
2881;0.0357888747865982
2882;0.0357121131919087
2883;0.0356464459979189
2884;0.0355911947489589
2885;0.0355687633131512
2886;0.0355878746100031
2887;0.0356101135718376
2888;0.0355892252690597
2889;0.0355282484658386
2890;0.0354651263850911
2891;0.0354165558567514
2892;0.0353687799732518
2893;0.0353109050630067
2894;0.0352433761604836
2895;0.0351614980018857
2896;0.035061305803769
2897;0.0349561299183494
2898;0.0348613327577454
2899;0.0347690103656804
2900;0.0346612351100299
2901;0.0345390657017142
2902;0.0344191234551934
2903;0.0343093182470984
2904;0.0342106283330199
2905;0.0341275457417711
2906;0.0340535539423317
2907;0.0339626043591616
2908;0.0338396788836886
2909;0.0337055226682255
2910;0.0335866087610304
2911;0.0334753757532171
2912;0.0333483173810309
2913;0.0332055477893018
2914;0.0330624747350747
2915;0.0329186743010583
2916;0.0327683229730022
2917;0.0326298326278085
2918;0.0325270967657396
2919;0.0324447366115666
2920;0.0323356280267801
2921;0.0321744577114476
2922;0.031979156662846
2923;0.0317828390314583
2924;0.0316093414998475
2925;0.0314709673934936
2926;0.0313620912813308
2927;0.0312547889564976
2928;0.0311253592308416
2929;0.0309884098721185
2930;0.0308884115355783
2931;0.0308589078383152
2932;0.030902065950227
2933;0.0309978195506795
2934;0.0311146260756321
2935;0.0312217706647087
2936;0.0313144192233041
2937;0.0314228289001643
2938;0.031578790871823
2939;0.0317768418325197
2940;0.0319811951216149
2941;0.0321602451610281
2942;0.0322975918394777
2943;0.0323810591069023
2944;0.0324047899375797
2945;0.032381762183838
2946;0.0323402696680028
2947;0.0323084459269329
2948;0.0323041185182438
2949;0.0323254108829398
2950;0.0323456316916932
2951;0.0323382290784482
2952;0.0323186980539458
2953;0.0323395974151139
2954;0.0324264943715975
2955;0.0325397805084295
2956;0.0326210129856437
2957;0.0326583423413651
2958;0.0326830226180135
2959;0.0327183982764832
2960;0.0327588514560111
2961;0.0327893080214197
2962;0.0328024963541593
2963;0.0328017648266214
2964;0.032801226298472
2965;0.0328136218044481
2966;0.0328278536864455
2967;0.0328141570137979
2968;0.0327626385979141
2969;0.0326968802883938
2970;0.0326353598044014
2971;0.0325633090865076
2972;0.0324619960201531
2973;0.0323434166092718
2974;0.0322341240099084
2975;0.0321447547671674
2976;0.0320771874906289
2977;0.0320393456781194
2978;0.0320248110803814
2979;0.0319961145094216
2980;0.0319202659202231
2981;0.0318125926088946
2982;0.0317199254714895
2983;0.0316689697764545
2984;0.0316547495907082
2985;0.03166977468906
2986;0.0317170749923945
2987;0.0317944226560936
2988;0.0318839169311977
2989;0.0319584162016739
2990;0.0319919515711475
2991;0.0319757264865435
2992;0.0319349614278066
2993;0.0319167683963395
2994;0.0319470481358872
2995;0.0320067287375347
2996;0.0320554901945282
2997;0.0320638538704716
2998;0.0320204448692341
2999;0.0319351213828043
3000;0.0318449102282734
3001;0.0317883693120673
3002;0.0317566608943043
3003;0.0316969261821634
3004;0.0315816302442338
3005;0.0314462270203237
3006;0.031338294912703
3007;0.0312587244087104
3008;0.0311789163623777
3009;0.0310894134290796
3010;0.0310016617644362
3011;0.0309235508277237
3012;0.0308624780309648
3013;0.0308333855236702
3014;0.030835468203039
3015;0.0308398421290745
3016;0.0308270460803977
3017;0.0308156047519659
3018;0.0308243066681277
3019;0.0308291974599912
3020;0.0307927608232219
3021;0.0307192436402477
3022;0.0306448700797512
3023;0.0305845565328469
3024;0.0305208321589061
3025;0.0304380755789102
3026;0.0303359071420812
3027;0.0302123178946492
3028;0.0300624411825312
3029;0.0298950660269577
3030;0.0297296064604788
3031;0.0295769351927508
3032;0.0294356455334173
3033;0.029298491591518
3034;0.0291510225289748
3035;0.0289810208878896
3036;0.0288060875100877
3037;0.0286720210663312
3038;0.0286017063628712
3039;0.0285638644952524
3040;0.0285135768299503
3041;0.0284420805293204
3042;0.0283619014282694
3043;0.0282640492254089
3044;0.0281227345166295
3045;0.0279345789539007
3046;0.02772385195149
3047;0.0275168658204099
3048;0.0273337408216723
3049;0.0271928946897742
3050;0.0270990363528356
3051;0.0270349127479967
3052;0.0269850435253693
3053;0.0269571336767562
3054;0.0269618102088542
3055;0.0269858736722119
3056;0.0270045894203434
3057;0.0270053630464826
3058;0.0269819706129966
3059;0.0269221847987695
3060;0.0268260262676967
3061;0.0267198568209066
3062;0.0266276605840627
3063;0.026543437585566
3064;0.0264542264975234
3065;0.0263731922376624
3066;0.0263206177692599
3067;0.0262853366001072
3068;0.0262339041262509
3069;0.0261501483656263
3070;0.0260431110594381
3071;0.0259282719009204
3072;0.025824178188709
3073;0.0257545236355066
3074;0.0257259566805708
3075;0.0257106660898105
3076;0.0256708179617335
3077;0.0255887442494833
3078;0.0254594742820726
3079;0.0252752726827736
3080;0.0250468753834405
3081;0.0248225482995246
3082;0.0246502497142111
3083;0.0245293181342343
3084;0.0244262003842832
3085;0.0243262629355212
3086;0.024242362695392
3087;0.0241851588567263
3088;0.0241527880691268
3089;0.0241410078875492
3090;0.0241350931834978
3091;0.0240968835086062
3092;0.0239868286756937
3093;0.023795398920309
3094;0.023537271378731
3095;0.0232295617914764
3096;0.0229004126067063
3097;0.0226014090879416
3098;0.0223755921729412
3099;0.0222177122310918
3100;0.0220915458561031
3101;0.0219791584549034
3102;0.021886716556228
3103;0.0218090754610987
3104;0.0217185672593649
3105;0.0215926460956786
3106;0.0214324202608351
3107;0.0212551178372717
3108;0.0210806093641298
3109;0.020921847749779
3110;0.0207752421500513
3111;0.020622615700582
3112;0.0204551181753381
3113;0.0202859274131564
3114;0.0201298140327697
3115;0.0199853832783632
3116;0.0198519469044689
3117;0.0197426903002267
3118;0.019658472856557
3119;0.0195671787562326
3120;0.0194351672858943
3121;0.0192673738702789
3122;0.0190965708390924
3123;0.0189493746535259
3124;0.0188428528876423
3125;0.0187904202831677
3126;0.0187812792255808
3127;0.0187704817635681
3128;0.0187191759925611
3129;0.0186381950240113
3130;0.0185657374451487
3131;0.018509887227498
3132;0.0184420319606386
3133;0.0183425293049579
3134;0.0182282657018802
3135;0.0181339515344294
3136;0.0180816351954518
3137;0.0180619063696725
3138;0.018032487632631
3139;0.0179490076149793
3140;0.0178125350345839
3141;0.0176721529416832
3142;0.0175688900236979
3143;0.017497345935382
3144;0.0174348942914493
3145;0.0173760541527788
3146;0.0173146170347445
3147;0.0172223136925862
3148;0.0170799066793423
3149;0.0169132637150282
3150;0.016767176768768
3151;0.0166557418383901
3152;0.0165654134175666
3153;0.0164920697619071
3154;0.0164435811714736
3155;0.0164138186719356
3156;0.016382563221965
3157;0.0163375258133707
3158;0.0162769181890343
3159;0.0161988210276496
3160;0.0161068607107164
3161;0.0160165089442481
3162;0.015936907557176
3163;0.015855568346314
3164;0.0157559684978932
3165;0.0156387194205312
3166;0.0155135397951283
3167;0.0153879058887791
3168;0.015275920595214
3169;0.0151974358737792
3170;0.0151495341219827
3171;0.0151011209464302
3172;0.0150337057922794
3173;0.0149629361795831
3174;0.014902611591834
3175;0.0148346226021039
3176;0.0147372881749284
3177;0.0146168881713851
3178;0.0144892264381646
3179;0.0143584348743069
3180;0.0142380026344664
3181;0.014160636974073
3182;0.01413420358673
3183;0.0141141586437823
3184;0.0140527279521883
3185;0.0139553466755562
3186;0.0138601521361774
3187;0.013788100192804
3188;0.0137436159827038
3189;0.0137339460784218
3190;0.0137419728823709
3191;0.0137077067679363
3192;0.0135894447315488
3193;0.0134292688384214
3194;0.0133110075930201
3195;0.0132581670805532
3196;0.0132154444784693
3197;0.0131282773866008
3198;0.0130037353048653
3199;0.0128906868330294
3200;0.0128298673446414
3201;0.0128288086289907
3202;0.0128614426968592
3203;0.0128897667455561
3204;0.0128997690334254
3205;0.0129115662731223
3206;0.0129405118151047
3207;0.0129645818108752
3208;0.0129492538036837
3209;0.0128886845624434
3210;0.0127999956539224
3211;0.012690081707315
3212;0.0125512009614632
3213;0.0123819578292226
3214;0.0121954596448559
3215;0.0120149122815303
3216;0.0118704404259657
3217;0.0117823626847819
3218;0.0117363570005133
3219;0.011693795661905
3220;0.0116358136446357
3221;0.011574514970391
3222;0.0115110814035342
3223;0.0114223828323647
3224;0.0113080010144069
3225;0.0112089403311597
3226;0.0111503921025986
3227;0.0111027932525458
3228;0.0110323183191079
3229;0.0109534352336595
3230;0.0108946939327803
3231;0.0108454874693031
3232;0.0107799473498651
3233;0.010709166697578
3234;0.0106639877778461
3235;0.0106435331083659
3236;0.0106249096236211
3237;0.0106062855376676
3238;0.0106008151771515
3239;0.0106012950741721
3240;0.0105881819464335
3241;0.0105635993505417
3242;0.0105413695353944
3243;0.0105142198104167
3244;0.0104645651514488
3245;0.0103987365249894
3246;0.0103394807005306
3247;0.0102956282252791
3248;0.0102677090507632
3249;0.0102654882619699
3250;0.0102879074005482
3251;0.01030114904614
3252;0.0102689199777952
3253;0.0101940023973137
3254;0.0101031512547614
3255;0.010006532065765
3256;0.00990725767720924
3257;0.00983224828961493
3258;0.00981184659220014
3259;0.00983317289470653
3260;0.00984749121878336
3261;0.00982670387148721
3262;0.00978880675611693
3263;0.0097704983088831
3264;0.00979273688377758
3265;0.00984361887318985
3266;0.00987311123646184
3267;0.00982472743031892
3268;0.00969951883650699
3269;0.00957134255151892
3270;0.00951256254220678
3271;0.00951717700982613
3272;0.00952207434719266
3273;0.00948969337913819
3274;0.00944141908390317
3275;0.0094200725581246
3276;0.00945010555388381
3277;0.00952583879568869
3278;0.00960728060565663
3279;0.00963320801604728
3280;0.00957018950383737
3281;0.0094526201073486
3282;0.00935736454863534
3283;0.00933909362407626
3284;0.00939871599252284
3285;0.00949882040470729
3286;0.00958606114783289
3287;0.00961187385841944
3288;0.00955970741573964
3289;0.00945581002227014
3290;0.00934539999655981
3291;0.00926304958783097
3292;0.00922648678235993
3293;0.00923627634888624
3294;0.00926963302273598
3295;0.00929613469415158
3296;0.00931399913565656
3297;0.00934893155763561
3298;0.00940421230054866
3299;0.00944172266164212
3300;0.00943259864311141
3301;0.00939453720972816
3302;0.00935725504276519
3303;0.00932186818877678
3304;0.00928161869632782
3305;0.0092488741602379
3306;0.00922532218326921
3307;0.00917653081329961
3308;0.00908175812361422
3309;0.00898974363181448
3310;0.00897535774760994
3311;0.00904585697206062
3312;0.0091292649854946
3313;0.00915347974290826
3314;0.00911035646057256
3315;0.00904895343294942
3316;0.00902919729536511
3317;0.00907207899671714
3318;0.00913294483197169
3319;0.00913683800173204
3320;0.00906232099869775
3321;0.00897055168340999
3322;0.00892856150728805
3323;0.00892830111048926
3324;0.00891383417792824
3325;0.00886563421908959
3326;0.00881679648869294
3327;0.00879848993446597
3328;0.00880906286585215
3329;0.00882768468859685
3330;0.00882772319217784
3331;0.00878815801978883
3332;0.0087223777013492
3333;0.00868194999974925
3334;0.00869537315173452
3335;0.0087149530251327
3336;0.00866636124131714
3337;0.00854771517251818
3338;0.00843757545701829
3339;0.00840193489464891
3340;0.00843317983328396
3341;0.00848681151653086
3342;0.00853962117860041
3343;0.00859438917056266
3344;0.00865036038687106
3345;0.00868770148614217
3346;0.00867947340404163
3347;0.00861943254660336
3348;0.0085446064825434
3349;0.00851661173930718
3350;0.008565283570102
3351;0.00865565522634904
3352;0.00871993775671087
3353;0.00871707369914976
3354;0.0086553863406249
3355;0.00857766346495214
3356;0.00853586234679793
3357;0.00855551550948275
3358;0.00860519819429317
3359;0.00862252814115205
3360;0.00858805761380132
3361;0.00854953060977914
3362;0.00855215838729206
3363;0.00857267346752333
3364;0.00855484560841036
3365;0.00848562350015647
3366;0.0083984361159215
3367;0.0083213339269077
3368;0.00826566557334796
3369;0.00825401395141223
3370;0.00831077545576941
3371;0.00842045697686378
3372;0.00852929577098682
3373;0.0085945548001154
3374;0.0086083806310806
3375;0.00858059235382669
3376;0.00853061665184129
3377;0.00849645669484067
3378;0.00851577928808922
3379;0.00858557398752224
3380;0.00866022471549388
3381;0.00869924707854941
3382;0.00870398602655875
3383;0.00870208658631966
3384;0.00871091913119759
3385;0.00871975991223794
3386;0.00870427826925635
3387;0.00865496237949559
3388;0.00859200750578304
3389;0.00854749045517278
3390;0.00853424358684252
3391;0.0085409993338792
3392;0.00855195031482814
3393;0.00855343908226836
3394;0.00852395605105971
3395;0.00844570207280371
3396;0.00833547731329287
3397;0.00824130788963973
3398;0.00819292022264984
3399;0.00817430935190111
3400;0.00816036432457112
3401;0.00815819780424909
3402;0.00819215096306203
3403;0.0082626867818667
3404;0.00834066795496624
3405;0.00839012880799062
3406;0.00838897342971734
3407;0.00834223239401188
3408;0.00828685100480575
3409;0.0082669606945891
3410;0.00828872550322335
3411;0.00831279608647884
3412;0.0082979784413395
3413;0.00824246800564721
3414;0.00818111879939076
3415;0.00815698417566546
3416;0.0081940796830049
3417;0.00827456266646598
3418;0.0083386994591792
3419;0.0083329989161367
3420;0.00826791746456035
3421;0.00820512830341658
3422;0.00818394594508876
3423;0.00819203972609261
3424;0.00821193324150582
3425;0.00824332838892228
3426;0.00826161866841457
3427;0.00821247861920771
3428;0.008089768041464
3429;0.00798016744173635
3430;0.00797606254790906
3431;0.00806376463479186
3432;0.00814107253419571
3433;0.00813638660289362
3434;0.00807267163703474
3435;0.00801883267681469
3436;0.00802140555936903
3437;0.00807578400387876
3438;0.00813685000095332
3439;0.00814944837404252
3440;0.00809894944660283
3441;0.00803711197955592
3442;0.00803114221237178
3443;0.00808643786365182
3444;0.00814073728981146
3445;0.00813377206093691
3446;0.00806483522090828
3447;0.00799238565836791
3448;0.0079889203511534
3449;0.00807605365315966
3450;0.00818925184694152
3451;0.00822626126223502
3452;0.0081480119645092
3453;0.00802119240653343
3454;0.00794224592858606
3455;0.00793121236578398
3456;0.00793868451327251
3457;0.00793271305091392
3458;0.00793850257572792
3459;0.00798477169296508
3460;0.00805630512193356
3461;0.00811566875297953
3462;0.00813924143655598
3463;0.00812499396212241
3464;0.00808334430685686
3465;0.00802703248944403
3466;0.00796609703606444
3467;0.00791363050210947
3468;0.00789678961974327
3469;0.0079437130322153
3470;0.00804636227032618
3471;0.00815712523504919
3472;0.00823497922132743
3473;0.00828076562256674
3474;0.00831253775760454
3475;0.00832978885748048
3476;0.00832680062119895
3477;0.00831695589542036
3478;0.0083159877530723
3479;0.00832205644921524
3480;0.00833401763064923
3481;0.0083763052127499
3482;0.00847838646721355
3483;0.00863012502071014
3484;0.00878369448623917
3485;0.00889929138790757
3486;0.00897991984878766
3487;0.00906413822527763
3488;0.00918925011962734
3489;0.00934734270658311
3490;0.0094800129693553
3491;0.00953512045758065
3492;0.00951927919282181
3493;0.0094723895470501
3494;0.00940065476596885
3495;0.00927166729663309
3496;0.00908470038669074
3497;0.00889562101285768
3498;0.00874540396256318
3499;0.00861536767573812
3500;0.00848208741935252
3501;0.00836873815607198
3502;0.0083092440657837
3503;0.00829515635147993
3504;0.00829599637352363
3505;0.00830760264452879
3506;0.00833640286379933
3507;0.00836219728294019
3508;0.00836246396631113
3509;0.00835017216528722
3510;0.00835548625696281
3511;0.0083739444356985
3512;0.00836550234507705
3513;0.00830655686583492
3514;0.00822552723449821
3515;0.00817624395142302
3516;0.00818967259643055
3517;0.00824399739605619
3518;0.00827756803374391
3519;0.00824041731707759
3520;0.00815209464740807
3521;0.00808182803011803
3522;0.00806903942954506
3523;0.00808695705413731
3524;0.00808263624030214
3525;0.00803914393391669
3526;0.00798031075288397
3527;0.00794415164182438
3528;0.00795961835610148
3529;0.00802102681066486
3530;0.00808862478277139
3531;0.00812787700761519
3532;0.0081429579541652
3533;0.00815052880320444
3534;0.00814666345323922
3535;0.00812323657165814
3536;0.00811360374802095
3537;0.00815389270214872
3538;0.00821125951778723
3539;0.00820185878033874
3540;0.00810253426319796
3541;0.00799116735372562
3542;0.007947353652759
3543;0.00797025557813513
3544;0.00799874545258006
3545;0.00798396063959394
3546;0.00791501690275309
3547;0.00781778316353621
3548;0.00775488757391618
3549;0.0077749516024268
3550;0.00785346810212073
3551;0.00792248195926315
3552;0.0079467976026304
3553;0.00795101023097455
3554;0.0079596214395532
3555;0.00793990230986474
3556;0.0078538344907908
3557;0.00773622845537569
3558;0.00765645277900262
3559;0.00763418962314266
3560;0.00761987722714252
3561;0.00756619547471682
3562;0.00748461481899199
3563;0.00742048030707188
3564;0.00739984470863542
3565;0.00741644001264863
3566;0.00744022501905595
3567;0.00741667085591935
3568;0.00733822571447407
3569;0.00729202139881635
3570;0.00732171825262062
3571;0.00738190981306808
3572;0.00742333215899871
3573;0.00743757053615268
3574;0.00743281806475116
3575;0.00740888419276287
3576;0.007362939557781
3577;0.00731884979176112
3578;0.0072948302673872
3579;0.00727150623252548
3580;0.00724229990527458
3581;0.00723089066174598
3582;0.00725765737263084
3583;0.00730049201643634
3584;0.00733542688205557
3585;0.00737999862651328
3586;0.00747144406319311
3587;0.00758724588776993
3588;0.00761386441842871
3589;0.00751967391134878
3590;0.00739555433829664
3591;0.00728832256446266
3592;0.00719390886328974
3593;0.0071243805168788
3594;0.00710995731653452
3595;0.00715300735982005
3596;0.00722199205455398
3597;0.00727713981051692
3598;0.00730257933959488
3599;0.00727667896891182
3600;0.00722704905666194
3601;0.0072125905634608
3602;0.00722974608495952
3603;0.0072229567852593
3604;0.00717628070698884
3605;0.00712954035869173
3606;0.00712251853291534
3607;0.00713409796906839
3608;0.0070960357067047
3609;0.00701764822806594
3610;0.00699296255911697
3611;0.0070505023491465
3612;0.00712904687659011
3613;0.00717608396816893
3614;0.00719841844638602
3615;0.00722768835386667
3616;0.00726392011781596
3617;0.00727859794104568
3618;0.00725119942676966
3619;0.00716456877849403
3620;0.007053186334395
3621;0.00700431396478596
3622;0.00702324928039411
3623;0.00705021053808741
3624;0.00705475312342907
3625;0.00704042187705656
3626;0.00701972947242835
3627;0.007017707612331
3628;0.0070758730524354
3629;0.0071389955300698
3630;0.00709674048076225
3631;0.00702863975388324
3632;0.00698994602828828
3633;0.00698441435931874
3634;0.00701282034888573
3635;0.00703738070385107
3636;0.0070425916371335
3637;0.00705534713828215
3638;0.0071009613993589
3639;0.00715723495790965
3640;0.00720235729780816
3641;0.00723660933524939
3642;0.00724693459572179
3643;0.0072129086432311
3644;0.00714281201985756
3645;0.00709538914139207
3646;0.0071125636495859
3647;0.00720127557428385
3648;0.00731572897642052
3649;0.00738860520261975
3650;0.00739646221066703
3651;0.00736134167881386
3652;0.00731873492605106
3653;0.00724683830720818
3654;0.00712406592102632
3655;0.00699898642624586
3656;0.00694452260920175
3657;0.00696087487913522
3658;0.00700885984128385
3659;0.00703741557412019
3660;0.00704406756616227
3661;0.00704215213369075
3662;0.00703369682766741
3663;0.00700692963330174
3664;0.00696986359814678
3665;0.00696528046867773
3666;0.00699440526059836
3667;0.00702519542930835
3668;0.00703793753490078
3669;0.00705626352253619
3670;0.00706731396407334
3671;0.00701799148743332
3672;0.00694418077490688
3673;0.00684548111809402
3674;0.00672528136913408
3675;0.00665383780148865
3676;0.00658622230898698
3677;0.0065804727938672
3678;0.00667443240371379
3679;0.00677637289713018
3680;0.0068490635335936
3681;0.00687490373962563
3682;0.00688206708352079
3683;0.00690488617526652
3684;0.00693265272614618
3685;0.0069387000060328
3686;0.00690286307165522
3687;0.00685405054027988
3688;0.00684954088909229
3689;0.00692547307016933
3690;0.00705629559884069
3691;0.0071441240751533
3692;0.00713014891770492
3693;0.00707778995743413
3694;0.00703538139069693
3695;0.00697420885435007
3696;0.00689226432916823
3697;0.00686274550530652
3698;0.00693489823382576
3699;0.00704423336824833
3700;0.00710101274240271
3701;0.00707653846379319
3702;0.00701582563038428
3703;0.00699372827679823
3704;0.00701668984480319
3705;0.00704544316644395
3706;0.0070644392368282
3707;0.00706912134336313
3708;0.0070597884565966
3709;0.00706388805981417
3710;0.00713055565547482
3711;0.00723754321294967
3712;0.00725767374698338
3713;0.0071768834831416
3714;0.00708470818976204
3715;0.00700080866249442
3716;0.00692176970446701
3717;0.00686903151865459
3718;0.0068487096465335
3719;0.00681971836269479
3720;0.00676336109206876
3721;0.00673369217370512
3722;0.00674512792189863
3723;0.00677684341777352
3724;0.00680972312740802
3725;0.00686020766188244
3726;0.00698637064785634
3727;0.00714524741677303
3728;0.00723662835118466
3729;0.00722987683691456
3730;0.00717435205055872
3731;0.00712667263739153
3732;0.00709241241590686
3733;0.00707098060193578
3734;0.00705978634233229
3735;0.00704624383840091
3736;0.00702647296905301
3737;0.00701672190397851
3738;0.00705021655825688
3739;0.007097514802896
3740;0.0071436107697127
3741;0.00720273790064962
3742;0.00721336834543362
3743;0.00718684518362966
3744;0.00718181314319333
3745;0.00713408902537482
3746;0.0071396840085014
3747;0.00716191857151727
3748;0.00711101729453367
3749;0.00706397268045289
3750;0.00710219685492919
3751;0.00717101784285457
3752;0.0071701824554451
3753;0.00714219540325467
3754;0.00716690018171806
3755;0.00720670385683597
3756;0.00720394676061731
3757;0.00715709126153419
3758;0.0071047974722529
3759;0.00706506866657963
3760;0.00701664369760358
3761;0.00697831475979127
3762;0.00696381998142814
3763;0.0069721082684242
3764;0.00700855301286984
3765;0.00707400232727218
3766;0.00715878210863807
3767;0.00724152697976677
3768;0.00729851042701735
3769;0.0073155790546009
3770;0.00729251210929527
3771;0.00724066710339444
3772;0.00715947874946954
3773;0.00706663980963374
3774;0.00701153901647467
3775;0.00700961983753201
3776;0.00701539465388778
3777;0.00699138389658693
3778;0.00694727295430742
3779;0.00691300607301404
3780;0.00688934029076593
3781;0.00688659272832548
3782;0.00689936057146934
3783;0.00689086168875419
3784;0.00684827940878185
3785;0.00680356259044412
3786;0.00680174341593576
3787;0.00685153777835401
3788;0.00692019465495952
3789;0.00697648280392671
3790;0.00702845866696711
3791;0.00708365806193956
3792;0.00712697675869478
3793;0.00713718896266346
3794;0.00711126424976061
3795;0.00707967325820014
3796;0.00709502726329792
3797;0.00715287954196109
3798;0.00721188516527471
3799;0.0072194289733305
3800;0.00718262050655794
3801;0.00717770040885446
3802;0.00716513802402607
3803;0.00712231812630004
3804;0.0070588678702066
3805;0.00698043665762649
3806;0.00694313125649626
3807;0.00697355255388254
3808;0.00700566946231329
3809;0.00701879847783648
3810;0.00704529159238021
3811;0.00709614915216039
3812;0.00715802190147841
3813;0.00720092358446589
3814;0.00721460491551884
3815;0.0072343279548468
3816;0.0072411526675944
3817;0.00718228492933237
3818;0.00711378731755086
3819;0.00701916908679578
3820;0.00689712543397958
3821;0.00681097640057304
3822;0.00676375456589628
3823;0.00678025504416602
3824;0.00678451302173078
3825;0.00675017096592634
3826;0.00677188480626012
3827;0.00690245895804753
3828;0.00705359117999915
3829;0.00715941262622777
3830;0.00722578097773696
3831;0.00725037995194855
3832;0.00721651399447642
3833;0.00714087589508106
3834;0.0070847013824098
3835;0.00707706146288856
3836;0.00705994337857852
3837;0.00696827780344611
3838;0.00685556734810211
3839;0.00682529612757854
3840;0.00686731154743736
3841;0.0069095515717259
3842;0.00692357402279886
3843;0.00694968434025744
3844;0.00696347824536647
3845;0.00695539020128
3846;0.00698992115712427
3847;0.00705200816077434
3848;0.0070642170967008
3849;0.0070061326825539
3850;0.0068909127757022
3851;0.00674570884754355
3852;0.00664578617582512
3853;0.00664548567458789
3854;0.00660683632103054
3855;0.00660560511033181
3856;0.00671211508640312
3857;0.00684043890799635
3858;0.00695083595749457
3859;0.00703424795212238
3860;0.00703336992663406
3861;0.006940776717409
3862;0.00680901305699932
3863;0.00674463082850751
3864;0.00676192619702265
3865;0.00680071215549804
3866;0.00681567657129256
3867;0.0067669016087144
3868;0.00667230523366347
3869;0.00663801460130831
3870;0.00668461274360399
3871;0.00673395705657698
3872;0.00675462483063938
3873;0.00674698680566399
3874;0.00675259178493337
3875;0.006783563862931
3876;0.00682525192201999
3877;0.00684938199697172
3878;0.00681866755444016
3879;0.00676320377978423
3880;0.00675546326691223
3881;0.00679925708608442
3882;0.00685488230580833
3883;0.00689867660284138
3884;0.00694274655548344
3885;0.00703474956595107
3886;0.00713432010956727
3887;0.00718705216670679
3888;0.00721604512640672
3889;0.00721355007605129
3890;0.00717285342139862
3891;0.00710197536340496
3892;0.00699506836769537
3893;0.00691562517240984
3894;0.00690002246752886
3895;0.00692275482712579
3896;0.00694048445926909
3897;0.00695280649723462
3898;0.00698469024293491
3899;0.00703426244038274
3900;0.00706582767025599
3901;0.00703494578669806
3902;0.00695912339118365
3903;0.00689942052555192
3904;0.00688515682651891
3905;0.00689074247674792
3906;0.00687234946015702
3907;0.00682838319157475
3908;0.00682391244748093
3909;0.00691751162802379
3910;0.0070899590399327
3911;0.00726653768578322
3912;0.0073654615134795
3913;0.00738779473991835
3914;0.00736879173959726
3915;0.00733710390598019
3916;0.00731374919091521
3917;0.00729361230606918
3918;0.00725765664923994
3919;0.00718878189067551
3920;0.00708473521267172
3921;0.00696003636735765
3922;0.00684384039311436
3923;0.00679170023204567
3924;0.00685643056645913
3925;0.00701131176276082
3926;0.00714860046629973
3927;0.00718761317803063
3928;0.00714218253861643
3929;0.00707049391205361
3930;0.00700475896189867
3931;0.00695560966769904
3932;0.0069208843744788
3933;0.00689130892117506
3934;0.00686905713845509
3935;0.00685145621898764
3936;0.00683755270543029
3937;0.00683275466107225
3938;0.0068330479611487
3939;0.00682025639917816
3940;0.00677454827560409
3941;0.00671631714141752
3942;0.00668783512660998
3943;0.00669721568092996
3944;0.0067106120597189
3945;0.00670301425402675
3946;0.00669545730194954
3947;0.00672068476610077
3948;0.0067706308713078
3949;0.00679952306706633
3950;0.00678347703618365
3951;0.00674633505003097
3952;0.00671752995763164
3953;0.00670217188838218
3954;0.00669922675684176
3955;0.00671634011290134
3956;0.00676992001372656
3957;0.00685871184594222
3958;0.00694446852389374
3959;0.00698567455371024
3960;0.00698154140264573
3961;0.00697687874285014
3962;0.00699861816850289
3963;0.00701751850337606
3964;0.00699551987204239
3965;0.00693902675646108
3966;0.00688930226972628
3967;0.00686975416461832
3968;0.00686259474110496
3969;0.00683967723482293
3970;0.00680128723919027
3971;0.00677149895449958
3972;0.00675909227721094
3973;0.00674680921885273
3974;0.00671794035731388
3975;0.00668740886661356
3976;0.00669110903476611
3977;0.00673640841196543
3978;0.00678626683936678
3979;0.00680113659100345
3980;0.00678250697804694
3981;0.00675992286938443
3982;0.00675186408727191
3983;0.00676014686495252
3984;0.00678455437677217
3985;0.00681388950660011
3986;0.00681291924884842
3987;0.00675229955168244
3988;0.00665804125337255
3989;0.00660063385000553
3990;0.00662015701734764
3991;0.00668649051025261
3992;0.00674767015542099
3993;0.00678783666763438
3994;0.00681416653023859
3995;0.00682028480333186
3996;0.00682371554259831
3997;0.00677645100623003
3998;0.00675551948979769
3999;0.00674480627234475
4000;0.00673413133647926
