#Datum: 21.01.2016 16:19:43
#Quelle: atr_PVC

#Daten:
#cm-1 %T
515 93.4954593939084
516 95.6261955192963
517 95.4184160708525
518 91.8712947546584
519 88.3564443633875
520 85.513549704654
521 84.530993330599
522 84.9822787210262
523 86.326585091356
524 87.4646011850062
525 87.914905947532
526 87.848685002
527 87.8224084097747
528 88.1341177653925
529 88.6247044165054
530 88.9510186181554
531 88.9865091908097
532 88.9291011733709
533 89.0640703243031
534 89.4770071658161
535 89.9804161567212
536 90.2566271042488
537 90.080502784132
538 89.4782203387448
539 88.7185511835658
540 88.1357792574287
541 87.9089040208026
542 87.9622819676656
543 88.0664583944704
544 88.055383195306
545 87.960705374273
546 87.9390921047105
547 88.0874806678238
548 88.3430923623697
549 88.5457806879293
550 88.5724215697766
551 88.4164027137875
552 88.1767451922609
553 87.9986068904773
554 87.9968404873386
555 88.1769037161308
556 88.401041302414
557 88.4603214832368
558 88.2312338426201
559 87.7859839115846
560 87.3403846485629
561 87.0819986120732
562 87.0398160138452
563 87.1016177102515
564 87.1377268820481
565 87.1018513972028
566 87.025828170618
567 86.9462015321169
568 86.8588619947212
569 86.741565745467
570 86.5984204578807
571 86.4655779750249
572 86.3763065386027
573 86.3352751690157
574 86.3337839446141
575 86.3793068673509
576 86.4895389983499
577 86.6463450348758
578 86.7661698566516
579 86.7365042880059
580 86.4954250276695
581 86.0818395297408
582 85.6111759475336
583 85.2019998752556
584 84.9173055575016
585 84.7545234700573
586 84.6693067202238
587 84.6027394017801
588 84.4965092722985
589 84.2990729733668
590 83.9721404228627
591 83.4985778730912
592 82.8811421173604
593 82.1243375811156
594 81.2121434105528
595 80.1074565772046
596 78.7803405653966
597 77.2413340776366
598 75.5514822074061
599 73.8051303810015
600 72.1035886142554
601 70.5366594790546
602 69.1739814479278
603 68.0595458633649
604 67.2071652537393
605 66.6014507886752
606 66.2077746533428
607 65.9865807087568
608 65.9027360660433
609 65.9270599087935
610 66.036168050995
611 66.2141464362262
612 66.4495043913245
613 66.7240279256773
614 67.0083769154676
615 67.2815878674753
616 67.5608511474658
617 67.900040792137
618 68.3393007079366
619 68.8542518918754
620 69.369968817857
621 69.8247905484026
622 70.2070515190195
623 70.5326210755074
624 70.8036957084322
625 70.999045558311
626 71.0990722790412
627 71.1087068527321
628 71.0505721962168
629 70.9385376307593
630 70.7609080800569
631 70.4901463067622
632 70.1139263865756
633 69.668384522183
634 69.2508742296142
635 68.9970692079718
636 69.0280684284658
637 69.3977355173786
638 70.0759874380527
639 70.9782118552042
640 72.0131234385446
641 73.1092078906922
642 74.2087958263271
643 75.2550207424228
644 76.1974613139163
645 77.0118692533089
646 77.7105993502092
647 78.3329920940334
648 78.9258611340622
649 79.5292313826097
650 80.1739578615058
651 80.887075227021
652 81.6933439024692
653 82.6039815842391
654 83.6000432119065
655 84.6313839396423
656 85.6372636184711
657 86.5660049599619
658 87.3763242287413
659 88.0337565974709
660 88.5168913159094
661 88.8245058786748
662 88.9759226335866
663 89.0058252246241
664 88.9545085697952
665 88.8476534506854
666 88.6724480687785
667 88.3643250684161
668 87.8596147684855
669 87.2488859598398
670 86.7054594678221
671 86.2507310369973
672 85.8178236114693
673 85.3789132770696
674 84.9465134389241
675 84.5471281760258
676 84.1911629130089
677 83.8729405137171
678 83.5859244970589
679 83.3297804906916
680 83.1028887761478
681 82.8972334260278
682 82.7018878047167
683 82.5068749785805
684 82.3026922283819
685 82.0798813272511
686 81.8316155918126
687 81.5567533803981
688 81.2614450592828
689 80.9600465116279
690 80.6747634377694
691 80.4316260233206
692 80.2532388754076
693 80.1524682507236
694 80.1301800987784
695 80.1767285436612
696 80.2749637331259
697 80.4022618328142
698 80.5306179056498
699 80.6282226957942
700 80.6690788636833
701 80.6515331445637
702 80.6146240943784
703 80.6365641393128
704 80.8104780282796
705 81.2100381539006
706 81.864619734878
707 82.7541948989657
708 83.8198581565972
709 84.9799115704104
710 86.1462236474845
711 87.2413632659391
712 88.2140720304813
713 89.0445793530436
714 89.7354469146061
715 90.2965037115382
716 90.7369566682396
717 91.0668974147887
718 91.2992104881153
719 91.4459525742415
720 91.5135332239506
721 91.5033278809132
722 91.4160188921528
723 91.2511692305024
724 90.9985738684106
725 90.6279210515756
726 90.0881851448102
727 89.3259513512454
728 88.3212672379362
729 87.1241213356616
730 85.8656317826711
731 84.7250686750092
732 83.8591136742604
733 83.329680733393
734 83.0737963777473
735 82.9344248316357
736 82.7352256269422
737 82.3585923532691
738 81.7879949307095
739 81.1011309452627
740 80.4290921670568
741 79.9078301694272
742 79.6410959084609
743 79.6819213250449
744 80.0317904428762
745 80.6525978716948
746 81.4841170110812
747 82.4601493468014
748 83.5200949122904
749 84.6154476634974
750 85.7104718509032
751 86.776967202465
752 87.787655693853
753 88.7157067237692
754 89.5421190511532
755 90.2626681802463
756 90.8850280719468
757 91.4179433111422
758 91.8641457642524
759 92.2238100718161
760 92.5022585159331
761 92.7117335046351
762 92.8662219118138
763 92.9768560346992
764 93.0525390393981
765 93.1023114575069
766 93.134702176215
767 93.1551457048323
768 93.1658183211337
769 93.1688446243372
770 93.1694621198118
771 93.1760567937434
772 93.1973723922193
773 93.2391012495197
774 93.301601606593
775 93.3794957621728
776 93.4631431845225
777 93.5412752240378
778 93.6039707286482
779 93.6456885905142
780 93.6677547076038
781 93.6782789724043
782 93.6878634093156
783 93.7033657908842
784 93.7253535309715
785 93.7520032004215
786 93.7848308469386
787 93.8288983482857
788 93.8866195892487
789 93.9526124006204
790 94.0165961361959
791 94.0721472139703
792 94.1222698018149
793 94.1764905435735
794 94.2434852281858
795 94.3270326126976
796 94.4282916110276
797 94.5505603458703
798 94.7008425245177
799 94.8862079862025
800 95.1077453347626
801 95.3569678496799
802 95.617702867608
803 95.872110046244
804 96.1060290140522
805 96.3099273533295
806 96.4766618284584
807 96.6004882003691
808 96.6792194737962
809 96.7164664198373
810 96.7201754127339
811 96.6982493067556
812 96.6557428282612
813 96.5960734329184
814 96.523640846562
815 96.4436581825802
816 96.3585871112782
817 96.2648786384176
818 96.1539104850986
819 96.0168602488145
820 95.8490713742059
821 95.6497879526248
822 95.4181185333831
823 95.1505935165686
824 94.844215290496
825 94.5025734464027
826 94.138898643052
827 93.7734460697141
828 93.4284674871689
829 93.1245799461336
830 92.8781122776086
831 92.6975324443135
832 92.5808245557118
833 92.5179325618086
834 92.4978705443521
835 92.5141587324683
836 92.5635422609308
837 92.6405183005686
838 92.7343927893928
839 92.8316874126194
840 92.9207902600432
841 92.9949451055158
842 93.0527891552811
843 93.0973214429712
844 93.1337378680216
845 93.1669504112713
846 93.2005456932045
847 93.2375832526092
848 93.280957167556
849 93.3314278372889
850 93.3851690279996
851 93.4344045381542
852 93.4714898011908
853 93.4928893811541
854 93.5000290512869
855 93.4975094981323
856 93.4907566943212
857 93.4840995786095
858 93.4796047453334
859 93.4774286314233
860 93.4775467981936
861 93.480608435836
862 93.4860798687058
863 93.4896809505323
864 93.4842760531476
865 93.4646760212757
866 93.4312076946248
867 93.3871572491765
868 93.3321076300936
869 93.2588150024757
870 93.1586175423751
871 93.0318683129608
872 92.8943001685331
873 92.7730053877726
874 92.6940938262199
875 92.6706426703846
876 92.6989875609201
877 92.7645758857735
878 92.8513722308231
879 92.9472575863669
880 93.0429937283265
881 93.1288205245979
882 93.1942456322465
883 93.2321882821882
884 93.2434441474236
885 93.2367935111245
886 93.2242232484791
887 93.2150767832599
888 93.213231893932
889 93.2180287886024
890 93.2266074013864
891 93.2354389966892
892 93.2410285153872
893 93.2408241791004
894 93.2342303138966
895 93.2224824469045
896 93.2071109695105
897 93.1886137267506
898 93.1669120386398
899 93.1428082233561
900 93.1179835001031
901 93.0925970524306
902 93.0627965065377
903 93.0214042034931
904 92.9620281509392
905 92.8829270450209
906 92.7867322946963
907 92.6762758788472
908 92.5509722820693
909 92.4077781286608
910 92.245904158607
911 92.0702911919201
912 91.8898908306983
913 91.7119589508612
914 91.5375662717164
915 91.3625494971457
916 91.1832988024982
917 91.0024884424375
918 90.8296946802998
919 90.6758977510083
920 90.5459477921829
921 90.4350869607629
922 90.3325482834775
923 90.2292474458036
924 90.1229360676769
925 90.0166333331851
926 89.9125831738426
927 89.8079428924519
928 89.6959429265722
929 89.570417865238
930 89.4288517946522
931 89.2717445081003
932 89.1001860524316
933 88.9143593898742
934 88.7135836485083
935 88.4969601418349
936 88.2638998649969
937 88.014085646191
938 87.7462064411546
939 87.4557749491496
940 87.1345113147917
941 86.7738474830734
942 86.3712016849291
943 85.9336063578014
944 85.4745615255528
945 85.0060936088009
946 84.5322935402106
947 84.0488317781621
948 83.5480260434962
949 83.0259716602462
950 82.4880203517408
951 81.9498317133558
952 81.4330986411111
953 80.9583065041985
954 80.5393774398824
955 80.1835369135141
956 79.8949575534494
957 79.6776454137069
958 79.5348365817918
959 79.4663387017045
960 79.467069460628
961 79.5283624900398
962 79.6410406172577
963 79.7981363251694
964 79.9956591137223
965 80.2313070917083
966 80.5026684147682
967 80.8069094007397
968 81.1423394996305
969 81.5099070845656
970 81.9122855993026
971 82.3505355842809
972 82.8209596192685
973 83.3148252608057
974 83.8210815246498
975 84.3297046769626
976 84.8332936272762
977 85.3267042276304
978 85.8063434464938
979 86.2702434004573
980 86.7180522597938
981 87.1495136618098
982 87.5621251058163
983 87.9508548253574
984 88.3114094699489
985 88.6442542589355
986 88.9546612145896
987 89.247820148298
988 89.5237203123653
989 89.7773101705386
990 90.0040522151407
991 90.2053782571899
992 90.3888203403304
993 90.563062523055
994 90.732798197906
995 90.8977460181438
996 91.0558477522484
997 91.2070378541072
998 91.3539454552847
999 91.4989421881573
1000 91.6403808267524
1001 91.7718649741059
1002 91.8858505257734
1003 91.9786987475564
1004 92.0524941216209
1005 92.1118738752733
1006 92.1592201743199
1007 92.1933061195618
1008 92.2126354185353
1009 92.2194097867847
1010 92.2190971705916
1011 92.2145832178731
1012 92.198377359833
1013 92.1481704212665
1014 92.0310462404262
1015 91.8198352901522
1016 91.5181467993222
1017 91.1791061939931
1018 90.8978427263857
1019 90.7713483228188
1020 90.8462677896951
1021 91.0910898665485
1022 91.4147338606427
1023 91.717940664149
1024 91.9392947107582
1025 92.0669363772909
1026 92.1188827203725
1027 92.1169579287819
1028 92.0740736383159
1029 91.994769066161
1030 91.8778856519928
1031 91.7153952654946
1032 91.4914462346796
1033 91.1879002614508
1034 90.7963379011775
1035 90.3299528571622
1036 89.8282595522051
1037 89.3520989805791
1038 88.9710030518748
1039 88.7465972376598
1040 88.7158801321949
1041 88.8793044148733
1042 89.1994610370625
1043 89.6130668936152
1044 90.0515044348674
1045 90.4592521053241
1046 90.8016391807413
1047 91.0621804462563
1048 91.2365508625274
1049 91.3288693981743
1050 91.3498962769715
1051 91.3139292901768
1052 91.2338512374526
1053 91.1171396325784
1054 90.9654121674544
1055 90.777166537328
1056 90.5509338962831
1057 90.2857591880632
1058 89.9780197624434
1059 89.6172737307359
1060 89.1860313888874
1061 88.6655932978104
1062 88.0438744321413
1063 87.3184603428846
1064 86.4932786475361
1065 85.5746896256888
1066 84.5731069483161
1067 83.5088364248207
1068 82.415282181658
1069 81.3360808727206
1070 80.3200670991108
1071 79.4193100641525
1072 78.689234430377
1073 78.1846771032098
1074 77.9488904774137
1075 78.0007913239434
1076 78.3295828853145
1077 78.9004042392725
1078 79.665414039519
1079 80.571480813226
1080 81.5616523429672
1081 82.575495721936
1082 83.5541552975501
1083 84.4495030031911
1084 85.2313393092682
1085 85.8881624025461
1086 86.4226167498559
1087 86.8456550800304
1088 87.1717246206003
1089 87.4147203748945
1090 87.5845344134369
1091 87.6856370907999
1092 87.7188566363495
1093 87.6848092473308
1094 87.5855554832966
1095 87.4229578202554
1096 87.1963594446924
1097 86.9039138790681
1098 86.5488930874061
1099 86.1475019024564
1100 85.7328480791342
1101 85.3517156797506
1102 85.0543415703653
1103 84.8794145733624
1104 84.8393606301401
1105 84.9106836747045
1106 85.0349788777443
1107 85.1316680226067
1108 85.1180210167993
1109 84.9283561309777
1110 84.5251935040334
1111 83.8999562788154
1112 83.0662765204742
1113 82.0519546195868
1114 80.8948622020062
1115 79.6435299975832
1116 78.3589502863579
1117 77.1126281491355
1118 75.9789977968756
1119 75.0243560377736
1120 74.2961716464198
1121 73.8159612521248
1122 73.5778068949083
1123 73.5534256720988
1124 73.7023528555899
1125 73.9829666297501
1126 74.3595481601075
1127 74.8036131928792
1128 75.2918404711969
1129 75.8043958527152
1130 76.3254229887178
1131 76.8444914277572
1132 77.356847185609
1133 77.861989519466
1134 78.3622696991201
1135 78.8633696935634
1136 79.3763403365932
1137 79.9185824679671
1138 80.5112686836924
1139 81.1733322304309
1140 81.9148819658893
1141 82.7334160889591
1142 83.6144171984996
1143 84.5354493126922
1144 85.4713514068748
1145 86.3981929873102
1146 87.2950211780612
1147 88.1439968950936
1148 88.9301306017297
1149 89.6413637821315
1150 90.2690827787791
1151 90.8089908436862
1152 91.2621503843508
1153 91.635279651024
1154 91.9388321464213
1155 92.1826078518628
1156 92.3712739225299
1157 92.5033117810007
1158 92.5745683624023
1159 92.5839398459596
1160 92.537749690747
1161 92.4515944713821
1162 92.3500419719759
1163 92.2634592268336
1164 92.2204648567002
1165 92.2377046161732
1166 92.3132299605986
1167 92.4292240416534
1168 92.5627397473275
1169 92.6964854524266
1170 92.8227358398992
1171 92.9405473287534
1172 93.051430129833
1173 93.1569317240404
1174 93.2572701590451
1175 93.3493917529257
1176 93.4256626448394
1177 93.4757127486767
1178 93.491189446798
1179 93.4697818436166
1180 93.4151623906893
1181 93.333131536745
1182 93.2273665143522
1183 93.0978679551993
1184 92.9424787637405
1185 92.7597208397283
1186 92.5511721998393
1187 92.3225185935187
1188 92.0828048929884
1189 91.8418041141416
1190 91.6068033414072
1191 91.3813833769851
1192 91.1675528003837
1193 90.9691154708944
1194 90.7922878879292
1195 90.6423719337896
1196 90.5200887045119
1197 90.4220890938258
1198 90.3455253844487
1199 90.2917492664578
1200 90.2650916304606
1201 90.2681440267974
1202 90.298382422312
1203 90.3488060226788
1204 90.4110691473469
1205 90.4781334081616
1206 90.5450406227186
1207 90.6082769595085
1208 90.6648441738399
1209 90.7121016789388
1210 90.7488735012616
1211 90.7768815681623
1212 90.8003575221109
1213 90.8227620946707
1214 90.8425080865556
1215 90.850977300162
1216 90.8338266014612
1217 90.773266411226
1218 90.6488257741384
1219 90.4370158646632
1220 90.1124089109041
1221 89.6513992276966
1222 89.0374099433023
1223 88.2657526656247
1224 87.347735773075
1225 86.3140400953872
1226 85.2152443810414
1227 84.1155299763271
1228 83.0778679500203
1229 82.1451103077892
1230 81.3262911987459
1231 80.5960242873458
1232 79.9074656452219
1233 79.2115087267869
1234 78.4725790020841
1235 77.6754282276582
1236 76.8232601875864
1237 75.9309701752746
1238 75.0175573052964
1239 74.100481958937
1240 73.1933923186237
1241 72.3068312453579
1242 71.4495937570535
1243 70.628270288966
1244 69.8450372021779
1245 69.0965316302151
1246 68.3758888788939
1247 67.6758339577458
1248 66.98855854105
1249 66.3023899801457
1250 65.602346925026
1251 64.8819459578614
1252 64.1626578650516
1253 63.5044561131864
1254 62.9909775737523
1255 62.6911614487397
1256 62.6213908284239
1257 62.7353009326257
1258 62.9472917007266
1259 63.1706807533622
1260 63.3452677290377
1261 63.4430655931447
1262 63.4585288758406
1263 63.3966476121863
1264 63.2672498426683
1265 63.0849280874607
1266 62.869527237203
1267 62.6440518555366
1268 62.4308622739018
1269 62.2488641392342
1270 62.1129795276085
1271 62.034898960083
1272 62.0235551793532
1273 62.0848166451898
1274 62.2207693429992
1275 62.4289704705838
1276 62.7018109076975
1277 63.026380546366
1278 63.385436064604
1279 63.7595126372903
1280 64.1294984754797
1281 64.4790180728872
1282 64.7964761057484
1283 65.0767315623172
1284 65.3220623704997
1285 65.5424564059315
1286 65.7559475145261
1287 65.9892549921798
1288 66.2771244383478
1289 66.6580876382574
1290 67.1665750570813
1291 67.8244777695642
1292 68.6361737794122
1293 69.588804371808
1294 70.6565998451028
1295 71.8065515076633
1296 73.0032913679345
1297 74.2128601765247
1298 75.4061795102157
1299 76.5623199140496
1300 77.670255575361
1301 78.7277256736114
1302 79.7373546009339
1303 80.7019555908162
1304 81.6212513299096
1305 82.4911833388963
1306 83.3052082893243
1307 84.0560826990751
1308 84.7373196283445
1309 85.3443422346511
1310 85.8752936975506
1311 86.3307940513868
1312 86.7127979837239
1313 87.0234975872724
1314 87.2653345716969
1315 87.441833153092
1316 87.5581165286847
1317 87.620744159916
1318 87.637448641185
1319 87.6169866681386
1320 87.5684882281209
1321 87.5003247969789
1322 87.4193618788377
1323 87.3311438850192
1324 87.2405278355887
1325 87.1521283123763
1326 87.0702876629128
1327 86.9987771787582
1328 86.9403952581651
1329 86.8966274268185
1330 86.8678612581108
1331 86.8547993332299
1332 86.8619005998271
1333 86.9015122930016
1334 86.9959430418074
1335 87.1750178797255
1336 87.4691740455782
1337 87.8997522438482
1338 88.4671971589175
1339 89.139748671105
1340 89.8530674489092
1341 90.5316878481625
1342 91.120867103573
1343 91.6003203924867
1344 91.9724175160787
1345 92.2447554639195
1346 92.4233209366706
1347 92.5150821417052
1348 92.531826101953
1349 92.4909905495306
1350 92.4142309353611
1351 92.3248532078212
1352 92.2439080378312
1353 92.1859705036725
1354 92.157134760218
1355 92.1559754573726
1356 92.176702680137
1357 92.2116496911356
1358 92.2520891864903
1359 92.2882999203032
1360 92.3098993247996
1361 92.307903205942
1362 92.2792280203252
1363 92.2316601173515
1364 92.184514982185
1365 92.1623521259504
1366 92.1841466649105
1367 92.2523466853434
1368 92.3460871654523
1369 92.4242081578886
1370 92.4410028179506
1371 92.3642482653546
1372 92.1799664091044
1373 91.8880489296896
1374 91.5037000824739
1375 91.0620330066246
1376 90.6121256192498
1377 90.201924671291
1378 89.8686878873679
1379 89.6376548057483
1380 89.5219127885099
1381 89.5211166942845
1382 89.6229583076908
1383 89.8109915758903
1384 90.074739158624
1385 90.4138328899406
1386 90.8305033555602
1387 91.3129290538747
1388 91.8247086259684
1389 92.3197788468551
1390 92.772744401143
1391 93.1898419504977
1392 93.5943116384636
1393 94.0067570968402
1394 94.4297478659536
1395 94.841417029601
1396 95.2090417333853
1397 95.5135122330932
1398 95.7560049003021
1399 95.9429060213056
1400 96.0743553628608
1401 96.1485594349881
1402 96.1685834291852
1403 96.1385544797976
1404 96.0565947440594
1405 95.917907065851
1406 95.7252432089245
1407 95.4930682002802
1408 95.2395963935219
1409 94.9772504934469
1410 94.7109155781808
1411 94.440333836372
1412 94.1619199129177
1413 93.8714823149759
1414 93.5693188623657
1415 93.2598639285048
1416 92.937546843337
1417 92.5688815253477
1418 92.0932763617944
1419 91.4607032209418
1420 90.6726387286509
1421 89.7540501441639
1422 88.700959745002
1423 87.5157926889421
1424 86.3093958716833
1425 85.3305238536238
1426 84.8305667943725
1427 84.8854540059505
1428 85.3598416137017
1429 85.9951526717466
1430 86.5237415189538
1431 86.7841861705713
1432 86.7858788839337
1433 86.6592692977012
1434 86.5633449038307
1435 86.6448861809782
1436 87.0175041315041
1437 87.687161734277
1438 88.5102144402616
1439 89.3164021027769
1440 90.0329189753326
1441 90.6506180605296
1442 91.1511052596328
1443 91.4978780589171
1444 91.6724644124114
1445 91.6974315553063
1446 91.6223504658614
1447 91.5018607377714
1448 91.3817426704977
1449 91.2843650304883
1450 91.2007961482411
1451 91.103336438358
1452 90.9698358166836
1453 90.7966812527705
1454 90.5905357848892
1455 90.3521557696318
1456 90.0711642384209
1457 89.7480730856863
1458 89.4191833637903
1459 89.1257442673255
1460 88.8806239262849
1461 88.6825313578793
1462 88.5308996577708
1463 88.4357927756828
1464 88.4235117368692
1465 88.5292506644189
1466 88.7750620372701
1467 89.151745876459
1468 89.6298159543625
1469 90.1846888232408
1470 90.8115583083928
1471 91.519271854129
1472 92.2988967089295
1473 93.089699694618
1474 93.808067694593
1475 94.4202732203646
1476 94.9482494912478
1477 95.4148814174161
1478 95.8192234900374
1479 96.152775581591
1480 96.4158078232369
1481 96.6128842009864
1482 96.7430901650888
1483 96.8037082669507
1484 96.8015044037332
1485 96.7559628481916
1486 96.6934610368354
1487 96.6444205544125
1488 96.6437574866892
1489 96.7243525934124
1490 96.8929446398446
1491 97.1125480456106
1492 97.3313195349184
1493 97.5241989415641
1494 97.6939021919118
1495 97.8490241916197
1496 97.991107575534
1497 98.1135634348744
1498 98.2082139738643
1499 98.2724608015114
1500 98.3103370120194
1501 98.3270769194294
1502 98.3265484136933
1503 98.3140248575417
1504 98.2993304055551
1505 98.2996507146784
1506 98.3382645990792
1507 98.4258885112432
1508 98.528713718124
1509 98.5950871980459
1510 98.6212744955827
1511 98.6336338697488
1512 98.6450159900941
1513 98.6573033416646
1514 98.670261331026
1515 98.6839655920592
1516 98.6962278594728
1517 98.7025153718738
1518 98.7001938311389
1519 98.6939837455529
1520 98.6944059348426
1521 98.7072594388438
1522 98.7255321099655
1523 98.7358603184667
1524 98.7348467212247
1525 98.7321669002737
1526 98.7350299352461
1527 98.7401060674234
1528 98.7390345224808
1529 98.727335456928
1530 98.7085528335441
1531 98.6892243001607
1532 98.6744139177121
1533 98.6674370937106
1534 98.6669436358438
1535 98.665969118505
1536 98.6609422655854
1537 98.6548869498738
1538 98.6507657083029
1539 98.6484853699456
1540 98.6471153468719
1541 98.6427001098478
1542 98.6271756104494
1543 98.6050413128859
1544 98.5894057600871
1545 98.5801911281289
1546 98.5690853114245
1547 98.5522445472634
1548 98.5318071994013
1549 98.5110144285382
1550 98.4904948386496
1551 98.4677187998808
1552 98.4394630120348
1553 98.4063236165495
1554 98.3732621580835
1555 98.3460569711016
1556 98.3278356843968
1557 98.318730232209
1558 98.3144343922184
1559 98.300886804714
1560 98.2591808961618
1561 98.1920536579832
1562 98.1337951424359
1563 98.101455111761
1564 98.0826177091082
1565 98.0694647227829
1566 98.061479735493
1567 98.0606538969835
1568 98.0662659918526
1569 98.071749221423
1570 98.0646915741608
1571 98.0344873599212
1572 97.9799148116995
1573 97.9005082903248
1574 97.779279025922
1575 97.5826480368567
1576 97.2957404103187
1577 96.967665719065
1578 96.6859344576944
1579 96.5073798294586
1580 96.4493281616394
1581 96.5135971085727
1582 96.6908102603129
1583 96.9513455452327
1584 97.2462852560116
1585 97.5259013326716
1586 97.7564796978903
1587 97.9247795027103
1588 98.0334902747104
1589 98.0935174208266
1590 98.1156662717947
1591 98.1054051765552
1592 98.0621899487064
1593 97.9811554261166
1594 97.8569197893382
1595 97.6885838325032
1596 97.4845586656592
1597 97.2644346501224
1598 97.0570179866596
1599 96.8957014614369
1600 96.8120853902744
1601 96.8275328883085
1602 96.9443020416916
1603 97.1418126189264
1604 97.3833300906941
1605 97.630798323572
1606 97.8568836628141
1607 98.0475354355891
1608 98.1979406991266
1609 98.3084775226235
1610 98.3840756649778
1611 98.433631328578
1612 98.4677030780364
1613 98.4952647409413
1614 98.5214722664533
1615 98.5473704361628
1616 98.5704475169566
1617 98.587141708621
1618 98.596439198082
1619 98.6023686170075
1620 98.6109809408804
1621 98.6230542208415
1622 98.6326178599576
1623 98.6323792112456
1624 98.6190993983977
1625 98.5955076527839
1626 98.5675914765766
1627 98.5385991024115
1628 98.5064843177317
1629 98.4684498739104
1630 98.425251956737
1631 98.3800892692219
1632 98.3342540147609
1633 98.2842497261546
1634 98.2242617111217
1635 98.1544306524809
1636 98.090685662078
1637 98.053633795729
1638 98.0478355028924
1639 98.0688431394017
1640 98.110684283475
1641 98.1630279003388
1642 98.2151249828663
1643 98.2609593163872
1644 98.3028471810405
1645 98.3494366215589
1646 98.4089651654047
1647 98.4773159091793
1648 98.5340879938298
1649 98.5623162901064
1650 98.5673432479788
1651 98.5646364060718
1652 98.5602330762733
1653 98.5548753461345
1654 98.5540093285763
1655 98.5558421002051
1656 98.5590072611538
1657 98.5702550017455
1658 98.5834963501331
1659 98.5878101045766
1660 98.5784686224436
1661 98.5565934488561
1662 98.5271083531873
1663 98.4942219065424
1664 98.4595479875557
1665 98.4238801175492
1666 98.3887273651093
1667 98.3522115515632
1668 98.3084457656696
1669 98.2531436885571
1670 98.1892139527961
1671 98.1243523511586
1672 98.0642595615684
1673 98.0106798041848
1674 97.959173835531
1675 97.9014807742823
1676 97.8349978571518
1677 97.7654311585846
1678 97.7008893578627
1679 97.6447166033959
1680 97.5939343865116
1681 97.543440833789
1682 97.488853679021
1683 97.4264048208904
1684 97.3545085733868
1685 97.2762263815677
1686 97.1953884161963
1687 97.1169978890785
1688 97.0432604140596
1689 96.9663685548066
1690 96.8781112471817
1691 96.7770941284253
1692 96.6640827020806
1693 96.5338674963639
1694 96.370466919032
1695 96.1556166034
1696 95.8950136575593
1697 95.6125723621291
1698 95.2919881149964
1699 94.8511111622128
1700 94.212936325318
1701 93.4267248476292
1702 92.6268230617539
1703 91.834043181647
1704 90.9201724564992
1705 89.7418764713076
1706 88.2687787776174
1707 86.6014198788786
1708 84.8516433526834
1709 83.0511415344106
1710 81.1953809169082
1711 79.3092854250325
1712 77.4431007076409
1713 75.6389907245422
1714 73.9244885545837
1715 72.3234455679687
1716 70.8609450741295
1717 69.579354177999
1718 68.5586342610734
1719 67.8705379870794
1720 67.5087836620341
1721 67.4110986135854
1722 67.5249730056442
1723 67.8303396722297
1724 68.3169576963434
1725 68.9557173123308
1726 69.707884812691
1727 70.5574455486459
1728 71.5104256118126
1729 72.5534014796773
1730 73.6335916211231
1731 74.7135381906708
1732 75.8489846280926
1733 77.1784766994638
1734 78.7407059022592
1735 80.3098614703013
1736 81.6279680235489
1737 82.7090386461459
1738 83.7443921483194
1739 84.8821341952438
1740 86.1263604793199
1741 87.3683473923099
1742 88.5165910228941
1743 89.5655625431446
1744 90.5425644818135
1745 91.4512582422372
1746 92.2798999211984
1747 93.029462098147
1748 93.716248745731
1749 94.3563255365246
1750 94.9535371891148
1751 95.492486255367
1752 95.9448181470794
1753 96.2974355913269
1754 96.5707583245715
1755 96.8049615129181
1756 97.031234905124
1757 97.2520821110966
1758 97.4483618022816
1759 97.6076286511661
1760 97.7400047147818
1761 97.8647432896472
1762 97.9883646379268
1763 98.0990671884256
1764 98.1843403082069
1765 98.2472975603351
1766 98.3022579190506
1767 98.3610607583618
1768 98.4251323028397
1769 98.4879911925304
1770 98.5434639014956
1771 98.5914860749548
1772 98.6354571197001
1773 98.6764067933142
1774 98.7127036514827
1775 98.7449254650189
1776 98.7751876203985
1777 98.8026925365604
1778 98.8250680264806
1779 98.8426490637027
1780 98.8587595809394
1781 98.8764416727222
1782 98.8956120372435
1783 98.9144338012047
1784 98.9323768384593
1785 98.9488427696026
1786 98.9618259350141
1787 98.9697410544354
1788 98.9744164879826
1789 98.981800930105
1790 98.997531057779
1791 99.0227974867714
1792 99.05248122781
1793 99.0776391862827
1794 99.0928173316896
1795 99.1011251583297
1796 99.1089120762116
1797 99.1176617321617
1798 99.1255414285172
1799 99.1336150163034
1800 99.1472869533278
1801 99.1711762069791
1802 99.2020781106881
1803 99.2293966503436
1804 99.2435719952591
1805 99.2427074189437
1806 99.2324146509878
1807 99.2216371418977
1808 99.2181151429803
1809 99.2253759700023
1810 99.2411649003598
1811 99.2594908973039
1812 99.2752368727016
1813 99.2875291706468
1814 99.2984276733446
1815 99.3089489220277
1816 99.3172295512609
1817 99.3205517932383
1818 99.3187102180312
1819 99.3136963333261
1820 99.306312413544
1821 99.2958998514121
1822 99.2835279791005
1823 99.2745356702991
1824 99.2754632927159
1825 99.2867196034506
1826 99.299791033989
1827 99.3043148996133
1828 99.297875867184
1829 99.2869326790087
1830 99.2799702241454
1831 99.2799567597409
1832 99.2828075713904
1833 99.2841098989342
1834 99.2834108434245
1835 99.282280702837
1836 99.2827317002036
1837 99.2867492593987
1838 99.294950590496
1839 99.3047813276066
1840 99.3116851927844
1841 99.3127726282853
1842 99.3089915630774
1843 99.3049735032918
1844 99.3063531311946
1845 99.315098986814
1846 99.3279112067422
1847 99.340837678272
1848 99.3528472489465
1849 99.3634600109416
1850 99.3712612717684
1851 99.3751193279833
1852 99.3752570101568
1853 99.3729935576194
1854 99.369639379854
1855 99.3664560358256
1856 99.364729355748
1857 99.3654974737638
1858 99.3683922406859
1859 99.3711556185509
1860 99.3719391150741
1861 99.3713084719025
1862 99.3721885275578
1863 99.3774519611532
1864 99.3876521253436
1865 99.4007509890806
1866 99.4138703115826
1867 99.4249240409759
1868 99.4330036251141
1869 99.4376624033425
1870 99.4384202576932
1871 99.4361335157022
1872 99.4340359978859
1873 99.4344968433101
1874 99.4360019446966
1875 99.4357933020017
1876 99.4340760855766
1877 99.4339075016811
1878 99.4368373847112
1879 99.439908528967
1880 99.4383849616573
1881 99.4317556682553
1882 99.426308415473
1883 99.4305389129162
1884 99.4471627961838
1885 99.4698311390711
1886 99.4876748890004
1887 99.4925294311535
1888 99.4826062253764
1889 99.4615042072514
1890 99.4355626494656
1891 99.4118690301874
1892 99.3973036543342
1893 99.397408475832
1894 99.4132434088591
1895 99.4387358971722
1896 99.4628437488902
1897 99.4763388162655
1898 99.4777591451645
1899 99.472818243246
1900 99.4680485946714
1901 99.4651973682992
1902 99.4612641931143
1903 99.4534684878783
1904 99.4436308886361
1905 99.437662179427
1906 99.440920762919
1907 99.4535192354299
1908 99.4699129068491
1909 99.4825509042115
1910 99.4862628605108
1911 99.4810435239831
1912 99.4711532434582
1913 99.4611132350975
1914 99.4524536681883
1915 99.4433751753229
1916 99.432246463665
1917 99.4216046012081
1918 99.4181148460835
1919 99.4269408277407
1920 99.4460696012825
1921 99.4678771960504
1922 99.4851377755154
1923 99.4957414929916
1924 99.5033809098297
1925 99.5131359490227
1926 99.5261633276203
1927 99.538418160976
1928 99.5441166918884
1929 99.5411785947828
1930 99.5334822013624
1931 99.5272837680679
1932 99.5247084629159
1933 99.5209525075935
1934 99.5086517720384
1935 99.4848329480856
1936 99.4550746020852
1937 99.4302117659539
1938 99.418551801382
1939 99.420881444749
1940 99.4318019981879
1941 99.445214876068
1942 99.4579155548554
1943 99.4686169591253
1944 99.4754517948586
1945 99.4770351395281
1946 99.4759592597946
1947 99.4785957207621
1948 99.4904161925969
1949 99.5116558726241
1950 99.5363764015931
1951 99.5542250454678
1952 99.5535335032591
1953 99.5269512436343
1954 99.4792790205696
1955 99.4310485199773
1956 99.4101691343175
1957 99.4339154386393
1958 99.4955224689381
1959 99.5675427472508
1960 99.6200155388212
1961 99.6392479282429
1962 99.6326233815492
1963 99.6179036823106
1964 99.6085324515753
1965 99.6072290500359
1966 99.6105394559924
1967 99.6169945478244
1968 99.6288832943904
1969 99.6452859475165
1970 99.6564869120863
1971 99.6501224789219
1972 99.6241069593948
1973 99.5902049482001
1974 99.5604135027058
1975 99.5297809753429
1976 99.4778032453123
1977 99.3907473971604
1978 99.2807844417392
1979 99.1791708110356
1980 99.1120229758523
1981 99.0868952845696
1982 99.0987668115149
1983 99.1392296600359
1984 99.1967429059515
1985 99.2544891441856
1986 99.2959625253093
1987 99.3157214456712
1988 99.323333982226
1989 99.3341199471411
1990 99.3556277108637
1991 99.3833806561322
1992 99.4090578233353
1993 99.4308579136163
1994 99.4540755554623
1995 99.4822948325504
1996 99.5106721579862
1997 99.5289919116755
1998 99.5307917849183
1999 99.5193577032779
2000 99.5058159423309
2001 99.5028999849612
2002 99.5194455392153
2003 99.5564375195088
2004 99.6047506984459
2005 99.6483514661973
2006 99.67483313882
2007 99.6857771562406
2008 99.6944630142916
2009 99.7095608399867
2010 99.7229296568574
2011 99.7168194160258
2012 99.6829450774204
2013 99.6328787581939
2014 99.5899597131144
2015 99.5720478237523
2016 99.5801617791753
2017 99.5999203322823
2018 99.6127270866804
2019 99.6087479395151
2020 99.5929541305735
2021 99.5797497269553
2022 99.5804774724412
2023 99.5944459135156
2024 99.6108049393278
2025 99.6181283798191
2026 99.6122197969473
2027 99.5972269457546
2028 99.5826924491276
2029 99.579208463679
2030 99.5918484860254
2031 99.612988299217
2032 99.6228182454641
2033 99.603039914426
2034 99.5546714964809
2035 99.5018135850034
2036 99.4744433252358
2037 99.4858154168062
2038 99.5255521993051
2039 99.5714722029478
2040 99.6053582418379
2041 99.61945244694
2042 99.6139636364168
2043 99.5931436529135
2044 99.5630394991971
2045 99.5282107831682
2046 99.4875700024411
2047 99.4358260786059
2048 99.3737178630056
2049 99.3172136946524
2050 99.2909392063299
2051 99.3075389209577
2052 99.3540545922793
2053 99.4004572675565
2054 99.4226973885464
2055 99.4199336302592
2056 99.411686145705
2057 99.4186904036561
2058 99.4457058678458
2059 99.4802812062391
2060 99.5047566584064
2061 99.5092160099901
2062 99.4961339948712
2063 99.4758951352496
2064 99.4582198315591
2065 99.4458389979836
2066 99.4348521591112
2067 99.4213384747209
2068 99.4078322195063
2069 99.4026419721364
2070 99.412299556211
2071 99.4348875412031
2072 99.4608379292787
2073 99.4796197829082
2074 99.4855358573004
2075 99.4789887576513
2076 99.4650762915162
2077 99.451564259678
2078 99.4455512750539
2079 99.4489480421035
2080 99.4567200974599
2081 99.4612078791306
2082 99.4591149425311
2083 99.4541599021492
2084 99.4529430443646
2085 99.4589730553602
2086 99.4709270390736
2087 99.4854950601392
2088 99.5007687592852
2089 99.5172917210576
2090 99.5370460698601
2091 99.5614034682828
2092 99.5885713717081
2093 99.6118282130165
2094 99.6208760340194
2095 99.6071913657604
2096 99.5705600440651
2097 99.5216648498286
2098 99.4776468964408
2099 99.4527780432303
2100 99.4502521046129
2101 99.4608619298319
2102 99.4699432667246
2103 99.4677375387986
2104 99.4549196165881
2105 99.4390847997762
2106 99.4265430047439
2107 99.4176617631781
2108 99.4093859235394
2109 99.400770721403
2110 99.3952924733367
2111 99.3984061914348
2112 99.4135596181916
2113 99.4398647381147
2114 99.471953297505
2115 99.5015020679167
2116 99.520544421343
2117 99.525997693958
2118 99.5225626207211
2119 99.5206848525961
2120 99.5297977195585
2121 99.5517693172848
2122 99.5800641108781
2123 99.6052593693543
2124 99.6220581629771
2125 99.6325004361041
2126 99.6443169183833
2127 99.6668063494061
2128 99.7062833026048
2129 99.7618866506753
2130 99.8235650760589
2131 99.8750853294528
2132 99.901895171656
2133 99.8985263036155
2134 99.8696721530625
2135 99.8252243202026
2136 99.7756389900845
2137 99.7321650926395
2138 99.7085765413147
2139 99.7177363438434
2140 99.7626032640449
2141 99.8295621102621
2142 99.8923035206477
2143 99.9259844750514
2144 99.9220030150641
2145 99.8922458945231
2146 99.8597931785168
2147 99.843495770467
2148 99.8475536881695
2149 99.8621283687219
2150 99.8727309060021
2151 99.8716221195803
2152 99.8646769293736
2153 99.8684597192154
2154 99.8953070046851
2155 99.9335138633965
2156 99.9408749134998
2157 99.8677765188313
2158 99.7019993869198
2159 99.4952446887943
2160 99.3310773186491
2161 99.2555017782443
2162 99.2463948792351
2163 99.2507509490418
2164 99.23724720574
2165 99.2112368114991
2166 99.1934052524066
2167 99.1957583123825
2168 99.2177868693038
2169 99.2561785784099
2170 99.3095908907068
2171 99.3732091030858
2172 99.4330217080391
2173 99.4693852326189
2174 99.4688502220138
2175 99.4351776912954
2176 99.3900436217498
2177 99.3605890388676
2178 99.3619280416946
2179 99.3890728714464
2180 99.4251363969079
2181 99.4568267049495
2182 99.4814639474348
2183 99.5004723506385
2184 99.51068818017
2185 99.5060537410636
2186 99.4863632756528
2187 99.4594795785801
2188 99.433345492185
2189 99.4089119529854
2190 99.3834943898948
2191 99.3591609396755
2192 99.3441415637206
2193 99.3455868200148
2194 99.3636449841348
2195 99.3935542882208
2196 99.4305834803965
2197 99.4702250555077
2198 99.5054773894826
2199 99.5285675910737
2200 99.5370173066806
2201 99.5353499545008
2202 99.5283786015769
2203 99.5143686597611
2204 99.4881201908588
2205 99.4512485676293
2206 99.4166630061937
2207 99.400757430933
2208 99.4115117004616
2209 99.4442538613522
2210 99.4862675019717
2211 99.5224094524188
2212 99.5376630664495
2213 99.520726185187
2214 99.4714356182791
2215 99.4056285825073
2216 99.3489038715901
2217 99.3214150980106
2218 99.3265117199372
2219 99.3527308392091
2220 99.3850307200216
2221 99.4133973291726
2222 99.4330577374156
2223 99.4410348085249
2224 99.4357472428794
2225 99.4196422767242
2226 99.3999526090038
2227 99.3853238862696
2228 99.3812294972156
2229 99.387898053859
2230 99.401325080733
2231 99.4155978945037
2232 99.425164997393
2233 99.4265488974814
2234 99.4190067622144
2235 99.4039930629621
2236 99.38439277346
2237 99.3646324185712
2238 99.350884590543
2239 99.3492509165512
2240 99.3615263875176
2241 99.3818925431326
2242 99.3988650400997
2243 99.4028316137787
2244 99.3934513043354
2245 99.3798399865706
2246 99.3723537202436
2247 99.3732055997338
2248 99.3749708211062
2249 99.3685782884444
2250 99.3527683418594
2251 99.3354670870505
2252 99.3260865423446
2253 99.3267872418084
2254 99.3313284106648
2255 99.331531503895
2256 99.324653874506
2257 99.3147500678013
2258 99.3081704209512
2259 99.3082927485204
2260 99.3139903501838
2261 99.3216266278149
2262 99.3273876297749
2263 99.3281691699822
2264 99.3217233708007
2265 99.3079758631871
2266 99.2905669723773
2267 99.276158678715
2268 99.2705014910009
2269 99.2741238577086
2270 99.2820858221023
2271 99.2883816510576
2272 99.2914188320789
2273 99.295302304691
2274 99.3054198832145
2275 99.3218770265816
2276 99.3370828603416
2277 99.3406162783536
2278 99.3279289049662
2279 99.3044601411498
2280 99.2806629625675
2281 99.2625321048794
2282 99.2475655193076
2283 99.2305241356874
2284 99.211989803608
2285 99.2000401194764
2286 99.2024537158268
2287 99.2181639857755
2288 99.2369661161376
2289 99.2481029551571
2290 99.248743110661
2291 99.2445039010914
2292 99.2430060165827
2293 99.2477381302271
2294 99.2576450771636
2295 99.2702632026729
2296 99.2844277042319
2297 99.2996408747867
2298 99.3153385819226
2299 99.3305954097553
2300 99.3454123837975
2301 99.3600973245644
2302 99.3746907603384
2303 99.3882344037283
2304 99.3999746709856
2305 99.4100338376048
2306 99.419079075348
2307 99.4268191492291
2308 99.4315425979367
2309 99.4316875301669
2310 99.4284176788415
2311 99.4260147664969
2312 99.4294252469492
2313 99.4395568313028
2314 99.4525166826058
2315 99.4617871318194
2316 99.4632322848049
2317 99.4551287552937
2318 99.436970206306
2319 99.4072545373112
2320 99.3668601677495
2321 99.3216780386242
2322 99.2828680022914
2323 99.2603739254842
2324 99.2579853627213
2325 99.2738517015373
2326 99.3043792279343
2327 99.3466034116426
2328 99.3961103593778
2329 99.4450840842846
2330 99.4843839268886
2331 99.5074607009369
2332 99.5166733186669
2333 99.5200891505853
2334 99.5270252300252
2335 99.5395498699824
2336 99.5515777305453
2337 99.5535777034459
2338 99.5400075632896
2339 99.5154320898504
2340 99.4911561579356
2341 99.4793184399252
2342 99.4860228161717
2343 99.5086765111884
2344 99.5347066139988
2345 99.5488892517349
2346 99.5473315668424
2347 99.5416435792602
2348 99.5428223023916
2349 99.5507310541775
2350 99.5589747803846
2351 99.5609072572901
2352 99.5533914503671
2353 99.5381209829748
2354 99.5238237793117
2355 99.5226156867284
2356 99.542575465412
2357 99.5805641726372
2358 99.6173778873358
2359 99.6283435688103
2360 99.6017017760718
2361 99.5502091785845
2362 99.5025044351912
2363 99.4819316779088
2364 99.4924931802201
2365 99.5218643963251
2366 99.556133260399
2367 99.5849705442444
2368 99.5998801721959
2369 99.5974393753756
2370 99.5834640141634
2371 99.5695246177688
2372 99.562516484033
2373 99.5596609725359
2374 99.5554069155371
2375 99.5506245753324
2376 99.5518429887609
2377 99.5620426369404
2378 99.5751507784469
2379 99.5808556405014
2380 99.5739648479363
2381 99.558405938793
2382 99.5429307239672
2383 99.5338727185323
2384 99.5314225382646
2385 99.5310934486436
2386 99.5276102834746
2387 99.5179090067634
2388 99.5021305596542
2389 99.4834902006252
2390 99.4677822762245
2391 99.4618650047473
2392 99.4702421603536
2393 99.4910251748891
2394 99.514905291046
2395 99.5295683532152
2396 99.5271416439774
2397 99.5086538637993
2398 99.4818363970736
2399 99.4549000089674
2400 99.4323032988672
2401 99.4154022149006
2402 99.4053512399595
2403 99.4040671321844
2404 99.4122572185435
2405 99.4270319003624
2406 99.4418614019582
2407 99.4493929193809
2408 99.4454964585622
2409 99.4320119070643
2410 99.4161044726664
2411 99.406135795301
2412 99.4067233003086
2413 99.4166657431687
2414 99.4310578346236
2415 99.445164563529
2416 99.4564425821317
2417 99.4637087623428
2418 99.4656759345954
2419 99.4611790134949
2420 99.4507418795388
2421 99.4372677448886
2422 99.424727455908
2423 99.4161169074884
2424 99.4126394531156
2425 99.4144033474579
2426 99.4211522134035
2427 99.4318525998182
2428 99.4438518996172
2429 99.4533377387659
2430 99.4575751615742
2431 99.4572201242008
2432 99.4563624361526
2433 99.4596958039585
2434 99.4687487850302
2435 99.4801811298892
2436 99.4877859443536
2437 99.4869682675718
2438 99.4782778234771
2439 99.4670330081714
2440 99.4592353545974
2441 99.457235697117
2442 99.4587971591124
2443 99.4599088789224
2444 99.4582317121183
2445 99.4539698937644
2446 99.4481555526468
2447 99.4411138362946
2448 99.4331296842389
2449 99.4261113205921
2450 99.4233533351701
2451 99.4266640422786
2452 99.433750359312
2453 99.4392145536394
2454 99.438709819681
2455 99.4321453702699
2456 99.4230435138971
2457 99.4157428961086
2458 99.4139028317154
2459 99.4205226883618
2460 99.4367802296915
2461 99.4594019209193
2462 99.4805042516393
2463 99.4924464159751
2464 99.4936251435507
2465 99.4885805611467
2466 99.482176955606
2467 99.4750679010282
2468 99.4657517596997
2469 99.4555555065976
2470 99.4491485199758
2471 99.4496904527883
2472 99.4551407369129
2473 99.4604363459365
2474 99.4623496212674
2475 99.4610507383581
2476 99.4577575997348
2477 99.4528979284214
2478 99.4471386980355
2479 99.4426068542616
2480 99.4414403116097
2481 99.4432779135281
2482 99.4453548082541
2483 99.4454768938942
2484 99.4443119428579
2485 99.4444050506987
2486 99.4473564668013
2487 99.4522781605244
2488 99.4565631478196
2489 99.4576035758478
2490 99.454017575093
2491 99.4460649420656
2492 99.4353709967479
2493 99.4240379573111
2494 99.4135930582057
2495 99.4045034987275
2496 99.3964067014272
2497 99.3885485831897
2498 99.380224631984
2499 99.371533462705
2500 99.3641581307345
2501 99.3609820578181
2502 99.3641179629839
2503 99.3729972671248
2504 99.3846449343024
2505 99.395993597874
2506 99.4057938406255
2507 99.4142824710196
2508 99.4213400393058
2509 99.4251758995843
2510 99.4226708510458
2511 99.4111396031916
2512 99.3906555593595
2513 99.3655992004578
2514 99.3437022578894
2515 99.3320257105443
2516 99.332191542678
2517 99.3389388806866
2518 99.3438859731192
2519 99.3417137979467
2520 99.3335765901505
2521 99.3250809734589
2522 99.3211097298223
2523 99.3221957604473
2524 99.3250887103274
2525 99.3261306603132
2526 99.3240428895929
2527 99.3201467058334
2528 99.3167973127893
2529 99.3158994599082
2530 99.3182454832336
2531 99.3231523357562
2532 99.3282303548616
2533 99.3301766741992
2534 99.3271049840839
2535 99.3209128320732
2536 99.3169877418269
2537 99.3203366437373
2538 99.330810996332
2539 99.3418054172407
2540 99.3442788908699
2541 99.3331202593805
2542 99.3105561895063
2543 99.284090661663
2544 99.2616091801755
2545 99.2482505162827
2546 99.2465338676069
2547 99.2571694016989
2548 99.2780510112384
2549 99.3027142018317
2550 99.3216511675629
2551 99.3271165600288
2552 99.3177112710347
2553 99.2986203574132
2554 99.2775275536602
2555 99.2600425010164
2556 99.24800169904
2557 99.2406749090285
2558 99.2367804307432
2559 99.2357266426708
2560 99.2377742460387
2561 99.2432408099582
2562 99.2510889373067
2563 99.2580667040721
2564 99.2598599736505
2565 99.2540462717142
2566 99.2423050287486
2567 99.229449670184
2568 99.2199599710562
2569 99.2153182684426
2570 99.2143288371926
2571 99.2152105892042
2572 99.2169178550254
2573 99.219088956143
2574 99.2219421334664
2575 99.2265859786239
2576 99.234447757237
2577 99.2452268233767
2578 99.2553384360033
2579 99.259278226782
2580 99.2534162495214
2581 99.2389322546916
2582 99.2214124950928
2583 99.207784526487
2584 99.2029568057582
2585 99.2077769050849
2586 99.21886777024
2587 99.2306310944672
2588 99.2388162208624
2589 99.2431761827069
2590 99.2465115155434
2591 99.2506138798963
2592 99.2532933143779
2593 99.2500230205147
2594 99.2387618333094
2595 99.2228130688006
2596 99.2086289538745
2597 99.2009237076034
2598 99.2000120035318
2599 99.2033385780768
2600 99.2085546113611
2601 99.2144706138948
2602 99.2194376732882
2603 99.2200758642426
2604 99.2129056262132
2605 99.1978741067796
2606 99.1800489423302
2607 99.1670251098138
2608 99.1637453764516
2609 99.1691894094903
2610 99.1777979609012
2611 99.1841653585868
2612 99.1868179432005
2613 99.1882381736442
2614 99.1918582626578
2615 99.1989323025
2616 99.2075624932388
2617 99.2141569129924
2618 99.2160396733128
2619 99.2133535943219
2620 99.2088297159802
2621 99.2055372861464
2622 99.2045644608766
2623 99.2048180508124
2624 99.2050380452832
2625 99.20575027295
2626 99.2089986370403
2627 99.2162081619361
2628 99.2264455566914
2629 99.2366456503159
2630 99.243324243218
2631 99.2443279779648
2632 99.2397538408942
2633 99.2319268955804
2634 99.2244922236591
2635 99.2208051271085
2636 99.2222876876701
2637 99.2277126489378
2638 99.2339101662298
2639 99.2375253004331
2640 99.2368582334311
2641 99.2327429583634
2642 99.2278810160428
2643 99.2249838884879
2644 99.2249959321753
2645 99.2266944561963
2646 99.2278572860806
2647 99.2269593772208
2648 99.2241691853663
2649 99.2211922429169
2650 99.2202856001672
2651 99.2230180173283
2652 99.2293563793428
2653 99.2376173918334
2654 99.2454422765247
2655 99.2511973967503
2656 99.2547434041507
2657 99.2570099747504
2658 99.2589354340727
2659 99.2609436049286
2660 99.2634858669844
2661 99.2678310815967
2662 99.2757277066809
2663 99.2876812462615
2664 99.3013980536848
2665 99.3123293454196
2666 99.3164090461752
2667 99.3128108066053
2668 99.3043864368002
2669 99.2955884938517
2670 99.2897403225977
2671 99.2875765893789
2672 99.2876190637103
2673 99.2877716303569
2674 99.2870410088494
2675 99.2862017149624
2676 99.286795441339
2677 99.2892854642485
2678 99.2922278553499
2679 99.2934262429014
2680 99.2918986651029
2681 99.2886681609123
2682 99.2858243361199
2683 99.285005019842
2684 99.2864651451041
2685 99.2889447268772
2686 99.2902724832857
2687 99.2887856624908
2688 99.2849662041644
2689 99.2817236401969
2690 99.2824291757624
2691 99.2880761245683
2692 99.2962004926606
2693 99.3026949736903
2694 99.3049684719766
2695 99.303848979744
2696 99.302872374749
2697 99.3056147450146
2698 99.3129594967963
2699 99.3222128968159
2700 99.3287923743771
2701 99.329299266628
2702 99.3235418545247
2703 99.3139460867464
2704 99.3032145371169
2705 99.2926105775989
2706 99.2822540208311
2707 99.2725554714463
2708 99.2648959991836
2709 99.2607274570364
2710 99.2600040816871
2711 99.260498768403
2712 99.2587850051649
2713 99.2523448207985
2714 99.2413677688248
2715 99.2288459973274
2716 99.2186397162365
2717 99.2127310148406
2718 99.2097664669176
2719 99.2061946803171
2720 99.1992058502962
2721 99.1890544604196
2722 99.1787954890881
2723 99.1717107080589
2724 99.1686660746825
2725 99.1675537482264
2726 99.1650561681901
2727 99.1591117570654
2728 99.1502024341259
2729 99.1408100727608
2730 99.1338168607094
2731 99.1311131559525
2732 99.1331221999922
2733 99.1390546316632
2734 99.1472934854434
2735 99.1556511106089
2736 99.1618230071614
2737 99.1643731814896
2738 99.1637960121014
2739 99.1625615391061
2740 99.1636355595332
2741 99.1684749842337
2742 99.1762217478853
2743 99.1846632021947
2744 99.191744142589
2745 99.196203709271
2746 99.1974318076922
2747 99.1956408138777
2748 99.192409102199
2749 99.1902735222993
2750 99.1908487855257
2751 99.1932204176635
2752 99.1947245691343
2753 99.1935685637747
2754 99.1903887940286
2755 99.1871366583092
2756 99.1850267909851
2757 99.1841630362458
2758 99.1848023880752
2759 99.1879044325113
2760 99.1938543253509
2761 99.2010890186483
2762 99.2066869441787
2763 99.2084466927419
2764 99.2061823178293
2765 99.2011627328829
2766 99.1948756411955
2767 99.1885849705241
2768 99.1835476357661
2769 99.1807942926071
2770 99.1802991055589
2771 99.1806307468343
2772 99.1799082527052
2773 99.1773639489326
2774 99.173968228274
2775 99.1714535506001
2776 99.1707013548964
2777 99.1710205294785
2778 99.1708209499484
2779 99.1687900913634
2780 99.1643998934949
2781 99.1575250443038
2782 99.1479526993028
2783 99.135561105651
2784 99.1210824514791
2785 99.1065844149079
2786 99.0948429928527
2787 99.0876205851368
2788 99.0839092663087
2789 99.0796292571147
2790 99.0695413699344
2791 99.0505191483878
2792 99.0239642983104
2793 98.9953498187055
2794 98.970835708671
2795 98.9532877680026
2796 98.9407370641776
2797 98.9284173826022
2798 98.9124043910385
2799 98.8915598577844
2800 98.8665007348264
2801 98.8375703481003
2802 98.8045206223275
2803 98.7679650179597
2804 98.7300995454776
2805 98.6931300034358
2806 98.6570392674864
2807 98.6194480775323
2808 98.5778093774146
2809 98.5313916915832
2810 98.4810874803463
2811 98.4280204411167
2812 98.3731989316307
2813 98.3185610348052
2814 98.267508297769
2815 98.2235118823231
2816 98.1879115101222
2817 98.1592932224341
2818 98.1352082182001
2819 98.1143925890419
2820 98.0971156143543
2821 98.083456072358
2822 98.0716956292379
2823 98.0588192831712
2824 98.0424437177364
2825 98.0215463638448
2826 97.9947542565243
2827 97.9582770748988
2828 97.9066797943676
2829 97.8366586980126
2830 97.7500222567174
2831 97.6520721757049
2832 97.5461642440086
2833 97.429566590761
2834 97.294858242628
2835 97.1357214512028
2836 96.9516834516587
2837 96.7475384145302
2838 96.5284519144455
2839 96.2955715777911
2840 96.0456701948339
2841 95.7738375091698
2842 95.4756436817567
2843 95.147125728328
2844 94.7847579110167
2845 94.3883999476378
2846 93.9666537197279
2847 93.5399350716752
2848 93.1367860882312
2849 92.7840507849998
2850 92.4968468159694
2851 92.2747006287142
2852 92.1054720932147
2853 91.9732795145629
2854 91.8651372700142
2855 91.7737193264744
2856 91.697077546308
2857 91.6371150127788
2858 91.5973850177354
2859 91.5799347127172
2860 91.5819080616538
2861 91.5940531981104
2862 91.6027629319198
2863 91.594675243456
2864 91.5607485338813
2865 91.4974881982189
2866 91.4058739496953
2867 91.2904723270409
2868 91.1603048337132
2869 91.0304587135562
2870 90.9218749477714
2871 90.8576871286372
2872 90.8571188635569
2873 90.9300497348347
2874 91.0751397624409
2875 91.2818687753
2876 91.5341566525885
2877 91.8129099361835
2878 92.0971153176349
2879 92.3653077105848
2880 92.5986934842074
2881 92.7845643223293
2882 92.9173693122167
2883 92.996764133234
2884 93.0248216363122
2885 93.004782420717
2886 92.9411580689235
2887 92.8391408363869
2888 92.7026200415034
2889 92.5327984764674
2890 92.3296164650658
2891 92.0951428108022
2892 91.8353614942728
2893 91.5579598305496
2894 91.2678846898611
2895 90.9649422533752
2896 90.6456536059406
2897 90.3072816030201
2898 89.95023936299
2899 89.5776095076028
2900 89.1937288054929
2901 88.8038156923365
2902 88.4141093498771
2903 88.0309084364736
2904 87.6587300884319
2905 87.2996425015655
2906 86.9546818720413
2907 86.6253355586592
2908 86.3129413701957
2909 86.016332016068
2910 85.7308638200143
2911 85.4509750053173
2912 85.1750118321592
2913 84.9087221414758
2914 84.6647184438705
2915 84.458012236966
2916 84.2999825299606
2917 84.1937393280804
2918 84.1328563080046
2919 84.1038497860809
2920 84.091165317484
2921 84.0824869857257
2922 84.0720839066569
2923 84.0608148229828
2924 84.0532731887664
2925 84.0545476797322
2926 84.0692683135482
2927 84.1031757010468
2928 84.1644513661618
2929 84.2620491773354
2930 84.4017780031034
2931 84.5839382850631
2932 84.8049456728532
2933 85.0609601936651
2934 85.3493266914731
2935 85.6663021137079
2936 86.0038180801359
2937 86.3488741813306
2938 86.6860780368812
2939 87.0007192847891
2940 87.2799891586444
2941 87.5123367504006
2942 87.686515686516
2943 87.7913861301284
2944 87.8165016412489
2945 87.7532972862661
2946 87.5968359290644
2947 87.3477643010014
2948 87.013630452364
2949 86.6088935433151
2950 86.1538039847149
2951 85.6728119366504
2952 85.1928785286428
2953 84.7415606302688
2954 84.3448958517426
2955 84.0253976836892
2956 83.8003322474866
2957 83.680175700568
2958 83.6675290045819
2959 83.7574121428099
2960 83.9395873204421
2961 84.2021667297316
2962 84.5348255799885
2963 84.93022602371
2964 85.3832891813993
2965 85.8888225200089
2966 86.438794528191
2967 87.0211553755314
2968 87.6215312231629
2969 88.2269828396108
2970 88.8289823588123
2971 89.423254311825
2972 90.0070973013983
2973 90.5771454993823
2974 91.1295523670266
2975 91.6615704863911
2976 92.1720707841411
2977 92.6604386241589
2978 93.1258203712336
2979 93.5682552492579
2980 93.9901046594609
2981 94.3948183678567
2982 94.7831466794212
2983 95.1509230426783
2984 95.4917244555216
2985 95.8022217850384
2986 96.0845777837418
2987 96.3434891942221
2988 96.5816730189776
2989 96.7989916202328
2990 96.995519291899
2991 97.1740688192736
2992 97.3389715946536
2993 97.4928438429396
2994 97.6352830611659
2995 97.7647506705433
2996 97.881244144313
2997 97.9869351416678
2998 98.0844720793863
2999 98.1748816906823
3000 98.257100268536
3001 98.3296242554883
3002 98.3928705234288
3003 98.4500134813284
3004 98.5052365865666
3005 98.5608100996118
3006 98.6157615463568
3007 98.6674080939895
3008 98.7139956659484
3009 98.755745409706
3010 98.7937303523506
3011 98.8284636628834
3012 98.8599556641032
3013 98.8888236971702
3014 98.9166929811384
3015 98.9451255413568
3016 98.9741801104252
3017 99.0022252060724
3018 99.0273943910563
3019 99.049406697785
3020 99.0699431050836
3021 99.0909435860791
3022 99.1122387255519
3023 99.1309402687579
3024 99.1436378147601
3025 99.1495996048854
3026 99.1517632070516
3027 99.1543346831205
3028 99.1593330230937
3029 99.1655196904413
3030 99.1704076042388
3031 99.1728421515712
3032 99.1735733419934
3033 99.1739749012621
3034 99.1750505672896
3035 99.1778363461178
3036 99.1840127837748
3037 99.195226386104
3038 99.2115581997472
3039 99.2309563681325
3040 99.2503525005705
3041 99.2671349966456
3042 99.2795328152461
3043 99.2863650519171
3044 99.2876374880302
3045 99.2857933439884
3046 99.285428489952
3047 99.2903487422494
3048 99.3003672177804
3049 99.3114593364011
3050 99.3194007118214
3051 99.3229105868729
3052 99.3229870034299
3053 99.3200940924491
3054 99.3134034810105
3055 99.3030336633914
3056 99.2917921408564
3057 99.283406008526
3058 99.2788856376158
3059 99.2752532378652
3060 99.268147559393
3061 99.2557015179484
3062 99.2404090931461
3063 99.2278626489468
3064 99.2232279647802
3065 99.2273345439644
3066 99.2351272021379
3067 99.2386482245842
3068 99.2331551023695
3069 99.2211203050154
3070 99.2100581968724
3071 99.2062813341185
3072 99.2107084421007
3073 99.2200404194899
3074 99.2307401950973
3075 99.2414471029516
3076 99.2527332824872
3077 99.2660950813614
3078 99.2831783187189
3079 99.3044666623651
3080 99.3276381639892
3081 99.3477525699523
3082 99.3603083057098
3083 99.364746622774
3084 99.3649939266428
3085 99.3665500441208
3086 99.3727495837202
3087 99.3828971846361
3088 99.3931203938332
3089 99.3992960089569
3090 99.4003829879034
3091 99.3996299389622
3092 99.4019502883534
3093 99.4092827596163
3094 99.4185757751333
3095 99.4249614024696
3096 99.4270546281839
3097 99.4286613665165
3098 99.4350616008163
3099 99.4478679899041
3100 99.4633908940361
3101 99.4753565117166
3102 99.4792635864909
3103 99.4753383834656
3104 99.4684944335831
3105 99.4652462921049
3106 99.469345421097
3107 99.4794063372623
3108 99.4907777489727
3109 99.499957354813
3110 99.506976496217
3111 99.5135029722738
3112 99.5195665656058
3113 99.5233216304497
3114 99.5239153801264
3115 99.5232432881625
3116 99.5239371673336
3117 99.5261719077698
3118 99.5277184038588
3119 99.5274317263446
3120 99.5277432815142
3121 99.5327630883931
3122 99.5440213979804
3123 99.5587234719353
3124 99.572310540233
3125 99.5820411657822
3126 99.5876210461292
3127 99.5891252374337
3128 99.5858477354834
3129 99.5779009900113
3130 99.5681240320928
3131 99.5609776340761
3132 99.5589215183823
3133 99.5604093018782
3134 99.5621549683466
3135 99.5632201803352
3136 99.5660254858324
3137 99.5729890980958
3138 99.5828574013122
3139 99.5912108775839
3140 99.5946188525249
3141 99.5935626746739
3142 99.5909479143591
3143 99.5884688239702
3144 99.5853090147521
3145 99.5801228902849
3146 99.5731389265452
3147 99.5658704405722
3148 99.5597123545552
3149 99.5558026318013
3150 99.5557688136011
3151 99.5610288335206
3152 99.57059608351
3153 99.5804218561364
3154 99.5861217598488
3155 99.5865570432677
3156 99.584188785226
3157 99.5817361462614
3158 99.5789042737832
3159 99.5726937084632
3160 99.5608486905148
3161 99.5450585446317
3162 99.5310745618076
3163 99.525500625477
3164 99.5313063928302
3165 99.545137139007
3166 99.5588171665544
3167 99.5646844200564
3168 99.560990604606
3169 99.5528318088507
3170 99.5476016271119
3171 99.5490020821156
3172 99.5549868790526
3173 99.5610027330273
3174 99.5646110092208
3175 99.5666785285921
3176 99.5685587722871
3177 99.5691689742012
3178 99.5656513580406
3179 99.5569305393837
3180 99.5460684819675
3181 99.5386188200507
3182 99.5384861206448
3183 99.5451281238523
3184 99.5543142706712
3185 99.5614218927179
3186 99.5643647034368
3187 99.5639085049469
3188 99.5616171384259
3189 99.5578555331315
3190 99.5520200936819
3191 99.5445276676327
3192 99.5378179680377
3193 99.5346922863805
3194 99.5356984216148
3195 99.5388672925212
3196 99.5423106131358
3197 99.5464312588602
3198 99.5527971804194
3199 99.5610231726661
3200 99.5678509660511
3201 99.5700456985862
3202 99.5678903123939
3203 99.5650588004802
3204 99.5647813090409
3205 99.5665490199182
3206 99.5670621077208
3207 99.5644098478095
3208 99.5608010271824
3209 99.5606267752638
3210 99.5655852347328
3211 99.5719508667411
3212 99.5731742954204
3213 99.5656901379037
3214 99.5525642221258
3215 99.5416395814037
3216 99.5398591684299
3217 99.548604069607
3218 99.5634300499182
3219 99.5776487023178
3220 99.5866914246843
3221 99.5903166177313
3222 99.5914113960723
3223 99.5924772500891
3224 99.592875832191
3225 99.589683227774
3226 99.5816780097689
3227 99.5722890526329
3228 99.5676237249274
3229 99.5709247930367
3230 99.5793535185932
3231 99.5869083719956
3232 99.5903689487506
3233 99.5917229323348
3234 99.5948904788199
3235 99.6011062839653
3236 99.6081067479501
3237 99.6130968629553
3238 99.6153529470456
3239 99.615874924496
3240 99.6155799038257
3241 99.6146359037439
3242 99.6133279488939
3243 99.6128096361615
3244 99.6144718210747
3245 99.6183135353689
3246 99.621762265923
3247 99.6203696084217
3248 99.610632419864
3249 99.5933169064357
3250 99.5745083843113
3251 99.5627423971904
3252 99.5636481332931
3253 99.575946851891
3254 99.5919602108122
3255 99.6024278954764
3256 99.6021679158971
3257 99.5925831456722
3258 99.5796187317774
3259 99.5692663111475
3260 99.5641925044667
3261 99.5634213350448
3262 99.5642684901457
3263 99.5643914160749
3264 99.5626872008258
3265 99.5591772157036
3266 99.5543631889892
3267 99.5483952586356
3268 99.5406305708656
3269 99.5302378543278
3270 99.5174285586245
3271 99.5039466809529
3272 99.4920799237076
3273 99.4831553264086
3274 99.4770420532762
3275 99.4728327335892
3276 99.4696077274864
3277 99.4665347354879
3278 99.4625354908104
3279 99.4559908418954
3280 99.4448456843251
3281 99.4275494400769
3282 99.4047681415097
3283 99.3803777026141
3284 99.359893747272
3285 99.3468257510864
3286 99.3401895217919
3287 99.3356242728419
3288 99.3287795600806
3289 99.3176418048289
3290 99.3025163224509
3291 99.285132705646
3292 99.2679352802732
3293 99.2527687115429
3294 99.2388218655596
3295 99.2222216697848
3296 99.1993291617291
3297 99.1714683558697
3298 99.1458868449491
3299 99.1308919837217
3300 99.1294382649116
3301 99.1374072669326
3302 99.1479356463968
3303 99.1571764453728
3304 99.1662715182818
3305 99.1787399393252
3306 99.1967015894426
3307 99.2193937585176
3308 99.2445439863914
3309 99.2706850349981
3310 99.2981488012747
3311 99.3278860069701
3312 99.3592507010933
3313 99.3890686005266
3314 99.4133933297393
3315 99.4307298983524
3316 99.4436219617031
3317 99.4567734383858
3318 99.4733553993034
3319 99.4929687633492
3320 99.5128433368269
3321 99.5304988892359
3322 99.545023067175
3323 99.5561675030115
3324 99.5629697323784
3325 99.5638752368641
3326 99.558472969915
3327 99.5490243066101
3328 99.5398813489091
3329 99.534856521668
3330 99.534870333355
3331 99.5381782021434
3332 99.5427627708628
3333 99.5479627178697
3334 99.553558789163
3335 99.5582005121162
3336 99.5601866482332
3337 99.560110528544
3338 99.5614120712628
3339 99.5670741024733
3340 99.5762077895976
3341 99.5851200203042
3342 99.5916658833978
3343 99.5970369741939
3344 99.6024618360234
3345 99.6054575257559
3346 99.6014118207922
3347 99.5893629636253
3348 99.5749089675294
3349 99.5661758122383
3350 99.5668587633864
3351 99.5735102973239
3352 99.5792231657712
3353 99.5792466500608
3354 99.5734180697572
3355 99.5648657708478
3356 99.5578523393022
3357 99.5565230427819
3358 99.5635538009661
3359 99.5778824699765
3360 99.5935678683168
3361 99.6026892584683
3362 99.6014685643779
3363 99.5941422680429
3364 99.5899529458226
3365 99.5954383549336
3366 99.6093449534216
3367 99.6246991059872
3368 99.6349851884784
3369 99.63799525391
3370 99.6350618302581
3371 99.6286506994346
3372 99.6211587470989
3373 99.6143641825475
3374 99.6084820891636
3375 99.6021788441144
3376 99.5948692343612
3377 99.5890320353805
3378 99.5887750086877
3379 99.5950997538267
3380 99.6031169565607
3381 99.6050948282423
3382 99.5968158468026
3383 99.5811591587222
3384 99.565917657432
3385 99.5583174543352
3386 99.560852320383
3387 99.5709059350302
3388 99.5834472700629
3389 99.5942517786441
3390 99.601513755816
3391 99.6054605129307
3392 99.6071414460575
3393 99.6075904291799
3394 99.6073723109231
3395 99.6061010192945
3396 99.6023894269302
3397 99.5950612603164
3398 99.5849348838709
3399 99.575095728948
3400 99.5688594325152
3401 99.5674016286211
3402 99.5693846117109
3403 99.5723710826631
3404 99.5740541668811
3405 99.5724710521638
3406 99.5661562236119
3407 99.5548397387277
3408 99.5398786211732
3409 99.5236957259012
3410 99.5090095514637
3411 99.498753377723
3412 99.4960077440644
3413 99.502645184167
3414 99.5171710395347
3415 99.5341552837894
3416 99.5466337178747
3417 99.5498596978476
3418 99.5433367666841
3419 99.5299108980438
3420 99.5134869257511
3421 99.4976305673106
3422 99.4855955690574
3423 99.4804216893488
3424 99.4838496668677
3425 99.4946415629545
3426 99.5082148686653
3427 99.5186001455283
3428 99.5215903697626
3429 99.5167812199121
3430 99.5072096561133
3431 99.4972277336357
3432 99.4900708846669
3433 99.4862558232413
3434 99.4835708341056
3435 99.4790932434302
3436 99.4722329922004
3437 99.4660855126335
3438 99.464941346537
3439 99.4694591661493
3440 99.4745058048244
3441 99.4728838874284
3442 99.4622600906725
3443 99.4484206794698
3444 99.4410539641028
3445 99.4460818355828
3446 99.4618073471497
3447 99.4815287034044
3448 99.4988706411896
3449 99.5106712176102
3450 99.516173284703
3451 99.515482325401
3452 99.5096446344089
3453 99.501345120386
3454 99.4942975825156
3455 99.4914907879901
3456 99.4940003648736
3457 99.50108125124
3458 99.5108338149326
3459 99.5208240587126
3460 99.5288643284186
3461 99.5338517752037
3462 99.5361492918659
3463 99.5371910024181
3464 99.5387796272012
3465 99.5425293590816
3466 99.549140659641
3467 99.5576381855476
3468 99.5655471348832
3469 99.570613032259
3470 99.5727952058154
3471 99.5743720502056
3472 99.577841246666
3473 99.5837822182492
3474 99.5907700998419
3475 99.5971050895776
3476 99.6023145238377
3477 99.6071070596934
3478 99.6123760364798
3479 99.618543023831
3480 99.6256400931586
3481 99.633507682395
3482 99.6415775098734
3483 99.6485396974137
3484 99.6524661776106
3485 99.6515597798734
3486 99.6452916587249
3487 99.6353581325639
3488 99.6255875079451
3489 99.6201267546015
3490 99.6207375635536
3491 99.6253770654688
3492 99.6295961680984
3493 99.6298136293534
3494 99.6257009811356
3495 99.6197148602175
3496 99.6143752285518
3497 99.6100588978069
3498 99.6054533886807
3499 99.5998533202476
3500 99.5946006278179
3501 99.592258044278
3502 99.5947221591724
3503 99.6023466528309
3504 99.6145971893982
3505 99.6308010776219
3506 99.6494687466206
3507 99.6669846346035
3508 99.6780418218002
3509 99.6785906161336
3510 99.6690628637372
3511 99.6544935325869
3512 99.6410274600728
3513 99.6321276892144
3514 99.6277178365456
3515 99.625925267186
3516 99.6250115304163
3517 99.6240184781877
3518 99.6226434952714
3519 99.6213122034651
3520 99.6214514852162
3521 99.6250608072356
3522 99.6331116023183
3523 99.643896414573
3524 99.6534672689705
3525 99.6586479287995
3526 99.6598184659333
3527 99.6602302352628
3528 99.6621666701713
3529 99.664326031116
3530 99.6637442016309
3531 99.6601470777033
3532 99.6572017572883
3533 99.6587138318997
3534 99.663975320121
3535 99.6674522501308
3536 99.6634713670813
3537 99.6513895398995
3538 99.6361994717914
3539 99.6243113670432
3540 99.6192683529041
3541 99.6209748640688
3542 99.627654259289
3543 99.6376166031628
3544 99.6492506056538
3545 99.6602892350654
3546 99.6679711469359
3547 99.6707389768357
3548 99.6695913834265
3549 99.667247209269
3550 99.6657910548715
3551 99.665203441843
3552 99.6640629390647
3553 99.66141536587
3554 99.6579942647119
3555 99.6559564785312
3556 99.6576513642349
3557 99.6642092114606
3558 99.6744880561966
3559 99.6850050745738
3560 99.6914916217695
3561 99.6915190255454
3562 99.685996179784
3563 99.6779860465439
3564 99.6700544887942
3565 99.6628029614039
3566 99.6557077160276
3567 99.6486935704957
3568 99.6424513517912
3569 99.6379661947965
3570 99.6366359533806
3571 99.639962103974
3572 99.648313215921
3573 99.6602123057598
3574 99.6730051966236
3575 99.6847937034029
3576 99.695959235194
3577 99.7081309979664
3578 99.7211623556266
3579 99.7316806305307
3580 99.7351572423975
3581 99.7296129331557
3582 99.7172941079403
3583 99.7026665966622
3584 99.6893098022604
3585 99.6783395745808
3586 99.6693856035606
3587 99.6622533268199
3588 99.6575653431807
3589 99.6560752599494
3590 99.658246656815
3591 99.6645494435827
3592 99.6751214007808
3593 99.6888281340857
3594 99.7019632268334
3595 99.7089388122922
3596 99.7065274009677
3597 99.6977673488713
3598 99.6895297644206
3599 99.6860515379676
3600 99.685991168667
3601 99.6856767297708
3602 99.6848730015132
3603 99.6873043130081
3604 99.6956972689832
3605 99.7080189755909
3606 99.7187388583373
3607 99.7232681618746
3608 99.7212037342111
3609 99.7155180115472
3610 99.7089802408753
3611 99.7020027477118
3612 99.6932592671719
3613 99.6824645196605
3614 99.6717822377196
3615 99.664945443969
3616 99.6648682216273
3617 99.6719649212592
3618 99.6844254735294
3619 99.6988554197513
3620 99.7117117052161
3621 99.7213351504333
3622 99.7279490491252
3623 99.7312624866554
3624 99.7304916541446
3625 99.7265002778475
3626 99.7209255802046
3627 99.7140598698627
3628 99.7047094046519
3629 99.6931959257537
3630 99.6845898614126
3631 99.6852389855189
3632 99.6949289897014
3633 99.7058142876194
3634 99.7108191455195
3635 99.7101275738974
3636 99.7079854943433
3637 99.7070325337412
3638 99.7066329178325
3639 99.7046434652486
3640 99.7006848933596
3641 99.697316916737
3642 99.6977960733469
3643 99.7028778625844
3644 99.7101070548331
3645 99.7161624615276
3646 99.7195587075727
3647 99.7211566520254
3648 99.7211995686295
3649 99.716353128347
3650 99.7029243086913
3651 99.6843191009376
3652 99.6698020066341
3653 99.6645793983765
3654 99.666481413745
3655 99.6710935538546
3656 99.675361152143
3657 99.6771472938099
3658 99.6764406434666
3659 99.6760008402973
3660 99.6781207468698
3661 99.6827150259779
3662 99.6890023648768
3663 99.6961393109031
3664 99.7030305221912
3665 99.7088087236104
3666 99.71285350628
3667 99.7149809130934
3668 99.7150843074319
3669 99.713362616098
3670 99.7100427538833
3671 99.7061567659118
3672 99.70396625203
3673 99.7046850505833
3674 99.7075812914416
3675 99.7126147542044
3676 99.7195938691493
3677 99.7263975617815
3678 99.7323890960522
3679 99.736580643443
3680 99.7350235077935
3681 99.7265365297366
3682 99.7147297769598
3683 99.7033856671225
3684 99.6953738726048
3685 99.6930546920336
3686 99.6975350165723
3687 99.7072161123273
3688 99.7165061864556
3689 99.7185794076716
3690 99.7119915626883
3691 99.7038947851599
3692 99.7026657285506
3693 99.7096883767947
3694 99.720236989444
3695 99.72882447061
3696 99.7317424982202
3697 99.7287498063186
3698 99.7239354954127
3699 99.7230244009432
3700 99.728996641585
3701 99.7391279816985
3702 99.7472284302489
3703 99.7494508967429
3704 99.7479624821295
3705 99.7472944178557
3706 99.7487260291175
3707 99.7497142112085
3708 99.7465188926592
3709 99.7367493343639
3710 99.7214216691156
3711 99.7059937654964
3712 99.6976584008061
3713 99.699793853522
3714 99.7092222105292
3715 99.7196784451486
3716 99.7263888877103
3717 99.7290680082562
3718 99.7311575972847
3719 99.7353754404782
3720 99.7411591749322
3721 99.7449045949644
3722 99.7428683225481
3723 99.7344681313096
3724 99.7231978241776
3725 99.7141547367299
3726 99.7095403373864
3727 99.7075789596536
3728 99.7054766633391
3729 99.7016134234519
3730 99.6956183619369
3731 99.6868869287844
3732 99.6743433120039
3733 99.6581430812742
3734 99.6418103207887
3735 99.632102956641
3736 99.6339256555294
3737 99.6459436346101
3738 99.6624528431347
3739 99.6784274036393
3740 99.6917302252931
3741 99.7018810827132
3742 99.709241594859
3743 99.714919378897
3744 99.719323605512
3745 99.7222139769902
3746 99.7247376357064
3747 99.7291991460601
3748 99.7338688917796
3749 99.7336254394918
3750 99.7295214464535
3751 99.7263771518077
3752 99.7243307665956
3753 99.7208693165838
3754 99.7139960543723
3755 99.7026599112804
3756 99.6891684931676
3757 99.6791329225252
3758 99.6764008922551
3759 99.6800120191544
3760 99.6863286907575
3761 99.6928819455933
3762 99.6999066638881
3763 99.7079479350022
3764 99.7152658915051
3765 99.7185766900418
3766 99.7156133353757
3767 99.7077508671054
3768 99.6999757348331
3769 99.6966034553376
3770 99.6982425189032
3771 99.7023545733772
3772 99.7063549250802
3773 99.7092505336964
3774 99.7108850977323
3775 99.7120207324336
3776 99.7146155188271
3777 99.7200670291769
3778 99.7274403562255
3779 99.7332661318666
3780 99.7335549563424
3781 99.7268253427518
3782 99.7152949522721
3783 99.7033883290602
3784 99.6958348416353
3785 99.6954543253131
3786 99.7002806290771
3787 99.7039167105486
3788 99.7013588098858
3789 99.6936109288666
3790 99.6865265378409
3791 99.6855087296869
3792 99.6915427610354
3793 99.7018036353254
3794 99.7130235040887
3795 99.7233200769135
3796 99.7313090252559
3797 99.7356662205957
3798 99.7360412170653
3799 99.7330029372812
3800 99.7269094554499
3801 99.7182877053505
3802 99.7093200235178
3803 99.7041777486341
3804 99.7060184925435
3805 99.7126684447356
3806 99.7181653660528
3807 99.7208732133356
3808 99.7246580242721
3809 99.7329194991002
3810 99.7445515147426
3811 99.7536019703174
3812 99.7547170714806
3813 99.7483765645846
3814 99.7393322495655
3815 99.7316674743798
3816 99.7272386567535
3817 99.7270057184466
3818 99.7315142431826
3819 99.73914491256
3820 99.745231508289
3821 99.7462828330333
3822 99.7440436064105
3823 99.7430389252591
3824 99.7443294335398
3825 99.7428939158872
3826 99.7335011668469
3827 99.7199788468072
3828 99.7120515579752
3829 99.7141420767532
3830 99.7222976698785
3831 99.7295920298276
3832 99.7321957568576
3833 99.7308263303766
3834 99.7281462286209
3835 99.7250241416135
3836 99.7209998399287
3837 99.716777609838
3838 99.7139582130065
3839 99.7124154458637
3840 99.7103553643328
3841 99.706517820391
3842 99.7014207419222
3843 99.697187377518
3844 99.6962513852742
3845 99.6994708178088
3846 99.7055123812513
3847 99.7120075699128
3848 99.7170040371098
3849 99.7194174378011
3850 99.7203790984909
3851 99.7224834721598
3852 99.7274210566636
3853 99.7332890512878
3854 99.7342839276714
3855 99.7288200730848
3856 99.7242045558377
3857 99.7241085266607
3858 99.722110522064
3859 99.7144599584791
3860 99.7058369779877
3861 99.6991167228665
3862 99.6919727972218
3863 99.6827082933583
3864 99.6741268998206
3865 99.6716477610054
3866 99.6778076197584
3867 99.6892883142422
3868 99.6997075858659
3869 99.7043990777137
3870 99.7044529777917
3871 99.7036330943431
3872 99.7034274185678
3873 99.702154761431
3874 99.6979536937555
3875 99.6928400836717
3876 99.6923531511806
3877 99.6993382421488
3878 99.7103127462211
3879 99.7182453881796
3880 99.7180552235026
3881 99.7106217541394
3882 99.7026244912933
3883 99.7016171560616
3884 99.710077226899
3885 99.7234332463098
3886 99.7330189234368
3887 99.7327262505093
3888 99.7242761505923
3889 99.7132898270822
3890 99.7027984825694
3891 99.6932709760381
3892 99.6855414542322
3893 99.6808289381
3894 99.6795065877893
3895 99.6797929111327
3896 99.6780603059762
3897 99.6719429947103
3898 99.6631415476057
3899 99.6565268776871
3900 99.6579651301105
3901 99.6706853179843
3902 99.6917835193242
3903 99.7120046847515
3904 99.7215910995047
3905 99.7178402125816
3906 99.7070405642876
3907 99.6983568206742
3908 99.6964703120329
3909 99.7006531274046
3910 99.7081628776556
3911 99.7164353261176
3912 99.7231303163512
3913 99.7262500055455
3914 99.724921003826
3915 99.7201992377494
3916 99.7146841371142
3917 99.7109545981226
3918 99.7097951728843
3919 99.7094081113323
3920 99.7072520444927
3921 99.7020000917841
3922 99.6945641518873
3923 99.6872788354052
3924 99.6821659783302
3925 99.679448320472
3926 99.6777815526905
3927 99.6761169976388
3928 99.6751873396892
3929 99.6767881636729
3930 99.6819209091797
3931 99.6896835727958
3932 99.6977354313083
3933 99.704085389643
3934 99.708529055399
3935 99.7124154982986
3936 99.7168134057958
3937 99.7206031270986
3938 99.7209216213908
3939 99.7159542004064
3940 99.7074618339878
3941 99.700448567522
3942 99.6994919776389
3943 99.7049854120343
3944 99.7129043707979
3945 99.7185013659581
3946 99.7198879368385
3947 99.7179902395526
3948 99.7145841564622
3949 99.7108874681406
3950 99.7075656112808
3951 99.7051154428974
3952 99.7038073082043
3953 99.7034930239768
3954 99.7037957415293
3955 99.7044776935112
3956 99.7054583395286
3957 99.7064889535803
3958 99.7071020184575
3959 99.7069148771587
3960 99.7059638225999
3961 99.7048375806647
3962 99.7044495307185
3963 99.7056424093187
3964 99.708632020152
3965 99.7125703708016
3966 99.7157690368145
3967 99.7165610968638
3968 99.7144548240161
3969 99.7104747702622
3970 99.7062989689702
3971 99.7030766232895
3972 99.7010453886576
3973 99.7000280893384
3974 99.6998696625741
3975 99.7003287361575
3976 99.7010058101203
3977 99.7019386283778
3978 99.7042575297552
3979 99.7095147291133
3980 99.7177179970626
3981 99.7259022770021
3982 99.7292051015245
3983 99.7241358393251
3984 99.7114165122679
3985 99.6960541609284
3986 99.6846490581929
3987 99.6819173312321
3988 99.6884024639092
3989 99.7003632466346
3990 99.711871265378
3991 99.7181116315043
3992 99.7177836110822
3993 99.7127604118384
3994 99.7055268773181
3995 99.6971154372954
3996 99.6875874926969
3997 99.6780226024805
3998 99.6711327842702
3999 99.6693668466033
4000 99.6725838571483
