#Datum: 21.01.2016 16:19:44
#Quelle: aluminium_spacer

#Daten:
#cm-1 %T
450 80.7607321251265
451 81.2480534321978
452 81.6229283593896
453 81.8963368654223
454 82.0671731783254
455 82.1567705493405
456 82.2290273622833
457 82.3527532487498
458 82.553459767336
459 82.8119149053478
460 83.0955391535279
461 83.3701356363932
462 83.6031302670081
463 83.7840140999044
464 83.9344415437702
465 84.0823369075568
466 84.2392378519682
467 84.4165806628387
468 84.6422106325021
469 84.939917718357
470 85.3057049158388
471 85.7170787237356
472 86.1525682886284
473 86.5807253471817
474 86.9443673620688
475 87.1927050571636
476 87.3391427287437
477 87.4594347475565
478 87.6203500877672
479 87.8292708559536
480 88.0645901253016
481 88.3213730165182
482 88.5969639746908
483 88.8585302949141
484 89.0627794522364
485 89.1978964731429
486 89.2809120295119
487 89.327127102738
488 89.3482648867588
489 89.3706345566202
490 89.4303494456789
491 89.551819530091
492 89.7371447816526
493 89.9634664975999
494 90.1822987980283
495 90.3370613369362
496 90.4058600445248
497 90.4205930511653
498 90.4302973870594
499 90.4561252534462
500 90.4960020467921
501 90.5583920908207
502 90.6642434210193
503 90.8164305386516
504 90.9839145194145
505 91.1167641245003
506 91.1696426806438
507 91.1242553380015
508 91.0082859868162
509 90.880465225872
510 90.7842930660652
511 90.7294380250294
512 90.7108441431096
513 90.7197056483452
514 90.734325420773
515 90.7208372094313
516 90.6541335215136
517 90.5298018659434
518 90.35796767112
519 90.1616876910666
520 89.9825000491007
521 89.8602020429042
522 89.7969653248236
523 89.7607259060209
524 89.7240895442497
525 89.6794757308674
526 89.6159000082404
527 89.5095573092365
528 89.3519402551324
529 89.1665835108348
530 88.9869510845427
531 88.8345223079039
532 88.7178525975099
533 88.631823823233
534 88.5532777007795
535 88.452989401747
536 88.317822781655
537 88.1506874368178
538 87.9512843719557
539 87.7147471011708
540 87.4551619387488
541 87.209616799673
542 87.0100328974473
543 86.8611452927912
544 86.7450700027063
545 86.6338535159116
546 86.4984121864277
547 86.320518800346
548 86.1044957450919
549 85.8724882515876
550 85.6475269867854
551 85.4464514484516
552 85.2833061835487
553 85.1670906301207
554 85.092312867898
555 85.0333995028147
556 84.9506059286973
557 84.811520022317
558 84.6185411395478
559 84.4149177490762
560 84.2514529970229
561 84.1413180208319
562 84.0565022001436
563 83.9671351280343
564 83.8681423683396
565 83.7660674728816
566 83.6588771371936
567 83.5379296310616
568 83.3982047558139
569 83.2409859580256
570 83.0783997383521
571 82.9360778496674
572 82.8335009284166
573 82.7562448735909
574 82.6666253694502
575 82.5488504520095
576 82.4274125001293
577 82.334940387857
578 82.2792454952756
579 82.2500867971585
580 82.2364399576801
581 82.2257772748412
582 82.2038381287002
583 82.1684291093126
584 82.1336913929723
585 82.1129551487137
586 82.1076027590315
587 82.1169493807973
588 82.145349962694
589 82.1895396812776
590 82.2296569749143
591 82.2424036761704
592 82.2206242535165
593 82.1775287944559
594 82.1368946211172
595 82.1222643830368
596 82.1475800964343
597 82.2110712032578
598 82.3001963636543
599 82.4025150239201
600 82.5086096069936
601 82.6090402726429
602 82.6955289957042
603 82.7653456285988
604 82.8238219511291
605 82.8856812907234
606 82.9732086133395
607 83.1024184992476
608 83.2645906809392
609 83.4280834701171
610 83.564658126154
611 83.6689659048218
612 83.753333678067
613 83.8350208613761
614 83.932209622847
615 84.0593964148129
616 84.2161392421637
617 84.3856773883794
618 84.5522199119252
619 84.7125929816449
620 84.8632988888763
621 84.9912716249269
622 85.0909965824214
623 85.1809345408092
624 85.2909990223796
625 85.4367770862031
626 85.6144096982085
627 85.8138644536198
628 86.0245549973106
629 86.2330862692218
630 86.4282277261491
631 86.6077619270769
632 86.7748001131711
633 86.9291123625885
634 87.069808610638
635 87.2066142545094
636 87.3591222812419
637 87.5383630735759
638 87.7328588589814
639 87.9170478498546
640 88.0726844969195
641 88.2013085199737
642 88.3170006971798
643 88.4326400586673
644 88.5537491358547
645 88.6792107116586
646 88.8052884417748
647 88.9315041385422
648 89.062587075648
649 89.2010114222497
650 89.3369707530931
651 89.4531469107919
652 89.5442141086653
653 89.6242636801648
654 89.709547104216
655 89.8021001258904
656 89.896905641874
657 89.9959924224314
658 90.1044181576798
659 90.2169176400361
660 90.3203532499638
661 90.4078255011939
662 90.4770896940341
663 90.5246182414917
664 90.5487229804844
665 90.5471557793133
666 90.5032213115105
667 90.3887561549784
668 90.2591846840214
669 90.2388250850551
670 90.3160467216512
671 90.3985293055824
672 90.4413477491726
673 90.44730198201
674 90.4310051189984
675 90.4002800754105
676 90.3598201427484
677 90.322699740619
678 90.2999110394354
679 90.2827341261657
680 90.2531188036213
681 90.205481249253
682 90.142208324722
683 90.0618632835899
684 89.964097076409
685 89.8582826884006
686 89.7541286988368
687 89.6516487649557
688 89.5505093808876
689 89.4571695330611
690 89.3713793153198
691 89.2774211406798
692 89.1620096506819
693 89.0301210315774
694 88.8917250723782
695 88.7465574386294
696 88.5946608136678
697 88.4475972440091
698 88.3136793237749
699 88.1823623104519
700 88.039346787845
701 87.8880212552467
702 87.7406718863434
703 87.597593116987
704 87.4490555585968
705 87.2910739843542
706 87.1268749073378
707 86.9581863098041
708 86.7867564139595
709 86.6184907328308
710 86.455668436118
711 86.2915979026622
712 86.1214863189627
713 85.9508649026166
714 85.7854632105704
715 85.6208667798049
716 85.4501019435458
717 85.2733790430215
718 85.093903499523
719 84.9137427883564
720 84.7401728290158
721 84.5850257803672
722 84.4474287854931
723 84.3090694026903
724 84.1577652512057
725 84.0027272059838
726 83.8572070288426
727 83.7181313936999
728 83.5747608063238
729 83.4282508006089
730 83.289284017294
731 83.1623389698787
732 83.0435140444531
733 82.9290525349674
734 82.8173967682985
735 82.7073363652009
736 82.6008115863046
737 82.502544096394
738 82.4115597855183
739 82.3201337125902
740 82.2267745038393
741 82.1419959169246
742 82.0738166446167
743 82.0149897770638
744 81.9529125413356
745 81.8862149103115
746 81.8237297914019
747 81.7720331310181
748 81.7312327665837
749 81.6990267561463
750 81.6723799694734
751 81.6483038582879
752 81.6278901504337
753 81.61623325905
754 81.6148395121779
755 81.6187183225991
756 81.6244909213404
757 81.6357847495302
758 81.656007056094
759 81.681155267615
760 81.7052294326345
761 81.7288482681691
762 81.7577761569978
763 81.7960964753387
764 81.8446290165181
765 81.9026397043486
766 81.9673812704826
767 82.0349050194027
768 82.1043316525573
769 82.1788319590623
770 82.260845389705
771 82.3498864189204
772 82.4459179499923
773 82.5496655944261
774 82.6579825131838
775 82.7649665161814
776 82.8704848205392
777 82.9816848160498
778 83.1025850154529
779 83.227695143842
780 83.349458557984
781 83.4666838974026
782 83.5823500316462
783 83.699240972994
784 83.8219579770484
785 83.9566373365612
786 84.1027122614944
787 84.2499197266066
788 84.3893268342722
789 84.523414235636
790 84.6602019226519
791 84.8019558996075
792 84.9453982433497
793 85.0889557573705
794 85.2339195366822
795 85.3815064363488
796 85.5332104650101
797 85.6900563677082
798 85.8473605177292
799 85.9956556539907
800 86.1321522344216
801 86.2657241128018
802 86.4047270196845
803 86.5460862204539
804 86.6831767374676
805 86.8177112284185
806 86.9547656316094
807 87.0915832012949
808 87.221640323733
809 87.3464134841081
810 87.4732109795835
811 87.6032967500737
812 87.7310367359073
813 87.8532892427667
814 87.9716183672244
815 88.0866362863299
816 88.1974605197051
817 88.3051871938496
818 88.4101721511632
819 88.5082157875141
820 88.5961360260239
821 88.6782496708439
822 88.7604642273451
823 88.8412310166462
824 88.9156406747426
825 88.9849634734931
826 89.0538252054111
827 89.1208271015521
828 89.1806014128081
829 89.2332131069698
830 89.2833772478388
831 89.331899021031
832 89.375442914954
833 89.4133413978047
834 89.4473922704446
835 89.4762003711915
836 89.4965549956365
837 89.5093002555801
838 89.5178185468824
839 89.5221774218724
840 89.5202443155999
841 89.5124332093317
842 89.4999833925983
843 89.4811393043758
844 89.45407365409
845 89.4204772316612
846 89.3814014308772
847 89.3335988445394
848 89.2758613870889
849 89.2152830263698
850 89.1606623029817
851 89.1121306785289
852 89.0623543708372
853 89.0049745343215
854 88.9375441401666
855 88.8601888876778
856 88.7766157004261
857 88.6930260130722
858 88.6111489245632
859 88.5255664679427
860 88.431644168543
861 88.3316843270292
862 88.2292147777736
863 88.1224617585059
864 88.0086587070753
865 87.8901277860935
866 87.7704290418514
867 87.6481989899154
868 87.5200802769758
869 87.3868657118049
870 87.2523937494453
871 87.1190436979867
872 86.9874345383927
873 86.8573483320844
874 86.7262992359798
875 86.5907336873258
876 86.4511216055426
877 86.3120916331779
878 86.175547768924
879 86.0382051879328
880 85.8979587450396
881 85.7575721349074
882 85.6193097969748
883 85.4806667985784
884 85.3384680106314
885 85.1934937813862
886 85.0487424259902
887 84.9065860803102
888 84.769136052765
889 84.6375343005788
890 84.5095311130824
891 84.381474563004
892 84.2533965137738
893 84.1281112398998
894 84.0052257734658
895 83.8811514682541
896 83.7556131122204
897 83.6329008009601
898 83.5157121079202
899 83.4028578844198
900 83.2939765184012
901 83.1911019552515
902 83.09395224003
903 82.9991104257869
904 82.9058505737697
905 82.8179656022676
906 82.7373383570512
907 82.6603825253754
908 82.5837926554186
909 82.5100716079603
910 82.444181649289
911 82.3872859877417
912 82.3362940684957
913 82.2874411342132
914 82.2383053844706
915 82.1884831933418
916 82.1407648952605
917 82.100421378745
918 82.0713483979652
919 82.053276411825
920 82.0431234763369
921 82.0378578356182
922 82.0355789164476
923 82.0352615030371
924 82.0366166684134
925 82.0400066966031
926 82.0464780849527
927 82.0580869100428
928 82.0770000593532
929 82.1030038731506
930 82.1331982624386
931 82.165967711756
932 82.2038001566914
933 82.2495603837476
934 82.3013242766215
935 82.3545495784951
936 82.4088186865362
937 82.4683095161179
938 82.5350431099463
939 82.6058030388487
940 82.6772217584364
941 82.750110788747
942 82.8265500548908
943 82.9062758142439
944 82.9889100884448
945 83.0765305250891
946 83.1702024737236
947 83.2661230274636
948 83.359071147017
949 83.4485968110834
950 83.5386769543296
951 83.6325268707321
952 83.7309319592008
953 83.8344860108982
954 83.9438556251776
955 84.0578802175422
956 84.1740486967811
957 84.2907394763392
958 84.4071438410708
959 84.5221477375204
960 84.6356185156571
961 84.7493956182046
962 84.8646033455754
963 84.9797716621224
964 85.094050792984
965 85.2097126849244
966 85.327955341973
967 85.4446306093536
968 85.5544512984302
969 85.6577215321177
970 85.7586558756882
971 85.8591856858837
972 85.9595461815037
973 86.0630739353457
974 86.1740376311582
975 86.2905372379341
976 86.4046351866246
977 86.5102784285442
978 86.607681451704
979 86.7005944052881
980 86.7931396298186
981 86.8880991776872
982 86.9836693183286
983 87.0726762472642
984 87.1497300356426
985 87.2186850327012
986 87.2885451442954
987 87.362831121836
988 87.4374061086167
989 87.507633369646
990 87.572701219994
991 87.6333140353063
992 87.6899007283993
993 87.7432184056057
994 87.7929782741374
995 87.836424761717
996 87.8719045265468
997 87.9028774256859
998 87.9344794947919
999 87.9669396881695
1000 87.9956898919216
1001 88.0165902010025
1002 88.0280876641324
1003 88.0306107998837
1004 88.0274983070144
1005 88.0239274274271
1006 88.0207879250031
1007 88.0118413408851
1008 87.9908890888423
1009 87.9595106093211
1010 87.9238786501673
1011 87.886804323024
1012 87.8472026266478
1013 87.8045300245036
1014 87.7591332099908
1015 87.7104061906969
1016 87.6585795543898
1017 87.606164935549
1018 87.5545682725409
1019 87.5024926285693
1020 87.4508993575053
1021 87.4054459157362
1022 87.3695645895252
1023 87.338490813557
1024 87.3044514302789
1025 87.2645541794882
1026 87.2193493939716
1027 87.167556180366
1028 87.1077467373727
1029 87.0423953995021
1030 86.9749808431281
1031 86.9052068905716
1032 86.8313657685977
1033 86.7548807950599
1034 86.6780854789314
1035 86.599675552724
1036 86.5164275452574
1037 86.4275181378014
1038 86.3337709516922
1039 86.2350377263799
1040 86.1318831985335
1041 86.0277057601238
1042 85.9260087234934
1043 85.82736451451
1044 85.7308595721286
1045 85.635700735275
1046 85.5395911689496
1047 85.4389773569053
1048 85.333390252953
1049 85.2265413260526
1050 85.120967395088
1051 85.0149235987885
1052 84.90677940544
1053 84.7989408107002
1054 84.6948148983771
1055 84.5949054052807
1056 84.4978971213124
1057 84.402415405859
1058 84.305802658171
1059 84.2045848435502
1060 84.0989151784015
1061 83.9942126042571
1062 83.8959971345395
1063 83.8047098311282
1064 83.7168325741271
1065 83.629003771488
1066 83.5397935596621
1067 83.4494793552635
1068 83.359501323846
1069 83.27091047961
1070 83.1827325736165
1071 83.0928606294314
1072 83.0006142774999
1073 82.9079918213441
1074 82.819929431534
1075 82.7444980804816
1076 82.6897317691105
1077 82.6564649926327
1078 82.6355971116835
1079 82.6154452409759
1080 82.5909406708407
1081 82.5638306849308
1082 82.5364757659435
1083 82.5094810284081
1084 82.4839303342638
1085 82.4612001475466
1086 82.4403570160336
1087 82.4192691882587
1088 82.3984751143218
1089 82.3808870058028
1090 82.36771682389
1091 82.3578562166816
1092 82.3512434249428
1093 82.3495496755912
1094 82.3532508495309
1095 82.3611496455611
1096 82.3731408583077
1097 82.3903238028641
1098 82.4116497426443
1099 82.4334935645609
1100 82.4540907378694
1101 82.4762313053175
1102 82.5043352062528
1103 82.5395854212559
1104 82.5799396444296
1105 82.622942311815
1106 82.6678976271179
1107 82.7161714363242
1108 82.7699105888392
1109 82.8295826736371
1110 82.8928460197954
1111 82.9570212977067
1112 83.0221844632264
1113 83.0899126333573
1114 83.1591657712086
1115 83.2268432423615
1116 83.293104817799
1117 83.362830584961
1118 83.4397253837011
1119 83.5215764006188
1120 83.6035733144004
1121 83.6841419755231
1122 83.7650664010343
1123 83.8477763593496
1124 83.9322676171971
1125 84.018414083923
1126 84.1059471168037
1127 84.1940766920471
1128 84.2828890537196
1129 84.3737302531156
1130 84.4665216817879
1131 84.5584988717562
1132 84.6474772826313
1133 84.734156324506
1134 84.8189906078022
1135 84.8993951045289
1136 84.9726660613941
1137 85.0388136579953
1138 85.097611986319
1139 85.146734459883
1140 85.1878866522296
1141 85.2326198579795
1142 85.2965742957709
1143 85.3874869093186
1144 85.5008074492685
1145 85.625208643856
1146 85.7493967681954
1147 85.8657063434828
1148 85.9720557608033
1149 86.0707606459716
1150 86.1630505376876
1151 86.2463578103148
1152 86.3193689354672
1153 86.3864305624074
1154 86.4527842233525
1155 86.518038210817
1156 86.5785783567957
1157 86.6340752732371
1158 86.6873452495608
1159 86.7400300700128
1160 86.7923755464817
1161 86.8445424427763
1162 86.8941177032955
1163 86.9356024052114
1164 86.9669711506224
1165 86.9937426555538
1166 87.0221231513422
1167 87.0514802083184
1168 87.0782210420468
1169 87.1032668747256
1170 87.1296934869034
1171 87.1555939190892
1172 87.1752280494431
1173 87.1857895976409
1174 87.1880947325507
1175 87.1816885237115
1176 87.1628494682051
1177 87.1264927673934
1178 87.0701853042718
1179 87.0022869145719
1180 86.9475821457232
1181 86.9349161433306
1182 86.9710580234606
1183 87.0310071842436
1184 87.0796803619812
1185 87.0999148043856
1186 87.0958058389999
1187 87.0769847894766
1188 87.0497474446408
1189 87.0190543038709
1190 86.9881299250367
1191 86.9554690623939
1192 86.9180112244608
1193 86.8761797571512
1194 86.8315848168805
1195 86.7829021979572
1196 86.7292094933848
1197 86.6742928888964
1198 86.6220925994571
1199 86.5705102146605
1200 86.5147599648254
1201 86.4542022020675
1202 86.3911066038254
1203 86.3259623017304
1204 86.2590156442782
1205 86.1930284262747
1206 86.1291638107653
1207 86.0628212194786
1208 85.9886656752092
1209 85.907873606255
1210 85.8262225493224
1211 85.7472136969802
1212 85.6708306443614
1213 85.5962669021972
1214 85.5217983892346
1215 85.4443426716048
1216 85.3628618785606
1217 85.2801944605063
1218 85.1989503741556
1219 85.1187015071627
1220 85.0394055706159
1221 84.9633367474167
1222 84.8903149736835
1223 84.8151400993076
1224 84.7338541712217
1225 84.649377368816
1226 84.5671694798126
1227 84.4884094045208
1228 84.4111317996102
1229 84.3348448574956
1230 84.2599541817526
1231 84.1853215550358
1232 84.1103928642175
1233 84.037681732906
1234 83.9695749283182
1235 83.9043639248412
1236 83.8383601248714
1237 83.7702667575343
1238 83.7011291360791
1239 83.6321362250713
1240 83.5650571019319
1241 83.5027126033044
1242 83.446175825937
1243 83.3929794861979
1244 83.3402406624949
1245 83.2881222254911
1246 83.2385085343443
1247 83.1921078666365
1248 83.1487136804923
1249 83.1086527436419
1250 83.0721336143505
1251 83.0384981719645
1252 83.007530437068
1253 82.9797708737192
1254 82.9544387714192
1255 82.928893443622
1256 82.9016496311913
1257 82.8743098906902
1258 82.8492876442219
1259 82.8274638034866
1260 82.8096393551497
1261 82.798272911359
1262 82.7954317588738
1263 82.7998929014754
1264 82.8082286352579
1265 82.8180126990908
1266 82.8288874338624
1267 82.8412533367786
1268 82.8557754611792
1269 82.8736894513392
1270 82.8956661809354
1271 82.920303545205
1272 82.9452430873578
1273 82.9697744949344
1274 82.9955016092831
1275 83.0245856311556
1276 83.0580421693502
1277 83.0952146035975
1278 83.1338714500418
1279 83.1713369272767
1280 83.2068512477398
1281 83.2426812788115
1282 83.2819205686806
1283 83.3253627447593
1284 83.3716591324804
1285 83.4198307381525
1286 83.4703326867096
1287 83.5233828193721
1288 83.5776723853252
1289 83.6312186896995
1290 83.6828559167891
1291 83.7330356123596
1292 83.7838635339136
1293 83.8378919773135
1294 83.896035208152
1295 83.957070854111
1296 84.0195844546987
1297 84.0831996672859
1298 84.147094720605
1299 84.2091558060442
1300 84.2683090055241
1301 84.3261724848625
1302 84.3850429234313
1303 84.4456403193387
1304 84.5084235099786
1305 84.5747184355451
1306 84.6440264144589
1307 84.7123475187593
1308 84.7762066673907
1309 84.8367882519776
1310 84.8968965710964
1311 84.9566262869567
1312 85.0145230660791
1313 85.0717617590481
1314 85.1308197134594
1315 85.1909962899064
1316 85.2488701113466
1317 85.3026778778192
1318 85.3532777027208
1319 85.4019169880346
1320 85.4500775714823
1321 85.4998624442757
1322 85.551513697915
1323 85.6021974890764
1324 85.6503277292135
1325 85.6986355756818
1326 85.7495016720964
1327 85.7997140919395
1328 85.8439610226569
1329 85.8813096521354
1330 85.9144790244394
1331 85.9462110467676
1332 85.9786316345201
1333 86.0143489421188
1334 86.0541824878012
1335 86.0954532087266
1336 86.1345559182163
1337 86.1691982913882
1338 86.1960340665301
1339 86.2102731407527
1340 86.2124185859342
1341 86.2116708373095
1342 86.2167074999769
1343 86.2273602746358
1344 86.2393064892508
1345 86.2512042562759
1346 86.2634047333951
1347 86.2741055433073
1348 86.2815549338061
1349 86.28694803095
1350 86.2909311748655
1351 86.2907777896469
1352 86.2850421932106
1353 86.2772589736793
1354 86.269832840364
1355 86.2619287259059
1356 86.2518465656992
1357 86.2414007754916
1358 86.2325273503651
1359 86.2229849123192
1360 86.2098521507527
1361 86.1934175179962
1362 86.1735956546756
1363 86.1477520992041
1364 86.1159538556199
1365 86.0826550227679
1366 86.0492372941176
1367 86.0115166300715
1368 85.9677756845728
1369 85.9234488191778
1370 85.8829742440491
1371 85.8422953449674
1372 85.7963350645791
1373 85.7470563162094
1374 85.6970879635924
1375 85.6444797464702
1376 85.5866067291401
1377 85.5251835564149
1378 85.4596378345801
1379 85.3812792558616
1380 85.2762997747803
1381 85.1355503137682
1382 84.9662264299924
1383 84.7997566452446
1384 84.6827281498618
1385 84.6481059004277
1386 84.6924234255444
1387 84.7749561944714
1388 84.8457930518378
1389 84.8814023291302
1390 84.8861275405376
1391 84.868703412467
1392 84.8335342464986
1393 84.789119825727
1394 84.7468230089949
1395 84.7073144429332
1396 84.6615479744365
1397 84.6080585628735
1398 84.5520652434761
1399 84.4968555317762
1400 84.4411896909145
1401 84.3847892320929
1402 84.3302705943074
1403 84.2790366011196
1404 84.2315364664239
1405 84.187259374498
1406 84.1431903560333
1407 84.0931615098304
1408 84.0365284018158
1409 83.9822305108663
1410 83.9378539186432
1411 83.902434106636
1412 83.8671551473648
1413 83.8281126278326
1414 83.7888706384159
1415 83.7495359549074
1416 83.7063358575268
1417 83.6618786157265
1418 83.6265309496086
1419 83.6058701749472
1420 83.5874702817751
1421 83.5585535227668
1422 83.5230001703245
1423 83.4886282086694
1424 83.4597542174161
1425 83.4368999307626
1426 83.4186851250916
1427 83.4014887716759
1428 83.3843732431786
1429 83.3707346976139
1430 83.3595795729709
1431 83.3486790726652
1432 83.3361106157498
1433 83.3219094314872
1434 83.3081895808756
1435 83.2985079192508
1436 83.2985055387538
1437 83.3077156445149
1438 83.3169623019321
1439 83.3182533153048
1440 83.3130213885485
1441 83.3076611119884
1442 83.3081499869034
1443 83.3127044016063
1444 83.317335144813
1445 83.3216585205445
1446 83.3280377245139
1447 83.3360998645448
1448 83.3447335310106
1449 83.3563718402112
1450 83.3689440207638
1451 83.3816381092459
1452 83.3989243180243
1453 83.426644849659
1454 83.4624835475448
1455 83.4943374560869
1456 83.5119452784934
1457 83.5191936815687
1458 83.5229616973089
1459 83.5295857220154
1460 83.5423363052272
1461 83.5601330705336
1462 83.581328416056
1463 83.6042678024894
1464 83.629641354221
1465 83.6573006762643
1466 83.6874721592169
1467 83.7215252820969
1468 83.7632740590231
1469 83.8124477195099
1470 83.8619858490105
1471 83.9062367515406
1472 83.9468986977992
1473 83.9906229384877
1474 84.0424793084777
1475 84.1024607759459
1476 84.1659542759326
1477 84.2285006833868
1478 84.2862558397364
1479 84.3420751947602
1480 84.3976850977639
1481 84.4499837748742
1482 84.4969267303573
1483 84.5433377504989
1484 84.5948679250384
1485 84.6497519680832
1486 84.7032766146037
1487 84.7537239873943
1488 84.8051225157073
1489 84.8491697993462
1490 84.8759803665932
1491 84.8986437720225
1492 84.9361026778289
1493 84.9877141483949
1494 85.0385467350419
1495 85.078229801698
1496 85.1080469450528
1497 85.1342537065419
1498 85.1616510254266
1499 85.1944432823789
1500 85.2301957578891
1501 85.2669079010328
1502 85.3100090043599
1503 85.362586266848
1504 85.4173911822645
1505 85.4580041206834
1506 85.47576326574
1507 85.4783726942023
1508 85.4852631547196
1509 85.5085837458948
1510 85.5395855603436
1511 85.5677158848854
1512 85.5906686380106
1513 85.6117112477472
1514 85.6324648406114
1515 85.6513385450859
1516 85.665751590779
1517 85.6803104760637
1518 85.6997098478691
1519 85.7202772321211
1520 85.7305642278964
1521 85.7267688597717
1522 85.7181997321164
1523 85.7174190048529
1524 85.7252770271846
1525 85.7311931549436
1526 85.7283025053903
1527 85.7188944475299
1528 85.7082931904784
1529 85.6984201329047
1530 85.6858469194956
1531 85.667706617468
1532 85.6420565670985
1533 85.6052866613777
1534 85.5598629507898
1535 85.5146520343723
1536 85.4723581943255
1537 85.4288268001178
1538 85.3792950097189
1539 85.3349600206082
1540 85.3142583908392
1541 85.3130388564621
1542 85.3168772290959
1543 85.3213773424246
1544 85.3273888943026
1545 85.3330266878139
1546 85.3359404767868
1547 85.3326007691792
1548 85.3251474639405
1549 85.3201821954798
1550 85.3181393489301
1551 85.3090478791587
1552 85.2868578066254
1553 85.2550331239194
1554 85.2245122783694
1555 85.1945843957418
1556 85.1542954313499
1557 85.1084146487564
1558 85.083001172576
1559 85.0931142829766
1560 85.0867500038923
1561 85.0382657833697
1562 84.9678338507909
1563 84.8929717484949
1564 84.8253443175244
1565 84.7699334547913
1566 84.7193949709458
1567 84.6604821802148
1568 84.5923066150614
1569 84.5267665267224
1570 84.4688473641271
1571 84.4028314870426
1572 84.318773150584
1573 84.2217433540017
1574 84.1246181119836
1575 84.0451938523876
1576 83.9965854635862
1577 83.9658219162468
1578 83.9248401905373
1579 83.864989849383
1580 83.7969102973098
1581 83.7355204941756
1582 83.6889922074238
1583 83.6575332729382
1584 83.6442530047041
1585 83.6539814795882
1586 83.6824449517506
1587 83.7166389119708
1588 83.7491931850663
1589 83.777726119644
1590 83.7999198348277
1591 83.814278090536
1592 83.8226585526692
1593 83.8272858244742
1594 83.8268054843484
1595 83.8195667582686
1596 83.807669988319
1597 83.7943453856095
1598 83.7797729677635
1599 83.7635510911642
1600 83.7478444599554
1601 83.7354710666755
1602 83.7246750291085
1603 83.7109051546313
1604 83.6938261584389
1605 83.6771136078839
1606 83.6625640421356
1607 83.6482006551962
1608 83.6350248602684
1609 83.6256482286584
1610 83.6153886542276
1611 83.6004916632673
1612 83.5867708387869
1613 83.5807288385368
1614 83.5770776918468
1615 83.5666094107027
1616 83.5495346849788
1617 83.5335571987192
1618 83.5220774375972
1619 83.5160765741994
1620 83.5180605241694
1621 83.5268528724523
1622 83.5393550862381
1623 83.5530093776836
1624 83.5686860104122
1625 83.5872161360465
1626 83.6044425616506
1627 83.6181159935535
1628 83.6302992857207
1629 83.6441133937084
1630 83.6597328255108
1631 83.6807575642474
1632 83.7112958621405
1633 83.7456608353569
1634 83.7683234004819
1635 83.7736321149862
1636 83.7724679821276
1637 83.7796955646237
1638 83.8018596576294
1639 83.8300712416709
1640 83.8570802657854
1641 83.8817373242148
1642 83.9099299481754
1643 83.9460018935742
1644 83.9877224630088
1645 84.0237054835432
1646 84.0398820203588
1647 84.0411297035775
1648 84.0543683893809
1649 84.1017261285741
1650 84.1735290057221
1651 84.235750210214
1652 84.2508809707638
1653 84.2192044432572
1654 84.1875299858526
1655 84.2060156865088
1656 84.2603611106043
1657 84.3166469865651
1658 84.362707331675
1659 84.4027293835761
1660 84.4409996552906
1661 84.4737986827874
1662 84.494160241901
1663 84.505969848961
1664 84.5276655205378
1665 84.5702382618959
1666 84.6238101385733
1667 84.6740631903061
1668 84.709620879435
1669 84.7280332766591
1670 84.7386217367781
1671 84.7578935958556
1672 84.7960029873063
1673 84.8418136666954
1674 84.8738845700963
1675 84.886273354158
1676 84.8938440355579
1677 84.9170731469704
1678 84.954054923991
1679 84.9922626019764
1680 85.0301662368089
1681 85.0740111591491
1682 85.1177571714715
1683 85.1404281495215
1684 85.1362152392439
1685 85.1271517345867
1686 85.1384582471557
1687 85.1699023736796
1688 85.2040945944638
1689 85.2268071560002
1690 85.2404845169251
1691 85.2555256108971
1692 85.2797448776186
1693 85.3063433336553
1694 85.3209864557349
1695 85.3255746156064
1696 85.3388505942164
1697 85.3636477526404
1698 85.3843673108621
1699 85.391986408534
1700 85.3976996713663
1701 85.406860572076
1702 85.413328592171
1703 85.416268170001
1704 85.4173821745434
1705 85.4188755405547
1706 85.4225359536612
1707 85.4277186264991
1708 85.4311966398
1709 85.4287937858918
1710 85.421041910652
1711 85.4110375019957
1712 85.4021914644555
1713 85.3948657505001
1714 85.385973832174
1715 85.3757243126151
1716 85.3677638533776
1717 85.3624803179593
1718 85.3562610443607
1719 85.3454621083436
1720 85.3261894978938
1721 85.2980272150584
1722 85.2693593967611
1723 85.2473269774285
1724 85.2307758551962
1725 85.2135274500355
1726 85.1945295180898
1727 85.1762006040464
1728 85.1574054658911
1729 85.1400122174953
1730 85.1240493110978
1731 85.1032043083652
1732 85.0764180992112
1733 85.0584627296065
1734 85.0670274240873
1735 85.0797572500996
1736 85.0603218222198
1737 85.0113371466446
1738 84.9613120839923
1739 84.9335536486504
1740 84.9255759569802
1741 84.9160864610269
1742 84.8964140060534
1743 84.8738140613333
1744 84.8503924408677
1745 84.8236170205521
1746 84.7965110387481
1747 84.7729155357916
1748 84.7501141581472
1749 84.7283826757938
1750 84.7121478297817
1751 84.7027812993319
1752 84.6903019114179
1753 84.6627582215446
1754 84.6235521213485
1755 84.5825836918593
1756 84.5476696541619
1757 84.5205854964869
1758 84.4961916979517
1759 84.4662744191221
1760 84.4305533626149
1761 84.3967174691447
1762 84.3714726536236
1763 84.3521247465503
1764 84.3267721139222
1765 84.2918302026848
1766 84.2543172957846
1767 84.2236598453958
1768 84.2005730659468
1769 84.1781978458256
1770 84.1521489154445
1771 84.1262668224831
1772 84.105378117488
1773 84.0876500839663
1774 84.0675370788162
1775 84.04046574556
1776 84.0084987346818
1777 83.9786414931974
1778 83.9541021690842
1779 83.9322111158843
1780 83.9118661176286
1781 83.8930897759506
1782 83.875682890538
1783 83.8582640354926
1784 83.8395429634265
1785 83.8219854320156
1786 83.8051614665893
1787 83.7905813589914
1788 83.7806700346921
1789 83.7742022798757
1790 83.7669880574452
1791 83.7560507149974
1792 83.7420009498611
1793 83.7268690956042
1794 83.7141055227401
1795 83.7064314465454
1796 83.702206041552
1797 83.6987955532517
1798 83.6945327147092
1799 83.6906403201849
1800 83.6884302512529
1801 83.6861660668741
1802 83.6834947824723
1803 83.6831221464032
1804 83.6860149594317
1805 83.6917705375526
1806 83.6987202727031
1807 83.7075552250023
1808 83.7180669977258
1809 83.7273611010282
1810 83.73413185875
1811 83.7415845805012
1812 83.7520804316058
1813 83.7637335707321
1814 83.7771219657299
1815 83.7946831602446
1816 83.8150764192383
1817 83.8349199424672
1818 83.851916643044
1819 83.8687539989385
1820 83.8895577437702
1821 83.9161536723472
1822 83.9476638704905
1823 83.9778166565886
1824 83.9999610384645
1825 84.0161095351609
1826 84.0363390846491
1827 84.0657025877581
1828 84.0965731463017
1829 84.1193806221488
1830 84.1351037118549
1831 84.1541360425222
1832 84.1828618796975
1833 84.2178628792392
1834 84.2529459279211
1835 84.2859977377002
1836 84.3201999883791
1837 84.3556961818962
1838 84.3887347616173
1839 84.4210019806205
1840 84.4588958541645
1841 84.50234430544
1842 84.542242912404
1843 84.5693063334562
1844 84.5875761808777
1845 84.6097879892896
1846 84.6417861579974
1847 84.6792859442504
1848 84.715924492007
1849 84.7489307699602
1850 84.7786528468277
1851 84.8075468106846
1852 84.8380733017786
1853 84.8709258782594
1854 84.9042246871914
1855 84.9360677113427
1856 84.9677938904475
1857 84.9984461961926
1858 85.0268782704225
1859 85.0556731929254
1860 85.0878316147441
1861 85.1211327602526
1862 85.1510347301922
1863 85.1777577093544
1864 85.2050593609405
1865 85.2332278257738
1866 85.2591494528932
1867 85.2822391935322
1868 85.3053132610801
1869 85.3292470233922
1870 85.3519445331864
1871 85.3727243192968
1872 85.3916606778529
1873 85.4075799365277
1874 85.4206842612754
1875 85.4341365635539
1876 85.4496456977049
1877 85.4642517475834
1878 85.4756746074779
1879 85.4865456499661
1880 85.4996546922201
1881 85.5129584191312
1882 85.5216900581406
1883 85.5252626783589
1884 85.5282678152426
1885 85.5322257794525
1886 85.5342067513634
1887 85.5339324032488
1888 85.5347394294524
1889 85.5378860308718
1890 85.5400523760308
1891 85.5381844924171
1892 85.5322115023873
1893 85.5227240534724
1894 85.5109094789356
1895 85.4996943146476
1896 85.4909584084051
1897 85.4825707919588
1898 85.4718975906095
1899 85.4602407498357
1900 85.4488666028492
1901 85.4347940954096
1902 85.414853535072
1903 85.390792352808
1904 85.3679601557572
1905 85.3470750380265
1906 85.3245040126634
1907 85.300619280043
1908 85.2789867522088
1909 85.2599882545554
1910 85.2405633501482
1911 85.2173483791955
1912 85.191045986399
1913 85.1627817799307
1914 85.1318461012118
1915 85.0984911988916
1916 85.065631576896
1917 85.037339816417
1918 85.014034208094
1919 84.9907586201826
1920 84.9617323485865
1921 84.925714856388
1922 84.8872662175367
1923 84.8514316856324
1924 84.8186401006786
1925 84.7856322648966
1926 84.7510144980118
1927 84.7173735476137
1928 84.6861022334775
1929 84.654845241552
1930 84.621690459913
1931 84.5861388772421
1932 84.5494442911057
1933 84.5121406686947
1934 84.4750653668944
1935 84.4394911917278
1936 84.4050211805088
1937 84.3712040086606
1938 84.3384096331628
1939 84.306735174776
1940 84.2751741745592
1941 84.243248161332
1942 84.2124139260793
1943 84.1839736381174
1944 84.1563578775081
1945 84.126484320014
1946 84.0935674135143
1947 84.0598788152429
1948 84.0275148625847
1949 83.9966258837992
1950 83.9671732390034
1951 83.9404382602883
1952 83.9174267241102
1953 83.8969093896697
1954 83.876821998094
1955 83.8555343628507
1956 83.8321178373922
1957 83.8080200586582
1958 83.7862722395494
1959 83.7687713809459
1960 83.7544447308899
1961 83.741192188156
1962 83.7286719935742
1963 83.7176168053542
1964 83.7073879494378
1965 83.6959823789125
1966 83.6826876654786
1967 83.6693310409231
1968 83.6581944722184
1969 83.6498517096299
1970 83.6435062059114
1971 83.6386451637088
1972 83.6355008192647
1973 83.634161313363
1974 83.633895597017
1975 83.6338356307557
1976 83.6339968934363
1977 83.6353071242947
1978 83.6386273274794
1979 83.644098056737
1980 83.6511545584973
1981 83.6591773671672
1982 83.6680102605493
1983 83.678038307388
1984 83.6896695785562
1985 83.7019329215639
1986 83.7140760096245
1987 83.7272389875839
1988 83.7434615757079
1989 83.7624868358202
1990 83.7809599751792
1991 83.7960263421992
1992 83.8091956920355
1993 83.825184162774
1994 83.8465184632622
1995 83.8709366865493
1996 83.8946646906096
1997 83.9164958926936
1998 83.9373459055254
1999 83.9577027426033
2000 83.9779694824653
2001 84.0006937204796
2002 84.029353798876
2003 84.0644123173569
2004 84.1019677895841
2005 84.1366061464024
2006 84.1667495887386
2007 84.1945265342713
2008 84.2221279468502
2009 84.2502660270206
2010 84.2794713142541
2011 84.3109436295486
2012 84.3449521109658
2013 84.3804115127583
2014 84.4163030012774
2015 84.4523111676018
2016 84.4877168971712
2017 84.5211021078372
2018 84.551753338288
2019 84.5805450266398
2020 84.6091461324706
2021 84.6392226056616
2022 84.6721893064651
2023 84.7083688364206
2024 84.7462605541714
2025 84.7835294726791
2026 84.8188811149491
2027 84.8521908529776
2028 84.8837765477272
2029 84.9144988606273
2030 84.9456946440944
2031 84.9781073217716
2032 85.010433537214
2033 85.0408315747137
2034 85.0693107861532
2035 85.097369451503
2036 85.1252900520216
2037 85.1517765556334
2038 85.1765638649839
2039 85.201102570399
2040 85.2260544267062
2041 85.2502240988294
2042 85.2727607935324
2043 85.2943977329752
2044 85.3154504520461
2045 85.334627671835
2046 85.3512272136962
2047 85.3667804810514
2048 85.382976050308
2049 85.3992062308529
2050 85.4135743325536
2051 85.425247566202
2052 85.4347764644337
2053 85.4431565198565
2054 85.4514018552675
2055 85.4601439465694
2056 85.4686728912343
2057 85.4751664210531
2058 85.4788223176323
2059 85.4810012006676
2060 85.4829653990325
2061 85.4837381960824
2062 85.4816998231269
2063 85.4773974392561
2064 85.4731635466646
2065 85.4704591340788
2066 85.4687735065683
2067 85.4665322507624
2068 85.4620109245844
2069 85.4539333472907
2070 85.4423593758369
2071 85.4286585333624
2072 85.4139373747355
2073 85.3980699309264
2074 85.3809495898274
2075 85.3635972273078
2076 85.3471368198211
2077 85.3313729634508
2078 85.3150045471237
2079 85.2970124553255
2080 85.2767179925965
2081 85.2534713308233
2082 85.2274183832976
2083 85.1999472517432
2084 85.1727007562368
2085 85.1463561718271
2086 85.1207055545796
2087 85.0950993624499
2088 85.068491238051
2089 85.0399983940759
2090 85.0100139583012
2091 84.9799908400989
2092 84.9506424401435
2093 84.9211208351438
2094 84.8902349420416
2095 84.8575781346436
2096 84.8233662579733
2097 84.7884454143946
2098 84.7547339922909
2099 84.7241533625098
2100 84.696214692285
2101 84.6677693078328
2102 84.6358255689316
2103 84.599773824922
2104 84.5610458020277
2105 84.5218657122938
2106 84.484726158587
2107 84.4513761521983
2108 84.4212100313609
2109 84.3917076952834
2110 84.3611912176518
2111 84.3302835988181
2112 84.3001271166762
2113 84.2703840805754
2114 84.2399298619755
2115 84.2085581324009
2116 84.1769417721145
2117 84.1455095792883
2118 84.1142902357876
2119 84.0835173970254
2120 84.0537173941192
2121 84.0254226510492
2122 83.9990874173091
2123 83.9748063629378
2124 83.9517896490534
2125 83.9286047315736
2126 83.9043577188161
2127 83.879429874391
2128 83.8550063054102
2129 83.8323743147043
2130 83.8126463680268
2131 83.7963366543226
2132 83.7828055886854
2133 83.7705452375509
2134 83.7582356384366
2135 83.7452880451303
2136 83.7315746726602
2137 83.7173547638282
2138 83.7036151875365
2139 83.6918668301796
2140 83.6831871360544
2141 83.6775776076397
2142 83.6741979471036
2143 83.6719602914384
2144 83.6700131779654
2145 83.6680179804694
2146 83.6660332078891
2147 83.664225081646
2148 83.6630726868958
2149 83.6637647285634
2150 83.6675412305129
2151 83.6741063416875
2152 83.6814964323044
2153 83.6882934855118
2154 83.6952768488203
2155 83.7040453665427
2156 83.7147681923821
2157 83.7263924546088
2158 83.7384531087244
2159 83.7513666648976
2160 83.7652713298462
2161 83.7799104453754
2162 83.7955672118443
2163 83.812881774436
2164 83.8317285711586
2165 83.8513611918676
2166 83.8716219598025
2167 83.892889918233
2168 83.9148740512566
2169 83.9366927388899
2170 83.9582437665878
2171 83.9803157121098
2172 84.00325927797
2173 84.0268483156363
2174 84.0515859078958
2175 84.0786324004292
2176 84.1079316962174
2177 84.1377669119106
2178 84.1669218818798
2179 84.1961563455279
2180 84.2267992361594
2181 84.2589622742582
2182 84.2919326119493
2183 84.3252762529812
2184 84.3586000861736
2185 84.3911425024227
2186 84.4226424635126
2187 84.4538570948571
2188 84.4851879071615
2189 84.5155594129841
2190 84.5439077741552
2191 84.5712845347636
2192 84.6001605625228
2193 84.6317238143928
2194 84.6648514763001
2195 84.6976549049251
2196 84.7291099828005
2197 84.7591686437412
2198 84.7882155609636
2199 84.8167813275289
2200 84.8453112381078
2201 84.8739487153854
2202 84.9025961004764
2203 84.9310140527672
2204 84.9587214682915
2205 84.9851703864676
2206 85.0102998064863
2207 85.0345704740412
2208 85.0582691378696
2209 85.0813091793174
2210 85.1039395947209
2211 85.1268883668957
2212 85.1502924448855
2213 85.1731562282966
2214 85.1944917075964
2215 85.2144453808303
2216 85.2336877205155
2217 85.2522330285039
2218 85.2695081895144
2219 85.2851316883482
2220 85.2990249028346
2221 85.3112387742145
2222 85.3222780576153
2223 85.3330785554939
2224 85.3439903090904
2225 85.3541540220329
2226 85.3624791239394
2227 85.368858610385
2228 85.3740214621779
2229 85.3786763608881
2230 85.3832658739506
2231 85.3879057028129
2232 85.3920168638888
2233 85.394559033329
2234 85.3951333107081
2235 85.3942473921388
2236 85.392070380442
2237 85.3878456193589
2238 85.3812225129682
2239 85.3732930668093
2240 85.3652361569277
2241 85.3565822674474
2242 85.3458605626503
2243 85.3327125050836
2244 85.3183915243202
2245 85.3043083177976
2246 85.2907079284065
2247 85.2766325440461
2248 85.2607416291967
2249 85.2423788867228
2250 85.2224236839046
2251 85.2026605495992
2252 85.1840645152758
2253 85.1656715210022
2254 85.1456848269963
2255 85.1231156460235
2256 85.0986362772579
2257 85.0738032854631
2258 85.0498248663111
2259 85.0264187812784
2260 85.0018698863042
2261 84.97498692808
2262 84.9466064136094
2263 84.9188635739685
2264 84.8924656070769
2265 84.8660730671554
2266 84.8382043918466
2267 84.8088067876411
2268 84.7787758330016
2269 84.7486840379976
2270 84.7186346863958
2271 84.688407614833
2272 84.6576419304265
2273 84.6264572775058
2274 84.5960563925218
2275 84.5674402032086
2276 84.5399271545897
2277 84.5116577654184
2278 84.482277645838
2279 84.4531645825719
2280 84.4251055855582
2281 84.3968918420157
2282 84.3669286008965
2283 84.335361074388
2284 84.3033874708409
2285 84.2720842198056
2286 84.2418083821036
2287 84.2128330676675
2288 84.1846029306916
2289 84.1562056529471
2290 84.1272596110368
2291 84.0986541451525
2292 84.0710746651885
2293 84.0436838068968
2294 84.0150717201647
2295 83.9843245527379
2296 83.952180781429
2297 83.9198476158172
2298 83.8897246882695
2299 83.862913240967
2300 83.8392777597971
2301 83.816292945809
2302 83.7926502824964
2303 83.7682482533739
2304 83.7444823993774
2305 83.722098264549
2306 83.7016225517687
2307 83.6829237567586
2308 83.6656770345019
2309 83.6489965739036
2310 83.6327207584394
2311 83.6161808337468
2312 83.5997324158334
2313 83.5838351492822
2314 83.5715076658608
2315 83.5636521052485
2316 83.5577418277461
2317 83.5465390833245
2318 83.5272709143277
2319 83.5029225635808
2320 83.4825743038732
2321 83.4723064118641
2322 83.4743369518006
2323 83.4865204174304
2324 83.5047297563568
2325 83.5236651095246
2326 83.5377351865146
2327 83.5432114455472
2328 83.5402989021581
2329 83.5332142520771
2330 83.5326168340422
2331 83.545559465766
2332 83.571947280583
2333 83.6010473893096
2334 83.6259118205538
2335 83.6462377162518
2336 83.6650822195568
2337 83.6819065488974
2338 83.6962191599454
2339 83.7106539674949
2340 83.7277739701064
2341 83.73873070588
2342 83.7333548678722
2343 83.7204810096253
2344 83.7205063848889
2345 83.7467723304954
2346 83.7925494545595
2347 83.8424794200874
2348 83.8841449219932
2349 83.9122441914284
2350 83.9310080294299
2351 83.9531477678068
2352 83.9847081863198
2353 84.010947650356
2354 84.0251781644362
2355 84.0419388805276
2356 84.070573364832
2357 84.1061323337345
2358 84.1396434734646
2359 84.1647727530109
2360 84.1878366695944
2361 84.2146750369053
2362 84.2485253399685
2363 84.2855283982594
2364 84.3171073401776
2365 84.340653323565
2366 84.362336281396
2367 84.3882540913456
2368 84.4186763757886
2369 84.4512136917259
2370 84.4851338224359
2371 84.5209840043734
2372 84.5582572413286
2373 84.5957108492045
2374 84.6328210752666
2375 84.6695061860046
2376 84.7057259586439
2377 84.7421377055334
2378 84.780469298732
2379 84.8221028762726
2380 84.8664710371786
2381 84.9884430586155
2382 85.0075477378128
2383 85.0270496072569
2384 85.0462412245386
2385 85.0640799821922
2386 85.0802421147254
2387 85.0926133417714
2388 85.109182228857
2389 85.1249934083314
2390 85.1397262563483
2391 85.1526199458264
2392 85.1633301210866
2393 85.1725707816427
2394 85.1818743198372
2395 85.1922005921187
2396 85.2027337907903
2397 85.2115170024855
2398 85.2173973853297
2399 85.2208619521262
2400 85.2229667041329
2401 85.2242525072302
2402 85.2250529064824
2403 85.2260313364685
2404 85.2275262488864
2405 85.2286640505912
2406 85.2280017731468
2407 85.2251608589182
2408 85.2211909783915
2409 85.2171032974373
2410 85.2126238289882
2411 85.2068550144889
2412 85.1997566074785
2413 85.1922088835448
2414 85.1845619246915
2415 85.1758945518181
2416 85.1652318691734
2417 85.1529982959792
2418 85.1404827451664
2419 85.1280033590152
2420 85.114435987703
2421 85.0987260571787
2422 85.0811303732418
2423 85.062668327929
2424 85.0440626652992
2425 85.0256715717101
2426 85.0077387394724
2427 84.9899650323966
2428 84.9712903426867
2429 84.9508999738962
2430 84.929255465002
2431 84.9075094118236
2432 84.8861186389723
2433 84.8646510749262
2434 84.8426938665719
2435 84.8201786902649
2436 84.7968915632264
2437 84.7724600029799
2438 84.7470329494119
2439 84.7214824147686
2440 84.6967815265682
2441 84.673445782085
2442 84.6514050393568
2443 84.6299061563146
2444 84.6076360305268
2445 84.583563175149
2446 84.5578173763096
2447 84.5314127404908
2448 84.5051731031956
2449 84.4793638446624
2450 84.454230618255
2451 84.4301771477188
2452 84.4071604538313
2453 84.3843994134842
2454 84.3610903021328
2455 84.3373505275095
2456 84.3143233154482
2457 84.293277474331
2458 84.2743590675235
2459 84.256079340418
2460 84.2363429429756
2461 84.2143151585525
2462 84.1911188577504
2463 84.1685632572216
2464 84.1476671306217
2465 84.128744776661
2466 84.1121294760622
2467 84.0977585103804
2468 84.0843248126469
2469 84.0700433765263
2470 84.0545880334655
2471 84.0394951035245
2472 84.0263280798778
2473 84.0151080771695
2474 84.0049022845612
2475 83.9952764235411
2476 83.9865379744512
2477 83.9789156232608
2478 83.9721411425676
2479 83.9657697942448
2480 83.9594875345889
2481 83.9531919994061
2482 83.9472440907568
2483 83.9426934959654
2484 83.9407408834132
2485 83.9415448059852
2486 83.9436725924789
2487 83.945141174324
2488 83.9451962653057
2489 83.9449516575444
2490 83.9462087999189
2491 83.9498205262087
2492 83.9553128677286
2493 83.9617906353484
2494 83.9687676051793
2495 83.9761165020958
2496 83.9836144071234
2497 83.9907809990246
2498 83.9971330420822
2499 84.0026915134916
2500 84.0084330074462
2501 84.0160511996281
2502 84.0267380803756
2503 84.0399650159414
2504 84.0536918765896
2505 84.0659453826948
2506 84.0762084971787
2507 84.0855334236696
2508 84.0956740568261
2509 84.1079467602499
2510 84.1223768408749
2511 84.1378499727101
2512 84.1534269293926
2513 84.1693973501086
2514 84.1865768797914
2515 84.2047989679809
2516 84.2229182350006
2517 84.2403224270795
2518 84.2575275532777
2519 84.2750300082012
2520 84.2924848445057
2521 84.3095093580842
2522 84.3265525247427
2523 84.3444406978105
2524 84.363712893491
2525 84.3848257644302
2526 84.4081038604337
2527 84.4326791665946
2528 84.4562324341508
2529 84.4768821187571
2530 84.4950700497058
2531 84.5127813994932
2532 84.5312241231505
2533 84.5501201455968
2534 84.5689705537556
2535 84.5879698772475
2536 84.6075681883139
2537 84.6278836916876
2538 84.6486991347961
2539 84.6695288967194
2540 84.6896809933894
2541 84.708741873307
2542 84.7269837793412
2543 84.744886691989
2544 84.7624204374406
2545 84.7792878024692
2546 84.795661919332
2547 84.812050659981
2548 84.828546369631
2549 84.8448998535961
2550 84.8613529089118
2551 84.8786700178224
2552 84.8970166941145
2553 84.9152082377699
2554 84.9314357383817
2555 84.9447565532911
2556 84.9559038446197
2557 84.9666771719248
2558 84.9783520413436
2559 84.990536419987
2560 85.0016930457031
2561 85.0106810338861
2562 85.017411036607
2563 85.0222633327243
2564 85.0259158744131
2565 85.0299988330183
2566 85.0365790648371
2567 85.045857436581
2568 85.0550763470799
2569 85.0609309606148
2570 85.0628502627678
2571 85.0630307528126
2572 85.0636052344295
2573 85.0648379921308
2574 85.0659042084566
2575 85.066243018388
2576 85.0658632533496
2577 85.0650777781866
2578 85.0641691141591
2579 85.0628247641178
2580 85.0599408939783
2581 85.0546016183163
2582 85.0472959131323
2583 85.0396498976647
2584 85.0329117590392
2585 85.0270204032356
2586 85.0209364517732
2587 85.0134456935086
2588 85.0039284659219
2589 84.9928904345166
2590 84.981511956394
2591 84.9702274146211
2592 84.9581848718245
2593 84.9447016562858
2594 84.9306957531442
2595 84.9177271902621
2596 84.9058922871457
2597 84.8936193003681
2598 84.879500954415
2599 84.863571148395
2600 84.8468510363134
2601 84.8303390778434
2602 84.8143729907918
2603 84.7983800751678
2604 84.7814237123457
2605 84.7635340772466
2606 84.7460860214232
2607 84.7300792646785
2608 84.7144372596557
2609 84.6970149542016
2610 84.6771425532425
2611 84.6562298925084
2612 84.6359168225214
2613 84.6165518738975
2614 84.5975478276565
2615 84.5783827546867
2616 84.5590363964074
2617 84.5399803325903
2618 84.521775050898
2619 84.5042472775108
2620 84.486257651163
2621 84.4667878592733
2622 84.4460034630576
2623 84.4248257952587
2624 84.4040553956375
2625 84.3845850220006
2626 84.3675860149123
2627 84.3531083904868
2628 84.3389188558456
2629 84.3223145153779
2630 84.3032845685089
2631 84.2846803144177
2632 84.2690199964466
2633 84.2561268263643
2634 84.2440488712178
2635 84.231224485146
2636 84.2174509165213
2637 84.2037234597864
2638 84.1915709066996
2639 84.1818014801586
2640 84.1735241698855
2641 84.1649450743777
2642 84.1552124683378
2643 84.1448134298354
2644 84.1342572887953
2645 84.1234891641905
2646 84.1129347637465
2647 84.1040340276994
2648 84.0979169999375
2649 84.0939816080542
2650 84.090310608406
2651 84.0852988906833
2652 84.0787625073264
2653 84.0718996911008
2654 84.0663383997693
2655 84.0628002601094
2656 84.0605357091051
2657 84.0583212148714
2658 84.0558458470002
2659 84.0536919050987
2660 84.052352501335
2661 84.0521465623866
2662 84.0538317723876
2663 84.0580036137774
2664 84.0635946078008
2665 84.0681285432708
2666 84.0701104741419
2667 84.0703835840425
2668 84.0705980644993
2669 84.0712327995892
2670 84.0719624715949
2671 84.073268640923
2672 84.0764637852369
2673 84.0820561655089
2674 84.0888647038506
2675 84.0950776864791
2676 84.0999626158156
2677 84.1044981123294
2678 84.1105233030751
2679 84.1192492533336
2680 84.1304227815188
2681 84.1428528254414
2682 84.1556401966659
2683 84.168702137047
2684 84.1821392400441
2685 84.1954404479795
2686 84.2075588830984
2687 84.2177298881588
2688 84.2262066893936
2689 84.2342929794555
2690 84.2435423786739
2691 84.2546348744165
2692 84.2670171802774
2693 84.2798572552996
2694 84.293243342252
2695 84.3079827340001
2696 84.3240692021186
2697 84.3398161147706
2698 84.3530674461242
2699 84.3633718004249
2700 84.3726942638471
2701 84.3837673583339
2702 84.3977803635496
2703 84.413768461248
2704 84.4300163465838
2705 84.445545964647
2706 84.4602074391225
2707 84.4741454389593
2708 84.4878762322551
2709 84.5023632219046
2710 84.5180047872966
2711 84.5336527827253
2712 84.5475875084717
2713 84.5595236620966
2714 84.570790121913
2715 84.5825278772711
2716 84.5946948732238
2717 84.6067702631953
2718 84.6180782707956
2719 84.627321308917
2720 84.633598356606
2721 84.6385650301667
2722 84.6457005611088
2723 84.6561814249409
2724 84.6672276690945
2725 84.6762718858608
2726 84.6852057258027
2727 84.6980787148488
2728 84.7153567383897
2729 84.7329380245859
2730 84.7467306821523
2731 84.7560051225798
2732 84.7621525038469
2733 84.7664962224677
2734 84.7701720574472
2735 84.7744039229063
2736 84.7797442067454
2737 84.7858224737023
2738 84.792200169537
2739 84.7985432207463
2740 84.803976092331
2741 84.8076997660644
2742 84.8104523417806
2743 84.8137282230321
2744 84.8170499457835
2745 84.8177431686265
2746 84.8144107378599
2747 84.8092400292368
2748 84.8056993605124
2749 84.8050058176298
2750 84.8059752441839
2751 84.8072991807548
2752 84.8084958640185
2753 84.8091631529277
2754 84.8087708749186
2755 84.8072546463183
2756 84.8048954712687
2757 84.8015576891771
2758 84.7967116449999
2759 84.790271621666
2760 84.7829643377358
2761 84.775805072581
2762 84.7693322914448
2763 84.7631495139356
2764 84.7561486775932
2765 84.7476250648888
2766 84.7383643797048
2767 84.7301576457271
2768 84.7239734832624
2769 84.7189326515615
2770 84.7130347569134
2771 84.7042525790181
2772 84.6911492527684
2773 84.6739815517765
2774 84.6560173210571
2775 84.6423944096223
2776 84.6359438242348
2777 84.6342648129252
2778 84.6320173280126
2779 84.6259568198167
2780 84.616755124217
2781 84.6063795986549
2782 84.595516639267
2783 84.5839750845635
2784 84.5717126811739
2785 84.5579738442898
2786 84.5406289210799
2787 84.518580352953
2788 84.4948912194618
2789 84.4755757876704
2790 84.4642786976226
2791 84.4591332478139
2792 84.4554485099304
2793 84.4499945174213
2794 84.4413856770412
2795 84.4280156892829
2796 84.4087737026435
2797 84.386263119761
2798 84.3667688032003
2799 84.3552651098679
2800 84.3511810418094
2801 84.3497956265155
2802 84.3467589004128
2803 84.3405486499808
2804 84.3318081839371
2805 84.321684183289
2806 84.3103708627048
2807 84.296634557196
2808 84.2796936438314
2809 84.2621742979602
2810 84.2495100247103
2811 84.2446443182488
2812 84.2442865717167
2813 84.2421626765581
2814 84.2352287994993
2815 84.2249028936288
2816 84.213186932837
2817 84.2004687529884
2818 84.1874038195037
2819 84.1761653166718
2820 84.1682478391642
2821 84.1623831709966
2822 84.1559559800209
2823 84.1478972904582
2824 84.1394528808172
2825 84.1325349451722
2826 84.1276664434888
2827 84.1232052981546
2828 84.1166592524597
2829 84.1071424828858
2830 84.0960085836756
2831 84.0845056514367
2832 84.0719456824467
2833 84.0572782726973
2834 84.0406419735231
2835 84.0210024948443
2836 83.9943716904306
2837 83.9591471242632
2838 83.9231155851512
2839 83.8992853780836
2840 83.8914560244296
2841 83.8871636224573
2842 83.8677672817911
2843 83.8222960008845
2844 83.7483629639008
2845 83.6451420237739
2846 83.5152779077497
2847 83.3758154183642
2848 83.260018839504
2849 83.2012713732979
2850 83.2131476385584
2851 83.2839442013732
2852 83.3871537776741
2853 83.4960729581574
2854 83.5930430801049
2855 83.6712649452709
2856 83.7310187203888
2857 83.774643405117
2858 83.8052596849774
2859 83.8288664766594
2860 83.8536593116795
2861 83.8842904299348
2862 83.9178440111584
2863 83.9476958866285
2864 83.9707356604006
2865 83.9890782547076
2866 84.005916516193
2867 84.0223737223926
2868 84.0376486903769
2869 84.0487337086294
2870 84.0498811408632
2871 84.0370902734078
2872 84.0162363163575
2873 84.0036908258386
2874 84.0139170277124
2875 84.0457840272613
2876 84.0836753267218
2877 84.112430320113
2878 84.1290024805263
2879 84.1396115982697
2880 84.1496087542859
2881 84.1591868296144
2882 84.1668472843552
2883 84.1727393439147
2884 84.1776233481878
2885 84.1810493105458
2886 84.1821610393904
2887 84.1812538412189
2888 84.1794712824925
2889 84.177671204686
2890 84.1762213024411
2891 84.1748084928192
2892 84.171470484827
2893 84.1632311715667
2894 84.1498825647778
2895 84.1367256918438
2896 84.1309365132255
2897 84.1341727724325
2898 84.1404888230469
2899 84.1426377501509
2900 84.1387307069604
2901 84.1312710513094
2902 84.1217815461153
2903 84.1096496328594
2904 84.0948803301736
2905 84.0785835582268
2906 84.0592675243309
2907 84.0315807389736
2908 83.9898059275423
2909 83.9299699744131
2910 83.8476661945463
2911 83.7385273957391
2912 83.6057932325963
2913 83.465977937373
2914 83.3421806956502
2915 83.2507571860949
2916 83.1964567766153
2917 83.1787314106474
2918 83.1971121945827
2919 83.2483391581831
2920 83.322509401059
2921 83.4063927476223
2922 83.4903421115182
2923 83.5707586660072
2924 83.6472142749644
2925 83.7187569030169
2926 83.7822391110386
2927 83.8338518661438
2928 83.8742097358235
2929 83.9122604003755
2930 83.9603940394613
2931 84.0225956754494
2932 84.0893499378943
2933 84.1470159854669
2934 84.1905375134443
2935 84.2242107975219
2936 84.25261687349
2937 84.2759785348073
2938 84.2936600823843
2939 84.3062586696022
2940 84.3124350834721
2941 84.3085369533332
2942 84.2946815053763
2943 84.2782774909208
2944 84.2684141033801
2945 84.26874534228
2946 84.2781719945318
2947 84.2951879489816
2948 84.3166957035471
2949 84.3340090191463
2950 84.3365345569666
2951 84.3223769454097
2952 84.3021287270171
2953 84.2891614661409
2954 84.2874244522624
2955 84.290705779531
2956 84.2920771296588
2957 84.2906319455398
2958 84.2890738798926
2959 84.288412467242
2960 84.2875091082252
2961 84.2864402126088
2962 84.2877352374444
2963 84.2939299500786
2964 84.3051227852503
2965 84.3191852539692
2966 84.3334342973379
2967 84.3458523987414
2968 84.3555274285486
2969 84.3623091643692
2970 84.3654985132803
2971 84.3630297836726
2972 84.3534199583526
2973 84.3392413232249
2974 84.3271317071406
2975 84.3223501308042
2976 84.3234003638325
2977 84.3235884430967
2978 84.3183551700173
2979 84.3100135924136
2980 84.3048314577825
2981 84.3065868751906
2982 84.3137318766111
2983 84.3217145425027
2984 84.3266629655826
2985 84.3273821459402
2986 84.3253453409427
2987 84.3225840662623
2988 84.3179879215023
2989 84.3059917748411
2990 84.2820173718285
2991 84.2509533705911
2992 84.2273218959198
2993 84.2225868217358
2994 84.2322929925699
2995 84.2398010297233
2996 84.2343785722909
2997 84.2222456549805
2998 84.2174351506441
2999 84.2250078484743
3000 84.2371276512908
3001 84.2436754607507
3002 84.2417173106337
3003 84.2345164970766
3004 84.2262769286634
3005 84.219752272936
3006 84.2150407962485
3007 84.2076255124899
3008 84.1899651558809
3009 84.1585358739007
3010 84.1188738899408
3011 84.0818630302411
3012 84.0560161846791
3013 84.0448227525263
3014 84.0489746366094
3015 84.0667045231557
3016 84.0916355516677
3017 84.114433524735
3018 84.1294493437769
3019 84.1385249152817
3020 84.1464001026336
3021 84.1534312356648
3022 84.1553097264434
3023 84.1503632620946
3024 84.1446541552091
3025 84.1470274230771
3026 84.1590435769541
3027 84.1723825581916
3028 84.1776927060623
3029 84.1737999749368
3030 84.1656568903198
3031 84.1554752819513
3032 84.141281476634
3033 84.1251411433345
3034 84.1171083222776
3035 84.1262684495041
3036 84.1494039470691
3037 84.1717650509916
3038 84.1787426192554
3039 84.1658278494819
3040 84.1400093294566
3041 84.1147717132478
3042 84.1023908485466
3043 84.107287157664
3044 84.1254171014836
3045 84.1500496134992
3046 84.1760853736659
3047 84.1979471918707
3048 84.2083057397385
3049 84.2047482308805
3050 84.1961036489101
3051 84.1958378464325
3052 84.2081067692898
3053 84.2247277668727
3054 84.2366632947487
3055 84.2439434214274
3056 84.2526653099492
3057 84.26648228004
3058 84.2838465180285
3059 84.3005728951941
3060 84.31239737682
3061 84.3173208979515
3062 84.3174191139614
3063 84.3161711587393
3064 84.3128939601702
3065 84.3036480273507
3066 84.2901679536334
3067 84.2836549393856
3068 84.2947843536962
3069 84.3217172152057
3070 84.3522106698857
3071 84.3761464933922
3072 84.3916519803234
3073 84.3998063888413
3074 84.3986128464772
3075 84.3843926837148
3076 84.3572106851758
3077 84.3239766075764
3078 84.2970324818496
3079 84.2880068092741
3080 84.2992827443483
3081 84.3208934980422
3082 84.3388787010174
3083 84.3485067924953
3084 84.3578007442883
3085 84.3769025902462
3086 84.4052692275092
3087 84.431057232188
3088 84.4432496685918
3089 84.4434007829276
3090 84.444644896121
3091 84.458842125425
3092 84.4853782400276
3093 84.5135013785642
3094 84.5341805667878
3095 84.5463278630777
3096 84.5515014769464
3097 84.5483111314792
3098 84.5365272987019
3099 84.523363741425
3100 84.519478567208
3101 84.528486469555
3102 84.5444218383604
3103 84.559307632248
3104 84.5684406620429
3105 84.5680409846259
3106 84.554607982576
3107 84.5312843179919
3108 84.5112282621884
3109 84.5087875242246
3110 84.5261154549524
3111 84.5495302968619
3112 84.5588122409445
3113 84.5410629149869
3114 84.4994933251287
3115 84.45144101768
3116 84.4157891620796
3117 84.3993723480941
3118 84.3958913372392
3119 84.3986198838741
3120 84.4107123205604
3121 84.4393309198325
3122 84.4819073035569
3123 84.5239853351722
3124 84.5518799026505
3125 84.5631100355722
3126 84.5627797542335
3127 84.5549315699986
3128 84.541912883389
3129 84.52907951682
3130 84.5236992504121
3131 84.5277338599337
3132 84.5353512224604
3133 84.5393915363676
3134 84.5373221379883
3135 84.5286147532888
3136 84.5100793213201
3137 84.4796023704644
3138 84.4444956197028
3139 84.4205404398206
3140 84.4188591474547
3141 84.4352540259781
3142 84.4549503396968
3143 84.4665828689248
3144 84.4692553795119
3145 84.4678399257404
3146 84.4656023154884
3147 84.461498974295
3148 84.4502930725586
3149 84.4242669108726
3150 84.3801338882964
3151 84.3282136786448
3152 84.2910073799417
3153 84.2862862777272
3154 84.3107564825514
3155 84.3435216361328
3156 84.3654652104412
3157 84.3724126209758
3158 84.3707114959497
3159 84.3661768048762
3160 84.3604121431385
3161 84.3538497395764
3162 84.347343955691
3163 84.3409308501866
3164 84.3338314001027
3165 84.326006310671
3166 84.318241807588
3167 84.3108570473403
3168 84.3035825001275
3169 84.2964893882923
3170 84.2898253218515
3171 84.28308865828
3172 84.2754825348759
3173 84.2672065457436
3174 84.2593683975706
3175 84.2526991481846
3176 84.2469818014695
3177 84.2413926686911
3178 84.2348308372166
3179 84.2265844837169
3180 84.2174421801582
3181 84.209546660523
3182 84.2043760639733
3183 84.2013623067034
3184 84.1990012191216
3185 84.1963731747868
3186 84.1927420987151
3187 84.1869093249632
3188 84.1785953848053
3189 84.1698580654978
3190 84.1634273274003
3191 84.1597850907233
3192 84.1573648110427
3193 84.1551080753073
3194 84.1530365907085
3195 84.150560917094
3196 84.14628498939
3197 84.1399898138024
3198 84.1332872859279
3199 84.127686554747
3200 84.1230559146877
3201 84.1184349922784
3202 84.1134021573822
3203 84.1083026194054
3204 84.1040499243321
3205 84.1019329375605
3206 84.1026552603885
3207 84.10522447818
3208 84.1075533827507
3209 84.1082004245506
3210 84.1068601759014
3211 84.1036146337948
3212 84.0991256901586
3213 84.0955357069854
3214 84.0954469946118
3215 84.0991209666529
3216 84.1037302958214
3217 84.1062776448473
3218 84.1067104594471
3219 84.1075629968092
3220 84.1109001637073
3221 84.1161414141039
3222 84.1208459543986
3223 84.1234902803396
3224 84.1253147684211
3225 84.1288628053343
3226 84.1347720504136
3227 84.1410178395962
3228 84.1448852146823
3229 84.1430900828716
3230 84.1300487277866
3231 84.1016204633471
3232 84.0650492117638
3233 84.041271474382
3234 84.0494503849762
3235 84.0878367903731
3236 84.1348739534145
3237 84.1703097681233
3238 84.1904613613591
3239 84.2023229275718
3240 84.2105813998244
3241 84.215538387962
3242 84.2177784936163
3243 84.217147245757
3244 84.2097797849529
3245 84.1938731190657
3246 84.1781097895553
3247 84.1771659459064
3248 84.1968378662686
3249 84.2280835895502
3250 84.2568063799412
3251 84.2751175573125
3252 84.2819730974976
3253 84.2790383567143
3254 84.2710487827712
3255 84.2670329326667
3256 84.275160875882
3257 84.2954655923473
3258 84.3201383419361
3259 84.34116809625
3260 84.3558309312859
3261 84.3652984360855
3262 84.3709200244184
3263 84.3734932201376
3264 84.3748676570188
3265 84.3775790621653
3266 84.3807054885927
3267 84.3766269418826
3268 84.3561152959892
3269 84.3204464978422
3270 84.2868597845026
3271 84.2764590018686
3272 84.2944386496112
3273 84.3256117859582
3274 84.3516648681468
3275 84.3689520731573
3276 84.3859148336784
3277 84.4075567465308
3278 84.4293447885293
3279 84.4452721633213
3280 84.4549268010542
3281 84.4606786138554
3282 84.4629413528536
3283 84.4613441829888
3284 84.4577848793086
3285 84.4555355802912
3286 84.4561239110015
3287 84.4575816416483
3288 84.4542396863817
3289 84.4391733295721
3290 84.4111233113615
3291 84.3797929367028
3292 84.3595131824228
3293 84.3553307728351
3294 84.3595634456398
3295 84.3643390380639
3296 84.3719121470887
3297 84.3880170224818
3298 84.4098756586651
3299 84.4273439568844
3300 84.4329224160808
3301 84.4234612390702
3302 84.3944615859736
3303 84.3429139046386
3304 84.2783803319086
3305 84.2232844077647
3306 84.1968499605274
3307 84.2019256320739
3308 84.2290222040165
3309 84.2672987765851
3310 84.3077702156479
3311 84.3415567447372
3312 84.3625365263543
3313 84.3713715026834
3314 84.3728776643407
3315 84.3701320580782
3316 84.3639904514206
3317 84.3563979351181
3318 84.3499832325747
3319 84.3448788081857
3320 84.3388780334518
3321 84.329723919713
3322 84.3148764610072
3323 84.2917791177354
3324 84.2629159723243
3325 84.2388406618381
3326 84.2303210294143
3327 84.2368489599358
3328 84.2471900157732
3329 84.2515069310126
3330 84.2486530076773
3331 84.2416975030679
3332 84.2320674265474
3333 84.2197885232895
3334 84.2041814075598
3335 84.1817865735148
3336 84.1489540257866
3337 84.1104805219156
3338 84.0808884464292
3339 84.0713461203921
3340 84.0775210291788
3341 84.0852723889121
3342 84.0867864190314
3343 84.0861615212059
3344 84.0898086485892
3345 84.0963208964774
3346 84.0965909405446
3347 84.0807020330362
3348 84.0453996307909
3349 83.9995138046578
3350 83.9624649525824
3351 83.951815177542
3352 83.9684380175521
3353 83.9957674922722
3354 84.0154572271655
3355 84.0214483820093
3356 84.0177733107974
3357 84.0077895715419
3358 83.9911889828745
3359 83.9702161072184
3360 83.9525131922073
3361 83.9445395595993
3362 83.94401441692
3363 83.9410498787574
3364 83.9262329904791
3365 83.8967991040816
3366 83.8565969734136
3367 83.8131460110823
3368 83.7761293604016
3369 83.7563778630744
3370 83.7615173536938
3371 83.7891949799098
3372 83.8254233288056
3373 83.8531196758676
3374 83.8642903551848
3375 83.8634240906997
3376 83.8594684257725
3377 83.8567658920349
3378 83.85429731348
3379 83.8507700768684
3380 83.8475034503872
3381 83.8468178539405
3382 83.84956775739
3383 83.8545123783802
3384 83.8594495307147
3385 83.8630854398832
3386 83.8652092767127
3387 83.863078675772
3388 83.8483835302124
3389 83.8133496346306
3390 83.7639875256089
3391 83.723577509328
3392 83.7158737641799
3393 83.7434205518671
3394 83.7862765203356
3395 83.8210409110398
3396 83.8349131366922
3397 83.8230501839208
3398 83.7849358833406
3399 83.7315666946562
3400 83.6891731365394
3401 83.6839759155299
3402 83.7207820312559
3403 83.7802761671862
3404 83.8367610794216
3405 83.8747823516
3406 83.8915208735543
3407 83.8920337454999
3408 83.8853998463828
3409 83.8798361507098
3410 83.8774325744999
3411 83.8757640140609
3412 83.8756013026917
3413 83.8829141833602
3414 83.9012056881433
3415 83.9255739752875
3416 83.9471030085117
3417 83.9605654867257
3418 83.9657971384465
3419 83.9650616993009
3420 83.9625790648152
3421 83.9639847144526
3422 83.9717905790102
3423 83.9820020887428
3424 83.9882007593403
3425 83.9879640507246
3426 83.9826147609914
3427 83.9727514496134
3428 83.9586586205517
3429 83.9446046584916
3430 83.9371150160424
3431 83.9365521212423
3432 83.9341460310423
3433 83.921275153168
3434 83.9007903695182
3435 83.8864933821971
3436 83.8914680405254
3437 83.9178707898083
3438 83.9569281265246
3439 83.9962498810202
3440 84.0270157724881
3441 84.0470272627577
3442 84.0592181075517
3443 84.0675121177249
3444 84.0739600611717
3445 84.0795080676288
3446 84.0860415367856
3447 84.0957945190411
3448 84.1086123295736
3449 84.1211738813884
3450 84.1295972922926
3451 84.1326234458036
3452 84.1322326343655
3453 84.1317035373736
3454 84.1332965338215
3455 84.1368471949238
3456 84.1396098656105
3457 84.137922117153
3458 84.130767268883
3459 84.122347242957
3460 84.1197502534962
3461 84.1263283419871
3462 84.1369231273961
3463 84.1406539747365
3464 84.1293972905004
3465 84.1034308799901
3466 84.0700721879368
3467 84.039837720639
3468 84.0241817403744
3469 84.0320282928557
3470 84.0630264328626
3471 84.1042430121494
3472 84.1378389388224
3473 84.154609423627
3474 84.158522920835
3475 84.1572063000895
3476 84.151363286751
3477 84.1365125223614
3478 84.1134133445597
3479 84.0928929642058
3480 84.0882295100528
3481 84.102789668707
3482 84.1260800607597
3483 84.1426101961144
3484 84.1444373673405
3485 84.1351692675857
3486 84.1239722276328
3487 84.1179304663126
3488 84.1189995710504
3489 84.1248048735216
3490 84.1305825039192
3491 84.1319353183841
3492 84.1276845574992
3493 84.1196495347552
3494 84.1092229490766
3495 84.0961345177275
3496 84.0822264949168
3497 84.0735685094701
3498 84.0740482540886
3499 84.077623808384
3500 84.0724837902589
3501 84.0550560344092
3502 84.0365382053951
3503 84.0322751398997
3504 84.0457216664216
3505 84.0659824804466
3506 84.0804500721347
3507 84.0858989810799
3508 84.0866348473087
3509 84.0851349328955
3510 84.0778984699443
3511 84.0610814812986
3512 84.0377391552435
3513 84.0174521987951
3514 84.0088529946009
3515 84.0123641047776
3516 84.0200827366674
3517 84.0232410385303
3518 84.0192489814589
3519 84.0103346784266
3520 83.9969476170469
3521 83.9762227785507
3522 83.9488309498659
3523 83.9247769330158
3524 83.917386517602
3525 83.9296173155904
3526 83.9497751944517
3527 83.9629263075286
3528 83.9638752009205
3529 83.9573595369344
3530 83.9490315470141
3531 83.9403635754546
3532 83.9301802501216
3533 83.9161647447299
3534 83.8960795256992
3535 83.8724742911069
3536 83.8555899771899
3537 83.8550822577383
3538 83.8672811178413
3539 83.8760609802129
3540 83.8687605480326
3541 83.8467968587206
3542 83.8190147369203
3543 83.7912355901938
3544 83.7675442421012
3545 83.756295290163
3546 83.7656139863971
3547 83.7920032535992
3548 83.8200842899174
3549 83.8362211733517
3550 83.8389988438547
3551 83.836521848518
3552 83.8367272235542
3553 83.8413072801183
3554 83.8473415692609
3555 83.851812975754
3556 83.853785540954
3557 83.8537077110008
3558 83.8515836172999
3559 83.8470562624258
3560 83.8417437113031
3561 83.8400194650053
3562 83.8459252132672
3563 83.8596640653766
3564 83.8777312361904
3565 83.895386354007
3566 83.9067926466853
3567 83.9052677400675
3568 83.8916205649075
3569 83.8792205882294
3570 83.8801845540471
3571 83.8940712087346
3572 83.9128324980628
3573 83.9298329739195
3574 83.9436811009501
3575 83.9557538574863
3576 83.9659557655755
3577 83.9728825625418
3578 83.9760685360619
3579 83.9759520782623
3580 83.9736066692025
3581 83.9704750789521
3582 83.9662475956658
3583 83.9581163618514
3584 83.9468992221321
3585 83.9433038636152
3586 83.9623893186911
3587 84.0049768431551
3588 84.0499423615947
3589 84.0774928675034
3590 84.0892805663349
3591 84.0971937647038
3592 84.108055477239
3593 84.1223094931193
3594 84.1384960562862
3595 84.1544102681821
3596 84.1657771002311
3597 84.1698607424948
3598 84.1711490230774
3599 84.1771333713994
3600 84.18970210564
3601 84.2039808372624
3602 84.2145765756131
3603 84.220117176467
3604 84.2233220794916
3605 84.2281693282765
3606 84.2389132054451
3607 84.2577792847821
3608 84.2807240151367
3609 84.2999818031383
3610 84.3128505064677
3611 84.3224535987166
3612 84.3311199042132
3613 84.337361206609
3614 84.3391061762984
3615 84.3379063963222
3616 84.3371236318566
3617 84.3388780078749
3618 84.3440805366239
3619 84.3518525950572
3620 84.3616156972251
3621 84.3754010351638
3622 84.3927744293123
3623 84.4089416671834
3624 84.4184077881936
3625 84.4180278145559
3626 84.4119662476173
3627 84.4152088478354
3628 84.4422020381428
3629 84.4811193077954
3630 84.50403652028
3631 84.5068470646312
3632 84.5019705293001
3633 84.4995994003763
3634 84.5018706919379
3635 84.5054577598378
3636 84.5088809115516
3637 84.5131253657066
3638 84.5171172156685
3639 84.518645184325
3640 84.5194314827513
3641 84.5228088223626
3642 84.5259454914055
3643 84.5210125006202
3644 84.506093755164
3645 84.4890981857166
3646 84.478536879221
3647 84.4746573849058
3648 84.4731083726138
3649 84.4737505194298
3650 84.4775159840404
3651 84.4827944176762
3652 84.4888071348545
3653 84.4931938102209
3654 84.4937254091051
3655 84.491748330006
3656 84.4871607485681
3657 84.4762599369535
3658 84.4589639963367
3659 84.4414777163739
3660 84.432807572301
3661 84.4372632224206
3662 84.4492351276456
3663 84.4573887040137
3664 84.4549259006356
3665 84.4427149330359
3666 84.4248635717417
3667 84.406881698529
3668 84.3971527691053
3669 84.4000388302678
3670 84.4030006416524
3671 84.3886893502204
3672 84.359407721328
3673 84.3294448819575
3674 84.3119584684354
3675 84.3070221784154
3676 84.2981194955588
3677 84.2864060104791
3678 84.2854679136656
3679 84.293944152289
3680 84.3036214843044
3681 84.3083938037472
3682 84.3071522168328
3683 84.3010932127278
3684 84.2879473600785
3685 84.2612102459463
3686 84.2180131851035
3687 84.1661054978769
3688 84.1240673873302
3689 84.1107954560455
3690 84.1287251256924
3691 84.1589584020758
3692 84.1772186338454
3693 84.1757924387267
3694 84.1641955322654
3695 84.1524536124683
3696 84.1424220834559
3697 84.1329481746762
3698 84.1248409775784
3699 84.1176993873622
3700 84.1087288991014
3701 84.0964238414779
3702 84.0836005223582
3703 84.0755311471156
3704 84.0732490048343
3705 84.0719158602179
3706 84.0673041288105
3707 84.0589806136029
3708 84.0487988091832
3709 84.039941756696
3710 84.0354372055764
3711 84.0322488966144
3712 84.0215607561316
3713 84.0050863726264
3714 83.9948177207804
3715 83.9937521460973
3716 83.9948828560409
3717 83.9932468539114
3718 83.9896894288004
3719 83.9854315954871
3720 83.9798634842578
3721 83.9739893592561
3722 83.9706560672161
3723 83.9717844889476
3724 83.9762211014877
3725 83.979907293904
3726 83.9795737675696
3727 83.9766019609781
3728 83.9752519375673
3729 83.9776896433041
3730 83.9822483432396
3731 83.9844288022665
3732 83.9802993383789
3733 83.9733884875735
3734 83.9706514004953
3735 83.9673200454492
3736 83.9527618209425
3737 83.9346550551611
3738 83.9324780350843
3739 83.9490114724775
3740 83.9722372912636
3741 83.9906664663285
3742 84.0001707478143
3743 84.0034561860396
3744 84.0042068565701
3745 84.0043019935611
3746 84.0141774710809
3747 84.0346690284426
3748 84.0550567627333
3749 84.0700645380135
3750 84.0826779385886
3751 84.0964493889778
3752 84.1090511146754
3753 84.1164104845929
3754 84.1205679617965
3755 84.1255555605577
3756 84.1312734316182
3757 84.1349486367634
3758 84.1365490470844
3759 84.140176208386
3760 84.1487678022392
3761 84.160721120271
3762 84.1730390137297
3763 84.1851302324716
3764 84.1982517249523
3765 84.2111811970563
3766 84.2193687210607
3767 84.2229728752073
3768 84.2273203109769
3769 84.2358632239703
3770 84.2483056344332
3771 84.2647161077405
3772 84.283781931616
3773 84.2995824949972
3774 84.3087196303984
3775 84.3127933313218
3776 84.312207599767
3777 84.3063427691582
3778 84.3004824991931
3779 84.3043847052281
3780 84.3205606132885
3781 84.3413620966614
3782 84.3589185781495
3783 84.3725423757155
3784 84.3851794933157
3785 84.3969463617107
3786 84.4054603044047
3787 84.4106431742746
3788 84.4139991085173
3789 84.4162819116796
3790 84.4192802647176
3791 84.4261335107445
3792 84.4364239356705
3793 84.4447968137438
3794 84.4485923411091
3795 84.4521952960866
3796 84.4585259768102
3797 84.4608628454141
3798 84.4540669579476
3799 84.4472603537353
3800 84.4572191627134
3801 84.4865950820575
3802 84.5118320131194
3803 84.5153304885598
3804 84.504251473121
3805 84.4929242126541
3806 84.4922415009727
3807 84.502417339104
3808 84.5136781869588
3809 84.5186879323284
3810 84.5173728175878
3811 84.5131226361418
3812 84.5070634168328
3813 84.4994151636741
3814 84.4955599396028
3815 84.5030084857568
3816 84.515005890005
3817 84.5121289794756
3818 84.4919637003302
3819 84.473727849391
3820 84.4768756633022
3821 84.4961754326296
3822 84.5076282313047
3823 84.5072668621344
3824 84.5035130332322
3825 84.4982873003469
3826 84.4905983703954
3827 84.4811360200869
3828 84.4711846932782
3829 84.4616639913744
3830 84.4549578877904
3831 84.4539052440073
3832 84.4546677907884
3833 84.4463650069278
3834 84.4232154284396
3835 84.3947267073722
3836 84.3784202068587
3837 84.3826569247483
3838 84.399096008241
3839 84.4133487051373
3840 84.4174044910593
3841 84.411314000258
3842 84.4000983908324
3843 84.3886778538166
3844 84.3758513200036
3845 84.3592337110763
3846 84.3435336921631
3847 84.3343110007071
3848 84.326978619095
3849 84.3134731233259
3850 84.2950410051296
3851 84.2830239178941
3852 84.2848491445791
3853 84.2862943710837
3854 84.265708587425
3855 84.2417393518949
3856 84.233967292431
3857 84.2326594779461
3858 84.2276227489028
3859 84.2189821125838
3860 84.2100036784716
3861 84.2022921062028
3862 84.1968927463305
3863 84.1944230830601
3864 84.1894207363043
3865 84.1743877229772
3866 84.1519862417253
3867 84.1330543859366
3868 84.1224817452754
3869 84.1160074934461
3870 84.1045566196024
3871 84.0898394020796
3872 84.0831287550701
3873 84.0839557380581
3874 84.0808259469248
3875 84.0671882316016
3876 84.0498536622218
3877 84.0370567056206
3878 84.0284604198508
3879 84.020550193947
3880 84.0116764145064
3881 84.0020136776973
3882 83.9928544482164
3883 83.9851755505636
3884 83.9798540580898
3885 83.9772139484158
3886 83.9744126044992
3887 83.9707203365248
3888 83.9684153296424
3889 83.9660894134944
3890 83.9615607463158
3891 83.9564566245807
3892 83.9562344350771
3893 83.9648707592791
3894 83.9774253468533
3895 83.9846929277402
3896 83.9827989952317
3897 83.9756235178751
3898 83.9689480433212
3899 83.9659138722635
3900 83.9671998387459
3901 83.972554298559
3902 83.9789595670327
3903 83.9821933273407
3904 83.981928189266
3905 83.9826498755844
3906 83.9875037362784
3907 83.9938483121759
3908 83.9977272386654
3909 83.9988123034918
3910 83.999537387094
3911 84.0018074559289
3912 84.0059244863772
3913 84.0121238394954
3914 84.0204408091922
3915 84.0300046738966
3916 84.0389663167566
3917 84.0459485223672
3918 84.0508080262996
3919 84.054968798759
3920 84.060103245836
3921 84.066707188174
3922 84.0741550199003
3923 84.0825101545258
3924 84.0926564057332
3925 84.1039711058393
3926 84.1140699607411
3927 84.1218203157366
3928 84.1283383218891
3929 84.1348104489005
3930 84.1404349655535
3931 84.1440030067274
3932 84.1461676902771
3933 84.1488906183847
3934 84.1542964730855
3935 84.1642668231796
3936 84.1788367813961
3937 84.194999028584
3938 84.2088969732656
3939 84.219349971064
3940 84.2278664137654
3941 84.2352689578979
3942 84.240694701014
3943 84.2448329498959
3944 84.2511598455596
3945 84.2616351406608
3946 84.2737712581945
3947 84.2840449423939
3948 84.2909007481925
3949 84.294074128093
3950 84.2944657118777
3951 84.2951389333234
3952 84.2994049462172
3953 84.307285310475
3954 84.3158844690988
3955 84.3232969041145
3956 84.3305208001814
3957 84.3391733109977
3958 84.3492814935031
3959 84.3598811158437
3960 84.3701189109129
3961 84.3787832389674
3962 84.3842209998261
3963 84.3863815142182
3964 84.3878701851922
3965 84.3916320396818
3966 84.3981039040786
3967 84.4054946378004
3968 84.4117788769264
3969 84.4154630955922
3970 84.4157706119783
3971 84.4135282415194
3972 84.4111305891032
3973 84.4104379528241
3974 84.4109861921844
3975 84.4111710657832
3976 84.4108581804713
3977 84.412162909817
3978 84.4175333554895
3979 84.4270132485172
3980 84.4369669424422
3981 84.4419281044316
3982 84.4390869010436
3983 84.4312537139426
3984 84.4243850766896
3985 84.4223872626572
3986 84.4255748335006
3987 84.4330236904183
3988 84.443615740767
3989 84.4544931528169
3990 84.4613792398697
3991 84.4620146165309
3992 84.4577611707062
3993 84.4509189957374
3994 84.4424123298639
3995 84.433108952246
3996 84.4251284353546
3997 84.4199146017222
3998 84.416536172548
3999 84.41394263671
4000 84.4135751532995
