#Datum: 21.01.2016 16:19:44
#Quelle: teflon_spacer

#Daten:
cm-1 %T
1100 50,322061902152
1101 50,6983320212488
1102 51,0688977596597
1103 51,4373306550264
1104 51,8224582474055
1105 52,2178659679654
1106 52,6043867125923
1107 52,9899726367771
1108 53,3931300809128
1109 53,8029277146081
1110 54,195501558424
1111 54,5767220924248
1112 54,9677343153897
1113 55,3631778320069
1114 55,7432004144798
1115 56,1128416833607
1116 56,4899802946664
1117 56,8672811900791
1118 57,2249778606157
1119 57,5687891103173
1120 57,9170469812878
1121 58,2629901376084
1122 58,5874272816693
1123 58,8960653734744
1124 59,2073141427728
1125 59,5151096642225
1126 59,7998487333802
1127 60,0650887982903
1128 60,3283816307688
1129 60,5858857028749
1130 60,8206012800526
1131 61,0367006290887
1132 61,2521406065489
1133 61,4658030879752
1134 61,6642925464661
1135 61,8518479206156
1136 62,0413115573276
1137 62,2249349880512
1138 62,3861842314968
1139 62,5320589270881
1140 62,6830426360133
1141 62,8389071180388
1142 62,9842807201926
1143 63,1203450178549
1144 63,2612209814814
1145 63,4062208737331
1146 63,5450405541664
1147 63,6831427317442
1148 63,8331755498411
1149 63,9888804095066
1150 64,1356807897992
1151 64,2792708362016
1152 64,4366262446579
1153 64,6070526889113
1154 64,7786418554144
1155 64,9545019361957
1156 65,145879467864
1157 65,3480783685984
1158 65,5501834062962
1159 65,7601344931691
1160 65,9932321461978
1161 66,2440956698497
1162 66,4962835581472
1163 66,7508926084299
1164 67,0198255781237
1165 67,2997601312122
1166 67,5785247388557
1167 67,8594448087519
1168 68,1549582518524
1169 68,4631155684904
1170 68,7730031192398
1171 69,0856695554156
1172 69,4076252027513
1173 69,7319129264282
1174 70,0473681285866
1175 70,3581586456305
1176 70,6733811738539
1177 70,9866318220779
1178 71,2863676246497
1179 71,5767132516604
1180 71,8675751204921
1181 72,1533084917643
1182 72,4215634425515
1183 72,6748446159199
1184 72,9231656461334
1185 73,1632425097293
1186 73,3847725639054
1187 73,5898745700073
1188 73,7868006477696
1189 73,9714506264077
1190 74,134247413022
1191 74,2786959721613
1192 74,4147511693063
1193 74,5401032159074
1194 74,6457291938452
1195 74,7339615932867
1196 74,8138562396656
1197 74,8844567534144
1198 74,9396248145441
1199 74,9834581502997
1200 75,0238132321316
1201 75,0567323073122
1202 75,0748667280255
1203 75,0852903341378
1204 75,1012669781911
1205 75,1222071135407
1206 75,1390417101805
1207 75,1533887618504
1208 75,1740302107382
1209 75,2004275279982
1210 75,2276428785183
1211 75,2622671647033
1212 75,3152027276751
1213 75,3830587129747
1214 75,4543731540046
1215 75,5295824843683
1216 75,6178663360683
1217 75,7197318622136
1218 75,8298435279869
1219 75,9515255510234
1220 76,0914238019285
1221 76,2447582123999
1222 76,4018190794291
1223 76,5640594591945
1224 76,7388691489671
1225 76,9245737601936
1226 77,1158493468065
1227 77,317288760946
1228 77,5353714072644
1229 77,7628200273508
1230 77,9865696567157
1231 78,2057855787302
1232 78,4279268245144
1233 78,6533206115534
1234 78,8777458114614
1235 79,1038962492402
1236 79,3356769289582
1237 79,5664164906704
1238 79,7867045507094
1239 79,9991450873742
1240 80,2123073099522
1241 80,42500368721
1242 80,6291896504644
1243 80,8233267209133
1244 81,0105810211945
1245 81,1889030434527
1246 81,3549201834036
1247 81,5129372681439
1248 81,6683996299857
1249 81,8164622231944
1250 81,9479546226243
1251 82,063044593615
1252 82,16864804183
1253 82,265988425472
1254 82,3508011052676
1255 82,4225200327468
1256 82,4835250337228
1257 82,5324645809598
1258 82,5673040752656
1259 82,5918337095084
1260 82,6103546687483
1261 82,6194401817182
1262 82,6138511595219
1263 82,5971461000005
1264 82,5768938884021
1265 82,5529503890847
1266 82,5201007123733
1267 82,4790622091664
1268 82,4351892243679
1269 82,3893302020571
1270 82,339721219457
1271 82,2897489682876
1272 82,2438050523821
1273 82,1990298368496
1274 82,1514377731973
1275 82,1067853770562
1276 82,0750457853757
1277 82,0571451748308
1278 82,0474403741238
1279 82,0462710406829
1280 82,0590440690874
1281 82,0858036151508
1282 82,1225461239325
1283 82,1708018149925
1284 82,2354721212052
1285 82,3156272395457
1286 82,4072087382993
1287 82,5118489226338
1288 82,6334301385047
1289 82,7689119651888
1290 82,912137257533
1291 83,0634921135608
1292 83,226730668819
1293 83,3999512226698
1294 83,5786249350478
1295 83,7638036893386
1296 83,9582973662879
1297 84,1581838266144
1298 84,3569313244918
1299 84,5547157604658
1300 84,7551344452764
1301 84,9561206174277
1302 85,1517472398525
1303 85,3402727478774
1304 85,5233275990786
1305 85,6994264584085
1306 85,8652938116791
1307 86,0210086239791
1308 86,1681474558695
1309 86,3043734811315
1310 86,4262712802258
1311 86,5342713240803
1312 86,6296812771617
1313 86,7095746816754
1314 86,7701268643033
1315 86,812972875607
1316 86,8423528583002
1317 86,8581751862238
1318 86,8575648185849
1319 86,841874185569
1320 86,8159471488435
1321 86,7815108160056
1322 86,7371992376253
1323 86,6844524223252
1324 86,6273208873418
1325 86,56661306673
1326 86,5000784429474
1327 86,4277065888658
1328 86,3523079093665
1329 86,2751142370967
1330 86,1970685802086
1331 86,1216819975594
1332 86,0518436609544
1333 85,9857634697761
1334 85,9214124338592
1335 85,8635460747216
1336 85,8204341564504
1337 85,7946110647186
1338 85,7809487851148
1339 85,7719692923059
1340 85,7610411185917
1341 85,7450803391687
1342 85,7298516320068
1343 85,7283380631345
1344 85,7488930536114
1345 85,787714687875
1346 85,8364600712108
1347 85,8930963243642
1348 85,9601453476694
1349 86,036283420566
1350 86,1182028044063
1351 86,206633218648
1352 86,30441050337
1353 86,4092284601651
1354 86,5177118796223
1355 86,6308864443142
1356 86,7511633899031
1357 86,8771023822159
1358 87,0052673475925
1359 87,1369762391234
1360 87,2763488418105
1361 87,421925865167
1362 87,5649315949901
1363 87,6961018349582
1364 87,8128202012139
1365 87,9202984854711
1366 88,0265903782744
1367 88,137378441808
1368 88,2524075004888
1369 88,3653768749002
1370 88,4702978603032
1371 88,5677870498129
1372 88,6619869870892
1373 88,7511057485044
1374 88,8290335313711
1375 88,8933538255061
1376 88,9484545676823
1377 88,9985545048727
1378 89,0415688342758
1379 89,0729634198066
1380 89,0909432659687
1381 89,0963721978395
1382 89,0891906694496
1383 89,0701587493743
1384 89,0442190421305
1385 89,0168675111237
1386 88,9847816918856
1387 88,9374476376104
1388 88,8693930100673
1389 88,7849185354249
1390 88,6924643271976
1391 88,5995278539139
1392 88,5105603483233
1393 88,4221942183676
1394 88,32459606374
1395 88,2143812816755
1396 88,1010137345277
1397 87,9926997834086
1398 87,8875780012573
1399 87,7815391124469
1400 87,6768967104946
1401 87,58082625359
1402 87,4979899481851
1403 87,4319011941267
1404 87,3846882078153
1405 87,3512050800532
1406 87,3223800713633
1407 87,2980836709336
1408 87,2881714177635
1409 87,2969844126395
1410 87,3205769182795
1411 87,3550747314553
1412 87,4009990032478
1413 87,4601090556133
1414 87,5319264809846
1415 87,6171666664281
1416 87,7177594767169
1417 87,8330460078484
1418 87,9604888429461
1419 88,0964185394755
1420 88,2317231826773
1421 88,3562976879456
1422 88,4746182192762
1423 88,6055901779417
1424 88,7561823582125
1425 88,9097381451725
1426 89,0504941521789
1427 89,181018829749
1428 89,3082943044699
1429 89,4279559418216
1430 89,5388024637079
1431 89,648468538274
1432 89,7568298255977
1433 89,8565029789497
1434 89,946852602488
1435 90,0325148910264
1436 90,1047478601387
1437 90,1468591892339
1438 90,159855240175
1439 90,1615658579206
1440 90,1637630903398
1441 90,1657058339848
1442 90,159689070645
1443 90,1405048921166
1444 90,1088482438367
1445 90,0680299993112
1446 90,0224177530723
1447 89,972148097289
1448 89,914805356008
1449 89,8474446406803
1450 89,776233294944
1451 89,7078037712644
1452 89,6372303347356
1453 89,5618582292315
1454 89,4930233022385
1455 89,4402604764442
1456 89,3861058968363
1457 89,3005329068841
1458 89,1917397817107
1459 89,0947718787826
1460 89,0213307838505
1461 88,9640311967795
1462 88,9124694872786
1463 88,8609697837954
1464 88,8118203440697
1465 88,7739392779657
1466 88,7535973658533
1467 88,7452171441628
1468 88,7391894456787
1469 88,7308151606466
1470 88,7269925372322
1471 88,7390947340135
1472 88,7703360745866
1473 88,8119396822499
1474 88,8522365729809
1475 88,889612872948
1476 88,9321932107764
1477 88,9824799022338
1478 89,0351997069628
1479 89,088740351652
1480 89,1479450080189
1481 89,215305485051
1482 89,285407762931
1483 89,3548086466508
1484 89,4247302596318
1485 89,4961610794781
1486 89,5667579398012
1487 89,6403921456643
1488 89,7239554920868
1489 89,8157058575223
1490 89,9073576738825
1491 89,9917274180202
1492 90,070581266378
1493 90,1494024941897
1494 90,2320059114283
1495 90,3164281667647
1496 90,3928085498657
1497 90,4525199190188
1498 90,5025019519568
1499 90,5591143375198
1500 90,6289793203417
1501 90,7006073696681
1502 90,755610074509
1503 90,7921418226917
1504 90,8190042955336
1505 90,8318228972535
1506 90,8178405436998
1507 90,8038523241862
1508 90,820139568302
1509 90,8406143182164
1510 90,840535519208
1511 90,8221711916447
1512 90,7861255877201
1513 90,7283677521828
1514 90,652997707469
1515 90,5672634119154
1516 90,46778505694
1517 90,3481462949221
1518 90,2228887140785
1519 90,1166833096441
1520 90,027406378773
1521 89,9252049531078
1522 89,7956539759096
1523 89,6653376844322
1524 89,5616047317582
1525 89,4845179912529
1526 89,4187324201541
1527 89,3489696861412
1528 89,273257142283
1529 89,1982188014824
1530 89,12831895936
1531 89,0623562033704
1532 89,0001554930472
1533 88,9505930213589
1534 88,9237414800197
1535 88,912566895553
1536 88,8999339288864
1537 88,8818659758422
1538 88,8650996616049
1539 88,8529111539132
1540 88,8568513561826
1541 88,9032821299339
1542 88,9949793609384
1543 89,1106710855711
1544 89,2337382513379
1545 89,3526373287184
1546 89,4548911526026
1547 89,5400220400961
1548 89,6240174066128
1549 89,7205186449162
1550 89,8230840624434
1551 89,9139049120396
1552 89,9878216568596
1553 90,056912576719
1554 90,1245375230672
1555 90,1772575260592
1556 90,2085017031628
1557 90,2224213005276
1558 90,2173359691859
1559 90,2119192689415
1560 90,2683417309442
1561 90,3774616945894
1562 90,459832199856
1563 90,4983177746088
1564 90,5145556331519
1565 90,520206272383
1566 90,5192213484288
1567 90,509600732095
1568 90,4822982623291
1569 90,4323953859428
1570 90,3759461917255
1571 90,3380717583757
1572 90,3185583797444
1573 90,2991539975737
1574 90,2711449759756
1575 90,2273857061256
1576 90,1645664049768
1577 90,0994392937871
1578 90,0469134068647
1579 90,0036183309361
1580 89,9653199759747
1581 89,9279746681038
1582 89,8839904477826
1583 89,8341528699107
1584 89,7855604422403
1585 89,7401279677111
1586 89,6935502890212
1587 89,6458904617185
1588 89,5997426063478
1589 89,5554838506726
1590 89,5148011667455
1591 89,4805646314385
1592 89,4540856887835
1593 89,4325046949844
1594 89,4127551987649
1595 89,3958351414184
1596 89,3844924425216
1597 89,3788170984762
1598 89,3777318609613
1599 89,3822748853944
1600 89,3937136312394
1601 89,4102706934954
1602 89,4290473677744
1603 89,4500992852481
1604 89,4744959584485
1605 89,5012789242592
1606 89,5297534080476
1607 89,5621624519114
1608 89,6009745474571
1609 89,6431045066969
1610 89,6877053962103
1611 89,738855102691
1612 89,7951241993551
1613 89,8481700505641
1614 89,8942593666314
1615 89,937813286908
1616 89,9823505545474
1617 90,0341982302584
1618 90,101545388297
1619 90,1794347393166
1620 90,2569794491152
1621 90,3271421681356
1622 90,3818482042586
1623 90,4225106166223
1624 90,4679310425236
1625 90,5289943424179
1626 90,595899814404
1627 90,6562611751558
1628 90,7089896387074
1629 90,7591179691632
1630 90,8080569698224
1631 90,8489553913365
1632 90,8724353423613
1633 90,8740294780277
1634 90,8495859940002
1635 90,7959207956728
1636 90,7333737908458
1637 90,6990136225536
1638 90,6929556038246
1639 90,691840044824
1640 90,6810017901442
1641 90,6484114633481
1642 90,5886664621873
1643 90,5096839587384
1644 90,4245369951224
1645 90,332004702981
1646 90,2252511776525
1647 90,1140491363714
1648 90,0145322921124
1649 89,9272571655518
1650 89,8509738387966
1651 89,7922767059629
1652 89,7455310803606
1653 89,6945707703377
1654 89,6617786883842
1655 89,6495148818174
1656 89,6242076901337
1657 89,5944582841086
1658 89,5751845400089
1659 89,5570586744867
1660 89,5348183668808
1661 89,5158554193744
1662 89,5097448457512
1663 89,5216845316224
1664 89,5519772224464
1665 89,5898557247063
1666 89,6253257105
1667 89,6578792384443
1668 89,6900100404043
1669 89,7257208471736
1670 89,7719567382263
1671 89,833593645727
1672 89,9048449334741
1673 89,9772687989473
1674 90,0500824343405
1675 90,123204278042
1676 90,1992819610039
1677 90,2780308848116
1678 90,356083834171
1679 90,4329982884716
1680 90,5020679778138
1681 90,5537284796583
1682 90,5879697516627
1683 90,6078741865957
1684 90,6098409349918
1685 90,6130994663682
1686 90,6411756136878
1687 90,6801889565902
1688 90,7116945295414
1689 90,7323405031182
1690 90,7368399021047
1691 90,7270309172423
1692 90,7145132066463
1693 90,7092475830347
1694 90,7132302149975
1695 90,7065568617984
1696 90,6681066852728
1697 90,6074424955324
1698 90,5531017240567
1699 90,5225816384118
1700 90,5032429671078
1701 90,4863093924726
1702 90,4751856605825
1703 90,4612204932019
1704 90,4452801868623
1705 90,4306251325233
1706 90,4123761657162
1707 90,396931142433
1708 90,3907741246674
1709 90,3880917437704
1710 90,3770007039476
1711 90,3528922710298
1712 90,3200790405335
1713 90,2820691729756
1714 90,2427689859648
1715 90,2082885198276
1716 90,1832791172758
1717 90,1665195899098
1718 90,1506187473059
1719 90,1287195762194
1720 90,1011590598377
1721 90,0775188534161
1722 90,0659599554778
1723 90,061143458176
1724 90,051617526817
1725 90,0333969158078
1726 90,0125900246215
1727 89,9947803350306
1728 89,9828760800732
1729 89,9749113739614
1730 89,9639442640748
1731 89,951317790593
1732 89,9461036798725
1733 89,9496315051698
1734 89,9518243035369
1735 89,9481209362482
1736 89,9404127001392
1737 89,9323203452545
1738 89,93254612503
1739 89,9407644080676
1740 89,9520470071265
1741 89,9750025106147
1742 90,0206355606402
1743 90,0814702053153
1744 90,1388267260295
1745 90,1830507547477
1746 90,2184998248526
1747 90,2536022449213
1748 90,2968252300793
1749 90,3565819221238
1750 90,4352129109239
1751 90,5215995888402
1752 90,5920024018204
1753 90,6369780465879
1754 90,6721060654407
1755 90,7155796891236
1756 90,7656187324032
1757 90,805172361377
1758 90,826629347315
1759 90,8390722012437
1760 90,8514238550148
1761 90,8592102563876
1762 90,8561812993036
1763 90,8406761204733
1764 90,8155256372296
1765 90,7879263153556
1766 90,7653762118857
1767 90,7446160562612
1768 90,7080698230912
1769 90,6421813297682
1770 90,5556046062533
1771 90,4702425787354
1772 90,3994075532334
1773 90,3460057563736
1774 90,3036662704546
1775 90,2616525311652
1776 90,216738624553
1777 90,1699008295229
1778 90,1206687416632
1779 90,0708166217944
1780 90,0222318220382
1781 89,974663800348
1782 89,931767755235
1783 89,8990261978544
1784 89,8799633121379
1785 89,8676155959284
1786 89,8497079151295
1787 89,8231427137956
1788 89,7944693009321
1789 89,7741734887512
1790 89,7676825662572
1791 89,7716681821846
1792 89,7798397627109
1793 89,7913578060274
1794 89,8104617630498
1795 89,8383174249234
1796 89,8728457734501
1797 89,9089501549592
1798 89,941478005646
1799 89,9732982087724
1800 90,0133413709821
1801 90,0650942533291
1802 90,1202430243074
1803 90,1663218008716
1804 90,201979854783
1805 90,2348403279062
1806 90,2701247533905
1807 90,3066051583022
1808 90,3391131138067
1809 90,3663858430432
1810 90,3925128499435
1811 90,4219095647062
1812 90,4536673906873
1813 90,4830243730894
1814 90,5079690215257
1815 90,5307204327559
1816 90,5549677113378
1817 90,5792006035686
1818 90,597755084784
1819 90,6098095454443
1820 90,6194101522079
1821 90,6310734490489
1822 90,6456662766616
1823 90,6619316657954
1824 90,6782371814011
1825 90,6889763462624
1826 90,6876444414986
1827 90,6753123410201
1828 90,6619557886702
1829 90,6567237585024
1830 90,6606094033316
1831 90,6699776363764
1832 90,6805310084068
1833 90,6887406410862
1834 90,6907311002203
1835 90,6839003574036
1836 90,6685562873523
1837 90,647384422928
1838 90,6236256668304
1839 90,5967859514473
1840 90,5626596012175
1841 90,5217917119279
1842 90,4818014928308
1843 90,448788827782
1844 90,4197814561272
1845 90,386177819253
1846 90,3449981414816
1847 90,3005665105163
1848 90,2571849284806
1849 90,2130361484963
1850 90,1640969727621
1851 90,1126655483591
1852 90,0650169888444
1853 90,023945111031
1854 89,9859777214274
1855 89,948954705503
1856 89,9143368006524
1857 89,8841177193742
1858 89,8598890571547
1859 89,8409544763536
1860 89,8259982551634
1861 89,8142445143693
1862 89,8056679391067
1863 89,8007149457076
1864 89,8000473732394
1865 89,8042086052789
1866 89,8132704145951
1867 89,8276298127967
1868 89,8493841347993
1869 89,8816993840791
1870 89,9253373488484
1871 89,9767979450957
1872 90,0321000984253
1873 90,089821949247
1874 90,14910835732
1875 90,2088269123206
1876 90,2689617773258
1877 90,3303061680047
1878 90,3928114273194
1879 90,4553642324497
1880 90,5171033245824
1881 90,5763248768537
1882 90,629905019734
1883 90,6768446433146
1884 90,7182089356165
1885 90,7535484955654
1886 90,7819503384794
1887 90,8046692153859
1888 90,823754580579
1889 90,837817720827
1890 90,8424198435441
1891 90,8363204128373
1892 90,823152073316
1893 90,8058446503564
1894 90,7830278213204
1895 90,7522801271399
1896 90,7140291746973
1897 90,670926268911
1898 90,6251584088704
1899 90,5773636706051
1900 90,5263678353599
1901 90,470675655903
1902 90,4098172086402
1903 90,3461664679004
1904 90,2834880001138
1905 90,2230255731429
1906 90,1642536229364
1907 90,1070664393845
1908 90,0515697638125
1909 89,9984688498303
1910 89,9472996554216
1911 89,8980186518218
1912 89,853123679895
1913 89,8142163995568
1914 89,7810452140662
1915 89,7527547865572
1916 89,7302756110486
1917 89,7146541885684
1918 89,703060387341
1919 89,6916508406975
1920 89,6819709905913
1921 89,6813467770859
1922 89,6935734515834
1923 89,7125465585971
1924 89,7293174529987
1925 89,7431120586639
1926 89,7604980024946
1927 89,7854303773575
1928 89,8149130793848
1929 89,8455906799274
1930 89,8767876457598
1931 89,9087746067288
1932 89,9414235403903
1933 89,9734559592988
1934 90,0046917854451
1935 90,0350713246746
1936 90,0651127957674
1937 90,0957299447675
1938 90,1266830136674
1939 90,1579704964704
1940 90,1908720310077
1941 90,2259628364538
1942 90,2603789282732
1943 90,2898128809334
1944 90,3143496070191
1945 90,3394345649826
1946 90,3696872185459
1947 90,4041482662746
1948 90,4387949625739
1949 90,4714715659322
1950 90,5025283474609
1951 90,5326897371287
1952 90,5623780505022
1953 90,5921606331657
1954 90,6217475691874
1955 90,6483343466286
1956 90,6692231826307
1957 90,6845486971803
1958 90,6961797298278
1959 90,7055769214371
1960 90,7125179423076
1961 90,7156393876645
1962 90,7130776692839
1963 90,7036453384904
1964 90,6882094056363
1965 90,6688342856546
1966 90,6460882603747
1967 90,6177850434373
1968 90,5814795981716
1969 90,537714099839
1970 90,489538739257
1971 90,4394958085836
1972 90,3881560472366
1973 90,33503346759
1974 90,2797996340878
1975 90,222656002582
1976 90,1642228327492
1977 90,1056222508098
1978 90,0480904740008
1979 89,992149851912
1980 89,9371003357231
1981 89,8823223637571
1982 89,8284457403056
1983 89,7773704891462
1984 89,7306110623882
1985 89,6889220681768
1986 89,6533499175875
1987 89,6244925100658
1988 89,6020976478574
1989 89,5857924689956
1990 89,5761936250411
1991 89,5740977356219
1992 89,5787455232448
1993 89,5881825354494
1994 89,6019817664806
1995 89,6225490556762
1996 89,6525059866174
1997 89,6916830276477
1998 89,7374854013848
1999 89,7880032381722
2000 89,8433844741747
2001 89,9042715956277
2002 89,9696706325489
2003 90,0373641828318
2004 90,1051243178003
2005 90,1722487128622
2006 90,2397353068614
2007 90,3073384596272
2008 90,3725879089537
2009 90,4323193293094
2010 90,4856185752908
2011 90,5339908665072
2012 90,5783882809546
2013 90,6178955838893
2014 90,6515134045427
2015 90,6798943974268
2016 90,7036496016129
2017 90,7207366710023
2018 90,7274199812487
2019 90,7224063830408
2020 90,7086381313299
2021 90,6903544996743
2022 90,6691688000943
2023 90,6433997492562
2024 90,6106834353828
2025 90,5705982926276
2026 90,5249156083805
2027 90,4756644901809
2028 90,4238731173766
2029 90,3696505016066
2030 90,3135487291548
2031 90,2568558643781
2032 90,2003887749621
2033 90,1440545529831
2034 90,0872974474306
2035 90,0298674869656
2036 89,9718278959947
2037 89,913934944258
2038 89,8580945476421
2039 89,8065682950819
2040 89,7603602361903
2041 89,7187422182547
2042 89,6806062314419
2043 89,6458900824379
2044 89,6154259321564
2045 89,5899049306339
2046 89,5695194661265
2047 89,5543303582421
2048 89,5442624134356
2049 89,5386169388944
2050 89,5363119213768
2051 89,5369690334974
2052 89,5414220530902
2053 89,5504662015463
2054 89,5635416130514
2055 89,579301289281
2056 89,5969918206567
2057 89,6167453140196
2058 89,639136439672
2059 89,6647628779544
2060 89,6936749594374
2061 89,7250954579814
2062 89,757840503928
2063 89,7912450990326
2064 89,8254309936257
2065 89,8607303033328
2066 89,8973883921194
2067 89,9358880806675
2068 89,9766397546053
2069 90,0189632515384
2070 90,0614395460139
2071 90,1038527189998
2072 90,1477621009493
2073 90,1942245688989
2074 90,2419264258953
2075 90,2886167550454
2076 90,3339250615046
2077 90,3790935307613
2078 90,4244028386119
2079 90,4682277669508
2080 90,5083206137892
2081 90,5437072112355
2082 90,5747735476516
2083 90,6022491135891
2084 90,626413727136
2085 90,646764072412
2086 90,6624248272643
2087 90,6726538451298
2088 90,6766933861986
2089 90,6733041199065
2090 90,661366390271
2091 90,6413192324434
2092 90,6153461940992
2093 90,5855505002415
2094 90,5520972072515
2095 90,5133842902788
2096 90,4678055557671
2097 90,4152528271714
2098 90,3573331567114
2099 90,296472565086
2100 90,2344177373984
2101 90,1712539911515
2102 90,1056324688591
2103 90,0364217654928
2104 89,964411881323
2105 89,8920490167025
2106 89,8217488292243
2107 89,7544849039665
2108 89,6900496861116
2109 89,6283122624405
2110 89,5699196696606
2111 89,5162200410239
2112 89,4688722049316
2113 89,4292499010445
2114 89,3975778370099
2115 89,3726481098707
2116 89,3529873952275
2117 89,3385333503999
2118 89,3309576748176
2119 89,3324271504972
2120 89,3442890989332
2121 89,3666283783981
2122 89,398412831692
2123 89,4379616957016
2124 89,4837409880516
2125 89,5350041810866
2126 89,591742256069
2127 89,6540303995875
2128 89,7212710142283
2129 89,7918364516758
2130 89,8636059479494
2131 89,935333540388
2132 90,0073935173935
2133 90,0805720238328
2134 90,1541072677814
2135 90,2255456548376
2136 90,2925783816563
2137 90,3543835966925
2138 90,4111645969243
2139 90,4631532196713
2140 90,5103128199961
2141 90,5523334877516
2142 90,5883393994358
2143 90,6168548801421
2144 90,6365262558323
2145 90,6469901488571
2146 90,6489665638525
2147 90,6435977634359
2148 90,6316840892761
2149 90,6134263493352
2150 90,5886528797648
2151 90,5571075752383
2152 90,5188396381853
2153 90,4746092948435
2154 90,4257930067484
2155 90,3736814275431
2156 90,3188823020495
2157 90,2614249407346
2158 90,2012173775762
2159 90,1382569927354
2160 90,0728101127699
2161 90,0058614395624
2162 89,9391623360904
2163 89,8743133694817
2164 89,8118842873238
2165 89,7518045169783
2166 89,6943840974456
2167 89,640394745333
2168 89,5902494386722
2169 89,5436964962205
2170 89,5004388476274
2171 89,4606882745124
2172 89,4250512512294
2173 89,3942382788576
2174 89,3689585492389
2175 89,3496920143601
2176 89,336194886542
2177 89,3273925450999
2178 89,3222453356915
2179 89,3208304535145
2180 89,3242665890622
2181 89,3333669089762
2182 89,347611007178
2183 89,3656680684588
2184 89,3865588397209
2185 89,4099133466744
2186 89,4355365105799
2187 89,4634548455444
2188 89,4941949473405
2189 89,5282612052435
2190 89,565402708138
2191 89,6051029849655
2192 89,6476743825203
2193 89,6939953720054
2194 89,7441528799642
2195 89,7972018516787
2196 89,8523018536098
2197 89,9091394509964
2198 89,9671883446933
2199 90,0256758011221
2200 90,0845532118206
2201 90,1443271902834
2202 90,2043357522506
2203 90,2622339003571
2204 90,316028818575
2205 90,3660093998803
2206 90,4138430938384
2207 90,4601009044438
2208 90,5033526960653
2209 90,5415518250075
2210 90,5737027844272
2211 90,6000172522714
2212 90,6207917998866
2213 90,6354544696463
2214 90,6428681586856
2215 90,6424155269449
2216 90,6344515820709
2217 90,6195671546739
2218 90,597718179212
2219 90,5684219575017
2220 90,5315693787636
2221 90,4877251403613
2222 90,4376498767271
2223 90,3819089015065
2224 90,3209522322619
2225 90,2553474153434
2226 90,1857682704446
2227 90,1129551731346
2228 90,0378120644091
2229 89,9612601728852
2230 89,8839010728695
2231 89,8061130169685
2232 89,7288665422501
2233 89,6539416282826
2234 89,5827955009348
2235 89,5154615548378
2236 89,4514063742433
2237 89,3913543319286
2238 89,3373920505909
2239 89,2912226774122
2240 89,2531051972577
2241 89,2227082543051
2242 89,2001209907528
2243 89,185766654157
2244 89,1800574789513
2245 89,1835802522849
2246 89,1970829159824
2247 89,2206803161619
2248 89,2533905402783
2249 89,293470750055
2250 89,3395253545832
2251 89,3911055474103
2252 89,4487788432426
2253 89,5130221668902
2254 89,5830191105309
2255 89,6568051617542
2256 89,7325297593009
2257 89,8095795108272
2258 89,8876374043758
2259 89,9658162738192
2260 90,0425028972578
2261 90,1164075053883
2262 90,1868331763848
2263 90,253233735049
2264 90,3149308633824
2265 90,3710403856804
2266 90,4212479946847
2267 90,4660363288373
2268 90,5063228550343
2269 90,5418729055529
2270 90,5710771086903
2271 90,5924121574726
2272 90,6062346549722
2273 90,6145667856301
2274 90,6189733061918
2275 90,6198421314118
2276 90,616291870093
2277 90,6075316175666
2278 90,5930178989763
2279 90,5730204404431
2280 90,5488454873785
2281 90,5217880802356
2282 90,492572932432
2283 90,4604604498186
2284 90,4250899659422
2285 90,3876911318906
2286 90,3512813056669
2287 90,3187979871327
2288 90,2903586185595
2289 90,264830243393
2290 90,2437265478323
2291 90,2316649362769
2292 90,2321353390587
2293 90,2430462350545
2294 90,2583073749334
2295 90,2707517333829
2296 90,2763061539911
2297 90,2763705253174
2298 90,2789250012278
2299 90,2918661006263
2300 90,3153967101598
2301 90,3409097783432
2302 90,364608302323
2303 90,3973514354834
2304 90,4589284156179
2305 90,5610989563876
2306 90,6985266590434
2307 90,8518669907461
2308 90,9952186694833
2309 91,1071712453169
2310 91,1733653858799
2311 91,1914224674204
2312 91,1757332624922
2313 91,1604535238239
2314 91,1818806113798
2315 91,2530442004088
2316 91,3566007398677
2317 91,4558965506453
2318 91,5117526756683
2319 91,5038656302928
2320 91,4471075652679
2321 91,3947773363028
2322 91,4033516530638
2323 91,489906307918
2324 91,6224535899262
2325 91,7555050212725
2326 91,8633999177606
2327 91,9246409007804
2328 91,9163185109222
2329 91,8355069118663
2330 91,7311300616795
2331 91,6684172438366
2332 91,6674907889444
2333 91,6977572828217
2334 91,7148371100826
2335 91,699415283433
2336 91,655413053077
2337 91,603488610785
2338 91,5702307081116
2339 91,5797014123371
2340 91,6529048519716
2341 91,773446952862
2342 91,8339442287812
2343 91,7595943959589
2344 91,611898492651
2345 91,5179093004299
2346 91,5359973837524
2347 91,5764135726491
2348 91,5381020552145
2349 91,4207795564255
2350 91,2751377745204
2351 91,1684129564215
2352 91,1853403392804
2353 91,2947439629968
2354 91,3296241688269
2355 91,2552678393462
2356 91,2028928395278
2357 91,2276573704534
2358 91,280708598523
2359 91,2723225736545
2360 91,1992238124826
2361 91,1323951428613
2362 91,0645058646393
2363 90,9956510994987
2364 90,9381956291017
2365 90,8894453053707
2366 90,8470382224812
2367 90,816039419655
2368 90,802445313293
2369 90,8044367757184
2370 90,8136529912351
2371 90,8220457942011
2372 90,8239447938011
2373 90,8116753052696
2374 90,7767207868791
2375 90,7163090132136
2376 90,6372843716228
2377 90,5553199354819
2378 90,4899515952176
2379 90,4556496753271
2380 90,4528906158991
2381 90,4667700476026
2382 90,4752526195874
2383 90,4613301846378
2384 90,4208716316024
2385 90,3626146035813
2386 90,3024480746832
2387 90,2558495545416
2388 90,2323457511276
2389 90,2341084348556
2390 90,2576844845633
2391 90,2964210549991
2392 90,3426064993477
2393 90,3896203949018
2394 90,4334217332436
2395 90,4722517651745
2396 90,5050384842188
2397 90,5304360240715
2398 90,5471278871603
2399 90,5541230818282
2400 90,5509449579198
2401 90,5381476666781
2402 90,5174021312674
2403 90,4904336426199
2404 90,4576577938138
2405 90,4182398524328
2406 90,3714544993036
2407 90,3175808334683
2408 90,2576097798899
2409 90,1927267851385
2410 90,1242853268255
2411 90,0538352952866
2412 89,9827397443172
2413 89,9116285000351
2414 89,8402276432902
2415 89,7678831939355
2416 89,6945484589255
2417 89,62134405444
2418 89,550001571039
2419 89,4818338431538
2420 89,4174785939239
2421 89,3573854345381
2422 89,3019600298139
2423 89,251275391479
2424 89,205264961832
2425 89,1642398354887
2426 89,1285990685462
2427 89,0980323617836
2428 89,0718101250038
2429 89,050025792094
2430 89,0337152200318
2431 89,0234884401492
2432 89,018979232972
2433 89,0201060026345
2434 89,0278446738314
2435 89,0428235934703
2436 89,0638027100499
2437 89,0886012602252
2438 89,1163281967518
2439 89,1479048623016
2440 89,184602236414
2441 89,2268906059452
2442 89,2745905840309
2443 89,3271600815735
2444 89,3835084365225
2445 89,4421971123359
2446 89,5023066511932
2447 89,5638811811202
2448 89,6273708547378
2449 89,6929572445922
2450 89,7605104256438
2451 89,8296729065328
2452 89,8995311919916
2453 89,9684561211603
2454 90,0348161102584
2455 90,0979989909911
2456 90,1584696222471
2457 90,2166028692318
2458 90,2715107375327
2459 90,3212473376284
2460 90,3643356777196
2461 90,4009870411026
2462 90,4325387999326
2463 90,459642181366
2464 90,481294417367
2465 90,4957525308212
2466 90,5020361710226
2467 90,5003053150559
2468 90,4911775149964
2469 90,4751617398191
2470 90,4525494831233
2471 90,4233231628972
2472 90,3871193045298
2473 90,3435747285979
2474 90,2927159259958
2475 90,2348610001434
2476 90,1703451318436
2477 90,0996575703239
2478 90,0237563152149
2479 89,9439901830235
2480 89,861740766317
2481 89,7782077949466
2482 89,6943258622902
2483 89,6107371002231
2484 89,5279977751083
2485 89,4468494519634
2486 89,3681196277695
2487 89,2925493080252
2488 89,2211812643572
2489 89,1557614141204
2490 89,0980353128064
2491 89,048548816187
2492 89,0067919407246
2493 88,9726161075242
2494 88,9468022510571
2495 88,9301154535721
2496 88,9227122568532
2497 88,9249225954145
2498 88,9377693266578
2499 88,9618776637693
2500 88,9961555691998
2501 89,0381604888469
2502 89,0858289191766
2503 89,1386277263058
2504 89,1971828927447
2505 89,2620055811216
2506 89,3324966322244
2507 89,4072527662831
2508 89,4853495111661
2509 89,5669408384107
2510 89,6521351331219
2511 89,7395867690846
2512 89,826856474443
2513 89,9119835750548
2514 89,9939801890934
2515 90,0720252729171
2516 90,1452997685402
2517 90,2137476147934
2518 90,2777861274042
2519 90,3367472814176
2520 90,3886266545007
2521 90,4319443051288
2522 90,466803188776
2523 90,4934286168321
2524 90,5109276878462
2525 90,5187082560146
2526 90,5180931212235
2527 90,5109031431496
2528 90,4969062086306
2529 90,4741775476364
2530 90,4417835101472
2531 90,400757475297
2532 90,3525795270118
2533 90,2981311242829
2534 90,238244104544
2535 90,1738933964297
2536 90,1054465867616
2537 90,0327923565052
2538 89,9566407457179
2539 89,8788538584471
2540 89,8011198493817
2541 89,7240217158566
2542 89,6477602591688
2543 89,5731561997571
2544 89,5014963876022
2545 89,43371642241
2546 89,3699884511977
2547 89,3099348579926
2548 89,2532291878706
2549 89,2002243883752
2550 89,1520054235032
2551 89,1097068569504
2552 89,0738638260934
2553 89,0443529313284
2554 89,0204880470044
2555 89,0011015286358
2556 88,9852995000417
2557 88,9736525599305
2558 88,9681026508733
2559 88,9701365985666
2560 88,9794371591347
2561 88,9946799702163
2562 89,0149891147599
2563 89,0400825568926
2564 89,0698406792966
2565 89,1047142942011
2566 89,1459206299066
2567 89,1939454533884
2568 89,2470160224199
2569 89,3022649320454
2570 89,3585761494085
2571 89,417343138141
2572 89,4801878661158
2573 89,546737770146
2574 89,6149240887976
2575 89,6827527640294
2576 89,7494015467372
2577 89,8150827575376
2578 89,880213597133
2579 89,9445150738551
2580 90,0068567600652
2581 90,0661839946993
2582 90,1223333155062
2583 90,1754240767746
2584 90,2247275874642
2585 90,2689264972756
2586 90,3074075782476
2587 90,3404602905085
2588 90,3681603969766
2589 90,3899292684746
2590 90,4053753241067
2591 90,4147407950172
2592 90,4182299741109
2593 90,4156020574699
2594 90,4066534452424
2595 90,3913199731682
2596 90,3689425582532
2597 90,338186377012
2598 90,2983266042974
2599 90,2503492333989
2600 90,1964304528424
2601 90,1383950021536
2602 90,0765422727825
2603 90,009617494367
2604 89,9361775576859
2605 89,8566062397891
2606 89,7736798922391
2607 89,690573045583
2608 89,6085238765297
2609 89,5271306630606
2610 89,4465276957072
2611 89,3681064059212
2612 89,2931152718179
2613 89,221816517441
2614 89,1545080216429
2615 89,092481731203
2616 89,0373767249972
2617 88,9901155137442
2618 88,9509080145988
2619 88,9198648809416
2620 88,8971817511361
2621 88,8829280609722
2622 88,8769346454974
2623 88,8789617924422
2624 88,889239307478
2625 88,9090036253695
2626 88,9398394097714
2627 88,9816427196994
2628 89,031590290187
2629 89,0862610963209
2630 89,1448589775524
2631 89,2092822854119
2632 89,280804297442
2633 89,3578619073706
2634 89,437667817686
2635 89,5188974360356
2636 89,6018564225749
2637 89,6867564311688
2638 89,7728519586766
2639 89,8588083835791
2640 89,9428938778221
2641 90,0229982140557
2642 90,0973862636503
2643 90,1655360254389
2644 90,2277462866074
2645 90,2840481597199
2646 90,3339570830618
2647 90,3769972670806
2648 90,4127855865901
2649 90,4406350878362
2650 90,4595955763834
2651 90,4689399964016
2652 90,4684044943343
2653 90,4581997787751
2654 90,4390971688735
2655 90,4121980773584
2656 90,3782182285153
2657 90,3372085588712
2658 90,2892525207002
2659 90,2350849481806
2660 90,1756825512738
2661 90,1116584284334
2662 90,0435488560166
2663 89,97237569461
2664 89,8993594627487
2665 89,8252141505102
2666 89,7501885903704
2667 89,6747083872506
2668 89,599562746156
2669 89,525541557957
2670 89,4533590209636
2671 89,3840184518181
2672 89,3188131973876
2673 89,2585874651183
2674 89,2030570018246
2675 89,1512063042864
2676 89,1026070922673
2677 89,058261720189
2678 89,0198968124066
2679 88,9884847902368
2680 88,9638961868894
2681 88,9460886734898
2682 88,9358809225847
2683 88,9337798171738
2684 88,9383341209513
2685 88,9466112432506
2686 88,9566393674496
2687 88,9689447252205
2688 88,9856074070926
2689 89,0084378813689
2690 89,0383057701008
2691 89,0753855625956
2692 89,1191063004505
2693 89,1679475499191
2694 89,2199932239118
2695 89,2739844542718
2696 89,3296847599604
2697 89,3872745593453
2698 89,4466733886362
2699 89,50744963334
2700 89,5690746691152
2701 89,6310814065721
2702 89,6930300464334
2703 89,7543869439886
2704 89,8144857640293
2705 89,872720715659
2706 89,9288243903793
2707 89,9828468695446
2708 90,0347757863906
2709 90,0841509338012
2710 90,1298983196221
2711 90,1704144593425
2712 90,2041698269901
2713 90,2308505495231
2714 90,2519497358622
2715 90,2695729971373
2716 90,2841962861644
2717 90,2937768958857
2718 90,2953150367201
2719 90,2873074220852
2720 90,2708701485429
2721 90,2488205565688
2722 90,223438614803
2723 90,1944817794146
2724 90,1594173588957
2725 90,1162460717744
2726 90,0660515438364
2727 90,0119484282648
2728 89,9555567093106
2729 89,895718603968
2730 89,8310303178607
2731 89,7621878522205
2732 89,6907754510647
2733 89,6169209538266
2734 89,5399032273191
2735 89,4608540797466
2736 89,3832755122424
2737 89,3104107805851
2738 89,2429986082183
2739 89,1799765004554
2740 89,1205917217361
2741 89,0652810992339
2742 89,0150052371498
2743 88,9703820011348
2744 88,9314799426481
2745 88,8983396939602
2746 88,8719158668075
2747 88,8544970943454
2748 88,8486231152995
2749 88,8551204465816
2750 88,8724608302129
2751 88,8984242449018
2752 88,9321244566436
2753 88,9738955788431
2754 89,023348664768
2755 89,0782982858348
2756 89,1360686678464
2757 89,1957530297174
2758 89,2589515828544
2759 89,3281768992731
2760 89,4043428061739
2761 89,4855025711036
2762 89,5679168265183
2763 89,6485210789396
2764 89,7266025191024
2765 89,8032343975193
2766 89,8791865100954
2767 89,9534313373259
2768 90,0235844755558
2769 90,0875831766869
2770 90,144730459575
2771 90,1951064386145
2772 90,2383185262043
2773 90,2734030509205
2774 90,3002019970653
2775 90,3203237639188
2776 90,3359070573953
2777 90,3471507568091
2778 90,3515134907776
2779 90,3458003235241
2780 90,3289466861062
2781 90,3025928537916
2782 90,2692893355052
2783 90,2305630657031
2784 90,1863455680812
2785 90,1353928245835
2786 90,076245759164
2787 90,0089632748298
2788 89,9367277051162
2789 89,8649268909343
2790 89,7972933257604
2791 89,7328918574907
2792 89,6677561107858
2793 89,5993524094132
2794 89,528440049524
2795 89,4568631135845
2796 89,3855412683008
2797 89,3157566242866
2798 89,2509400236501
2799 89,1950486957632
2800 89,1489266582327
2801 89,1093649364058
2802 89,0721424115251
2803 89,0355623569012
2804 89,0010821304391
2805 88,9712219886762
2806 88,947253728373
2807 88,928767767336
2808 88,9153041746261
2809 88,9080595494186
2810 88,9092455706226
2811 88,919416292828
2812 88,9361367459553
2813 88,9560440664223
2814 88,9778685795074
2815 89,002774846709
2816 89,0322364131746
2817 89,0666021576378
2818 89,1055187323993
2819 89,148521970417
2820 89,1948484630917
2821 89,24345562319
2822 89,2936356196855
2823 89,3452320689016
2824 89,3982656702156
2825 89,4528598622434
2826 89,5092754175282
2827 89,567048021748
2828 89,6240535860229
2829 89,6774948901105
2830 89,7262267157696
2831 89,7713975462422
2832 89,8145605168909
2833 89,8557939562229
2834 89,893569728561
2835 89,9254709776662
2836 89,9493422487636
2837 89,96562655869
2838 89,9790693828805
2839 89,995980640499
2840 90,0181220366004
2841 90,0402221022187
2842 90,0545757343177
2843 90,0568500081851
2844 90,0463423230245
2845 90,0229521684615
2846 89,9872630265002
2847 89,9431272628639
2848 89,8967091842212
2849 89,8515699062979
2850 89,8063130816735
2851 89,7578417253189
2852 89,7053850141307
2853 89,6505522813247
2854 89,5950078382056
2855 89,5393078850791
2856 89,4831029277705
2857 89,4256417819991
2858 89,3669747099312
2859 89,3092559368068
2860 89,2555547465591
2861 89,20633447947
2862 89,1582558676925
2863 89,1078093474221
2864 89,055370224636
2865 89,0044827747037
2866 88,958090709493
2867 88,916998343819
2868 88,881033622519
2869 88,849317989721
2870 88,8195637629712
2871 88,7900157524514
2872 88,7635334551252
2873 88,747823801683
2874 88,7493679473006
2875 88,7673304262663
2876 88,7946979222119
2877 88,8251528682026
2878 88,8577478400891
2879 88,8952412940266
2880 88,9397068415789
2881 88,990734686777
2882 89,0468596696268
2883 89,1071005232251
2884 89,1707269650641
2885 89,2364811027994
2886 89,3029391002351
2887 89,3695489711825
2888 89,4367068431635
2889 89,5046514434916
2890 89,5725372552073
2891 89,6384931238329
2892 89,7002371289081
2893 89,7560596803992
2894 89,8063187399859
2895 89,8540858780231
2896 89,9028405330639
2897 89,9524119697696
2898 89,9979670669461
2899 90,0340576718641
2900 90,0590060754402
2901 90,0743625269333
2902 90,0812968482644
2903 90,0797112152769
2904 90,0703406723128
2905 90,0548586264095
2906 90,0330919834845
2907 90,0022010126609
2908 89,9597718040532
2909 89,9058257393604
2910 89,8407734597512
2911 89,7641242634825
2912 89,6778132296294
2913 89,588983644041
2914 89,5058104599173
2915 89,4304236634156
2916 89,358562952971
2917 89,2860154466068
2918 89,2127373501387
2919 89,1404336588547
2920 89,0694302265313
2921 88,9997346350142
2922 88,9330953434798
2923 88,8719735202091
2924 88,8173155383215
2925 88,7683037772263
2926 88,7232245694766
2927 88,6802662364249
2928 88,6397903805948
2929 88,6071252391657
2930 88,5904969984858
2931 88,5933201495263
2932 88,6096313528264
2933 88,6295755823629
2934 88,6485311571934
2935 88,6684982059273
2936 88,6919107649143
2937 88,7180657499172
2938 88,7458221033425
2939 88,7755976471862
2940 88,8067268204671
2941 88,8360393427872
2942 88,8619843715666
2943 88,8884316310447
2944 88,9216568375
2945 88,9645340248596
2946 89,0158940395723
2947 89,074057550846
2948 89,1373458041874
2949 89,2012120060498
2950 89,2590769547208
2951 89,3084415711542
2952 89,3540807638378
2953 89,4027644666384
2954 89,4557209481362
2955 89,5082150881564
2956 89,5557611729479
2957 89,5983228182458
2958 89,6382112818736
2959 89,6761695442611
2960 89,7110043631976
2961 89,7421049934254
2962 89,770803448976
2963 89,7991412619052
2964 89,8279203723555
2965 89,8561017096192
2966 89,8818852484067
2967 89,9042810721988
2968 89,9234077985427
2969 89,938866112639
2970 89,948124683604
2971 89,9476339222918
2972 89,936270510405
2973 89,9171681133807
2974 89,8952711369444
2975 89,8730459611554
2976 89,8489645316134
2977 89,8198944435358
2978 89,784337329412
2979 89,7434612619434
2980 89,6997859127739
2981 89,6552809673603
2982 89,6103600381845
2983 89,5641863476812
2984 89,5157787886727
2985 89,4649986367049
2986 89,4126575518683
2987 89,3595533110512
2988 89,3050420790654
2989 89,2468729186227
2990 89,183925407434
2991 89,120160867272
2992 89,0644663112266
2993 89,0238015453481
2994 88,9959471685724
2995 88,9714424857401
2996 88,9441624333703
2997 88,9180844608307
2998 88,9018631878302
2999 88,8987404430441
3000 88,904594468752
3001 88,9145753232095
3002 88,9279294750302
3003 88,9460551176744
3004 88,9694445625292
3005 88,998137250835
3006 89,0322379424462
3007 89,0697141578881
3008 89,1057154821687
3009 89,1369451079905
3010 89,1662448567136
3011 89,2009118051096
3012 89,2467201641573
3013 89,3048652374478
3014 89,3735009444479
3015 89,4494091084324
3016 89,5277835023356
3017 89,6030834119778
3018 89,6721689777046
3019 89,7358963990729
3020 89,7963016662245
3021 89,8526173133384
3022 89,9014928447764
3023 89,9415061213537
3024 89,9761048504072
3025 90,0103479238718
3026 90,0444501209228
3027 90,0721124033909
3028 90,0863555318199
3029 90,0860444842536
3030 90,0751990295451
3031 90,0569979263306
3032 90,0313356663742
3033 89,9989252616889
3034 89,9647412160849
3035 89,9344544772864
3036 89,9077724209445
3037 89,8770309452115
3038 89,8329222076054
3039 89,7718072638839
3040 89,698758461518
3041 89,6245019455462
3042 89,558478395514
3043 89,5035421313255
3044 89,456995243027
3045 89,4156491848749
3046 89,3777242370069
3047 89,3398525547851
3048 89,2962845131006
3049 89,2447467236209
3050 89,191387804359
3051 89,1460149224849
3052 89,1122658416287
3053 89,0852921108396
3054 89,0592059461302
3055 89,0338583923377
3056 89,0134489302192
3057 89,0010519661124
3058 88,9959252506887
3059 88,9946339967601
3060 88,9936068496732
3061 88,9918245641462
3062 88,9917072027124
3063 88,9958525555911
3064 89,0027539543378
3065 89,0082891252244
3066 89,0127994907663
3067 89,0239841022396
3068 89,0499837466001
3069 89,0906848300004
3070 89,1380643812997
3071 89,1841419591898
3072 89,2260591258729
3073 89,2637525638994
3074 89,2956463798503
3075 89,3184631429574
3076 89,3309813461369
3077 89,3376419156041
3078 89,3480999496399
3079 89,3716269987147
3080 89,4098454817881
3081 89,4547656608322
3082 89,4956965308417
3083 89,5289364123866
3084 89,5600410351458
3085 89,5961326612219
3086 89,6367715612107
3087 89,6733988241953
3088 89,6980296730451
3089 89,7117878825876
3090 89,7239239501241
3091 89,7423860062833
3092 89,7662623156504
3093 89,7881252130402
3094 89,8022440821139
3095 89,8082213771756
3096 89,8071994896362
3097 89,7983292247236
3098 89,7813088333726
3099 89,7600783832084
3100 89,740742543935
3101 89,7259090537373
3102 89,7129402558199
3103 89,6971603604649
3104 89,674464843599
3105 89,6413293837554
3106 89,5960826864282
3107 89,5423745793559
3108 89,4894733938575
3109 89,4461085265352
3110 89,4129076945328
3111 89,3812627215884
3112 89,339638322439
3113 89,2820541410243
3114 89,2125769104887
3115 89,1426064452281
3116 89,0826711432267
3117 89,0356175595749
3118 88,9978891668149
3119 88,9669842823701
3120 88,9456410518116
3121 88,9374822639
3122 88,9404362458763
3123 88,9469786856374
3124 88,95063884264
3125 88,9502445932956
3126 88,9479417151714
3127 88,9459878826843
3128 88,947139007115
3129 88,9557973500444
3130 88,9756128686269
3131 89,0058100952082
3132 89,0416968629114
3133 89,0792450723762
3134 89,1174790352333
3135 89,1557091892806
3136 89,1910195745143
3137 89,2215816029116
3138 89,2519533128708
3139 89,2916469205121
3140 89,3465708115806
3141 89,4130383967066
3142 89,4813485430784
3143 89,5440477115225
3144 89,5996276874409
3145 89,6500279087036
3146 89,6970854521354
3147 89,740703465738
3148 89,7777556919992
3149 89,8026341465996
3150 89,8122712115393
3151 89,8124781818348
3152 89,8167722462039
3153 89,8354704027464
3154 89,8658261319766
3155 89,8946787844546
3156 89,9105471003416
3157 89,9115760286916
3158 89,9025682649852
3159 89,8876751193378
3160 89,8675986516172
3161 89,8416700973075
3162 89,8098650165404
3163 89,7728257567478
3164 89,7315975523547
3165 89,6878154074932
3166 89,6433465509981
3167 89,5993772439571
3168 89,556077489634
3169 89,5130085854571
3170 89,469608519322
3171 89,4255987929762
3172 89,3813688228934
3173 89,3379491472342
3174 89,2962782657521
3175 89,2567499378377
3176 89,2196064555921
3177 89,1852527190466
3178 89,1537843315536
3179 89,1247920975104
3180 89,0983245202378
3181 89,0755199842886
3182 89,0575069674793
3183 89,0439995521518
3184 89,0337492681229
3185 89,026153969526
3186 89,0216579492808
3187 89,0208228759484
3188 89,0239683990209
3189 89,0315564723056
3190 89,0438104248229
3191 89,0597171010347
3192 89,0773175849198
3193 89,0955254477181
3194 89,1147348165937
3195 89,1353978321158
3196 89,1569932059406
3197 89,1790831118234
3198 89,2024583000035
3199 89,2281390192676
3200 89,2556299351915
3201 89,28306079266
3202 89,3090226468852
3203 89,3336097030823
3204 89,3577660565129
3205 89,3822739803625
3206 89,4073998850958
3207 89,4328956873317
3208 89,4578714859604
3209 89,4809218424084
3210 89,5007095775696
3211 89,5168503654284
3212 89,5304526357558
3213 89,5436806405314
3214 89,5581925302883
3215 89,5736247895756
3216 89,5877072835221
3217 89,598260310134
3218 89,6052227379135
3219 89,6107652810105
3220 89,6173473680804
3221 89,6253800495376
3222 89,6326356138964
3223 89,6359190126345
3224 89,6332861138045
3225 89,6247941804777
3226 89,6116998701582
3227 89,5957472826261
3228 89,5785014120653
3229 89,5593728578717
3230 89,5339399430693
3231 89,4973059310322
3232 89,4517743091948
3233 89,4091979008555
3234 89,3817280282416
3235 89,3698281584948
3236 89,3619913955771
3237 89,346556743784
3238 89,3209283427181
3239 89,289014518483
3240 89,2543459745351
3241 89,2185093889607
3242 89,1829901060887
3243 89,1481829345889
3244 89,1118469720795
3245 89,07263695698
3246 89,0351261899131
3247 89,0077568647839
3248 88,9947942951192
3249 88,9925348774529
3250 88,9936155581246
3251 88,9926809006248
3252 88,9877620471025
3253 88,9796935387989
3254 88,9726014036923
3255 88,9730488424546
3256 88,985611258127
3257 89,008982898355
3258 89,0375120345006
3259 89,0663733311826
3260 89,0948041288649
3261 89,1248927074254
3262 89,158447964919
3263 89,195291141717
3264 89,2339862502674
3265 89,2731385662025
3266 89,31080995986
3267 89,3429062292174
3268 89,3651368142827
3269 89,3795691939583
3270 89,397457255306
3271 89,4310516632672
3272 89,4812498704445
3273 89,5363587201657
3274 89,5845566397238
3275 89,6245538678356
3276 89,6618787978053
3277 89,6983510292563
3278 89,7298125719977
3279 89,7526817340356
3280 89,7678580792851
3281 89,7775801931636
3282 89,7821676645626
3283 89,7813054267237
3284 89,7758988763628
3285 89,7668433583691
3286 89,7533502004034
3287 89,7332536504636
3288 89,703805319235
3289 89,6626673703869
3290 89,6109482468656
3291 89,555951880352
3292 89,5075852775878
3293 89,4700424974625
3294 89,4395602625916
3295 89,4120241554148
3296 89,3890236065142
3297 89,3729823456578
3298 89,3596089556794
3299 89,3402733243881
3300 89,3105023785797
3301 89,2711409061432
3302 89,2220809880097
3303 89,1617212301811
3304 89,0950068151202
3305 89,0364002343071
3306 89,0003470446594
3307 88,9905418966496
3308 89,0004472337571
3309 89,0209235612716
3310 89,0442922657115
3311 89,0642601565047
3312 89,0775331358455
3313 89,0860178312975
3314 89,0942040107994
3315 89,1039600303806
3316 89,1138807429314
3317 89,1229191528864
3318 89,1317208201228
3319 89,1405486289215
3320 89,1486596658148
3321 89,1557694689074
3322 89,1616925475069
3323 89,1651242305148
3324 89,1662560224595
3325 89,170534774186
3326 89,185603657288
3327 89,212802294656
3328 89,244803380454
3329 89,2733105703877
3330 89,2962034408707
3331 89,3155294465014
3332 89,3321721031431
3333 89,345231711506
3334 89,3539177117188
3335 89,3570578716325
3336 89,3533647696137
3337 89,3458081276852
3338 89,3434320473667
3339 89,3539912574265
3340 89,3750612838512
3341 89,3963477375802
3342 89,4111434405334
3343 89,4222177219202
3344 89,4358676946221
3345 89,4532297914812
3346 89,4685395481871
3347 89,4739362401769
3348 89,4658530192879
3349 89,4495225956856
3350 89,4375598925401
3351 89,4404787084123
3352 89,4566899616396
3353 89,4737030259033
3354 89,480652386409
3355 89,4774038961938
3356 89,4700297023309
3357 89,4608810545541
3358 89,4469682881478
3359 89,4267485460113
3360 89,4039390062677
3361 89,3832199404269
3362 89,3644454593763
3363 89,3426987215985
3364 89,3129151433309
3365 89,2734377089266
3366 89,2264146600043
3367 89,1769715912231
3368 89,1326159672933
3369 89,1016079921386
3370 89,0888589773828
3371 89,0913265476871
3372 89,0979125587149
3373 89,0963083467284
3374 89,0818801352782
3375 89,060123882233
3376 89,0405231618787
3377 89,0286628029414
3378 89,0238481378786
3379 89,0224801447545
3380 89,0223286151933
3381 89,0242135875465
3382 89,0305211694292
3383 89,0422283157553
3384 89,0574097945021
3385 89,0731779302341
3386 89,0881726595548
3387 89,1013109419872
3388 89,1092363692783
3389 89,109278728836
3390 89,1069960215511
3391 89,1167167181948
3392 89,1498606236491
3393 89,2029835015956
3394 89,2607267491376
3395 89,3096500005708
3396 89,3452676464
3397 89,3672858819984
3398 89,3757587437093
3399 89,3758861560977
3400 89,3815374506859
3401 89,4073421918698
3402 89,4564262828004
3403 89,5180295745935
3404 89,5763833606084
3405 89,6199750380106
3406 89,6444172442054
3407 89,6516895931922
3408 89,6486560764511
3409 89,6430138482424
3410 89,6382849804988
3411 89,6332991330227
3412 89,6266997011039
3413 89,6195739575356
3414 89,6128850254854
3415 89,605140392904
3416 89,5942842262138
3417 89,5799903627216
3418 89,5625355088572
3419 89,5413496120936
3420 89,5165408919225
3421 89,490251722633
3422 89,4643321627837
3423 89,4379414690662
3424 89,4093574459863
3425 89,3786488103499
3426 89,3463509527422
3427 89,3111181909887
3428 89,272304832523
3429 89,2343152353304
3430 89,204169698187
3431 89,1832332092799
3432 89,164437865178
3433 89,1401446452412
3434 89,1110944299251
3435 89,0860063863103
3436 89,0735840410303
3437 89,0765012188443
3438 89,0912416603045
3439 89,1106890897322
3440 89,1272726900451
3441 89,136152869935
3442 89,1378025123378
3443 89,136849596865
3444 89,1380379684301
3445 89,1434170091221
3446 89,1525989417091
3447 89,1637246644292
3448 89,1740921692683
3449 89,1817814701964
3450 89,1875763596941
3451 89,1943830452113
3452 89,2041719660873
3453 89,2160340485533
3454 89,2274697776875
3455 89,2367917942546
3456 89,2435599050937
3457 89,2478515368348
3458 89,2506828883375
3459 89,2548095327407
3460 89,2636112391638
3461 89,2774496604934
3462 89,2920325664637
3463 89,3007663106317
3464 89,2994306536862
3465 89,2890638878747
3466 89,275238084087
3467 89,2654334404094
3468 89,2665409631574
3469 89,2824104993233
3470 89,3115819264596
3471 89,3470182720939
3472 89,3798612942184
3473 89,4049254582224
3474 89,4221704906344
3475 89,4326629897156
3476 89,434961633649
3477 89,4279189471464
3478 89,4162842179429
3479 89,410377327072
3480 89,4181334278954
3481 89,4373553563834
3482 89,4565759462939
3483 89,4644066645856
3484 89,458089168521
3485 89,443677306307
3486 89,4294924643883
3487 89,419956458595
3488 89,4139353775766
3489 89,4068377144544
3490 89,3943750087468
3491 89,3755122934192
3492 89,352853285448
3493 89,3295442705998
3494 89,3055500669436
3495 89,2783757051171
3496 89,2481536943758
3497 89,2199604796132
3498 89,1986021588436
3499 89,1816431238295
3500 89,1611337632811
3501 89,1335016906023
3502 89,1052950458853
3503 89,0868407369065
3504 89,0814492512564
3505 89,0835442660747
3506 89,086412796478
3507 89,0879525743048
3508 89,0885239624984
3509 89,0869072744151
3510 89,0808805303995
3511 89,0712107850326
3512 89,063639290604
3513 89,0659630933138
3514 89,0825892222686
3515 89,1106819115674
3516 89,1417649202705
3517 89,1685459895388
3518 89,1910772486299
3519 89,2143620299806
3520 89,2401199982616
3521 89,2639449030366
3522 89,2827532243557
3523 89,3013445382808
3524 89,3285513889312
3525 89,3670399479948
3526 89,4106232270453
3527 89,4516474681063
3528 89,4876759484982
3529 89,5201314868187
3530 89,5492459885438
3531 89,5735140424838
3532 89,5921832167674
3533 89,6051239996464
3534 89,6116443345301
3535 89,6129946297411
3536 89,6151424922525
3537 89,6240833375372
3538 89,6375849792077
3539 89,6453810058483
3540 89,6401677235373
3541 89,6237900567746
3542 89,6023533966331
3543 89,5785611054198
3544 89,553731571802
3545 89,5338168668179
3546 89,5264414880923
3547 89,5314094395995
3548 89,5384714894644
3549 89,5371022215869
3550 89,5250074517654
3551 89,5069701768506
3552 89,4885742918409
3553 89,4718210634717
3554 89,4553388472897
3555 89,4380770661539
3556 89,4210696939781
3557 89,4049296606909
3558 89,3872016265554
3559 89,3645653606786
3560 89,3386363118454
3561 89,3175421886368
3562 89,308223849524
3563 89,3099943295372
3564 89,316171523462
3565 89,3203767322581
3566 89,318441262503
3567 89,3080201512211
3568 89,2911042276744
3569 89,2766842554327
3570 89,2733495075318
3571 89,2798930170474
3572 89,2884282544408
3573 89,2942791456927
3574 89,2990331896052
3575 89,306101738957
3576 89,3155234871272
3577 89,3245830374079
3578 89,3302123042116
3579 89,331300745921
3580 89,3273966005373
3581 89,3210168870453
3582 89,31546091762
3583 89,3125767201672
3584 89,3125751319354
3585 89,3178209578002
3586 89,3315530388286
3587 89,351662576882
3588 89,3696623741314
3589 89,380089516417
3590 89,3881737493766
3591 89,3990668642786
3592 89,4108754556479
3593 89,4190021684419
3594 89,4237752344132
3595 89,4288011118467
3596 89,4341830780535
3597 89,4377845596863
3598 89,4400913296197
3599 89,4465757760671
3600 89,4606079689464
3601 89,478392398785
3602 89,4941034174594
3603 89,5034056444859
3604 89,50564947504
3605 89,505575230381
3606 89,5099880607849
3607 89,5227367210669
3608 89,5410964018727
3609 89,557515562111
3610 89,5689791003734
3611 89,5766673650456
3612 89,5804954043788
3613 89,5772097380552
3614 89,5663344451924
3615 89,5530488230283
3616 89,5430197699672
3617 89,5377262189887
3618 89,5328628675856
3619 89,5204862923413
3620 89,4950250203394
3621 89,4610260442694
3622 89,4296188439117
3623 89,4042880855888
3624 89,3813084044727
3625 89,3603005579867
3626 89,3453245684533
3627 89,3368437818299
3628 89,3270903488897
3629 89,3077558861921
3630 89,2859415430079
3631 89,276756987991
3632 89,2783885969218
3633 89,2783162034132
3634 89,2715938485941
3635 89,2638175603741
3636 89,2597400332312
3637 89,2569162091772
3638 89,2522239825509
3639 89,248053647811
3640 89,2479218682572
3641 89,2502955096291
3642 89,2527140771838
3643 89,2560185609764
3644 89,2646318733878
3645 89,281235966145
3646 89,3044381009405
3647 89,3290351886354
3648 89,3475632938806
3649 89,3584969810878
3650 89,3695038635703
3651 89,3923236849382
3652 89,431588035741
3653 89,4796777860065
3654 89,5214057871579
3655 89,5459924923462
3656 89,554857078332
3657 89,5601305786691
3658 89,5726248962444
3659 89,5924377942981
3660 89,6156057030542
3661 89,6412169860132
3662 89,6695314990326
3663 89,6956928606302
3664 89,7148009524267
3665 89,7262787361956
3666 89,7354651936369
3667 89,7462280978719
3668 89,7575296861458
3669 89,7663090332505
3670 89,7680764638864
3671 89,7623479426428
3672 89,7562775080181
3673 89,7540264436485
3674 89,7532609991509
3675 89,7519997551854
3676 89,7464770331259
3677 89,7364136475216
3678 89,7249253460173
3679 89,7104647908362
3680 89,6908533742855
3681 89,6696501482864
3682 89,6489304579367
3683 89,6257355265176
3684 89,5990658084131
3685 89,5693077726847
3686 89,5370042998148
3687 89,5036500673284
3688 89,4773359193434
3689 89,4674639972891
3690 89,4725420796591
3691 89,4765079267484
3692 89,4670119707424
3693 89,4443072093804
3694 89,4168678378669
3695 89,3912936049777
3696 89,3685872705509
3697 89,3506238984011
3698 89,3399764523104
3699 89,3380716819005
3700 89,3395670013024
3701 89,3383403490755
3702 89,3328176949466
3703 89,3260453117262
3704 89,3225537135517
3705 89,3232889784071
3706 89,3239633873392
3707 89,3222128889185
3708 89,3210388247019
3709 89,3247453982634
3710 89,3345047604492
3711 89,3461048010997
3712 89,3564972906832
3713 89,3648110161107
3714 89,3751177911925
3715 89,3881842553296
3716 89,3963634619397
3717 89,3942105974093
3718 89,3848632091054
3719 89,3766809040642
3720 89,3722681672341
3721 89,3699038328773
3722 89,3721548629032
3723 89,38333502482
3724 89,4016520661649
3725 89,4222434969848
3726 89,4420274490688
3727 89,4661100725542
3728 89,5021427606946
3729 89,5490488191272
3730 89,5992134981139
3731 89,6467839356782
3732 89,6894014574965
3733 89,7245464881074
3734 89,752646950891
3735 89,7751497390422
3736 89,789264195282
3737 89,7943749980756
3738 89,7957544445798
3739 89,7942477607306
3740 89,7855536465716
3741 89,767478719139
3742 89,7471715115802
3743 89,7339001953763
3744 89,7243596661057
3745 89,7057270868415
3746 89,6798447596426
3747 89,6547998595998
3748 89,6268356797809
3749 89,5959134021556
3750 89,5663295343141
3751 89,5375973029428
3752 89,5035848221958
3753 89,4612323249916
3754 89,4191082196815
3755 89,3851615561044
3756 89,3561000716007
3757 89,3259683422857
3758 89,2930518394476
3759 89,2596974663402
3760 89,2301979856836
3761 89,207713654767
3762 89,1941241181044
3763 89,1864212307865
3764 89,1768797396568
3765 89,1649961220073
3766 89,1571799113927
3767 89,1588236923649
3768 89,1665141124964
3769 89,1723489715334
3770 89,1743892189822
3771 89,1793143794288
3772 89,1942922582091
3773 89,2169863308908
3774 89,2393250734147
3775 89,2596297113856
3776 89,2814213258738
3777 89,3045408514987
3778 89,3253911370456
3779 89,3465005187746
3780 89,3763153460382
3781 89,4176077431269
3782 89,4623476293821
3783 89,5014703814054
3784 89,5319266478127
3785 89,5569574798968
3786 89,5802884276297
3787 89,6033272260005
3788 89,6258412805571
3789 89,6473431690391
3790 89,6666357667376
3791 89,6829140218269
3792 89,6968476952057
3793 89,7091589966876
3794 89,7204652818851
3795 89,7305035785426
3796 89,7380402343764
3797 89,7423963224472
3798 89,7450667634334
3799 89,7483766727219
3800 89,7546135849745
3801 89,7604098234329
3802 89,7585571599167
3803 89,7492595699886
3804 89,737796709055
3805 89,7234024498524
3806 89,7040716103595
3807 89,6803229427843
3808 89,6552655528717
3809 89,6328802646185
3810 89,6094999127621
3811 89,5817064807138
3812 89,5519577661808
3813 89,5242935360225
3814 89,5006613634405
3815 89,4800327347275
3816 89,4614967138856
3817 89,448608034141
3818 89,4446823935664
3819 89,4437809547276
3820 89,4384840403623
3821 89,4239531356366
3822 89,4031721507534
3823 89,38742671632
3824 89,38076306869
3825 89,3739915047319
3826 89,3588901198161
3827 89,3393562272882
3828 89,3258332883973
3829 89,3207116158314
3830 89,3169015828337
3831 89,3113799125955
3832 89,3055584033623
3833 89,3001164011562
3834 89,2929755857979
3835 89,2832775841624
3836 89,2750539163503
3837 89,2737605106154
3838 89,2795310271156
3839 89,2905613178837
3840 89,3057035373479
3841 89,3197690256727
3842 89,32624288436
3843 89,3242223758225
3844 89,3207102673473
3845 89,3243515833976
3846 89,334720618818
3847 89,3502715456831
3848 89,3706865857515
3849 89,3949241363035
3850 89,4228161805652
3851 89,4557144035917
3852 89,492096970482
3853 89,5240015653715
3854 89,5411583379792
3855 89,5522466595526
3856 89,5723692620223
3857 89,5947445949868
3858 89,6076956665146
3859 89,6117201525836
3860 89,6152660417184
3861 89,6230349156653
3862 89,6343539644743
3863 89,6481508499316
3864 89,6618814481504
3865 89,6702726555041
3866 89,6677939550429
3867 89,6595708103799
3868 89,6508827082517
3869 89,6421578085085
3870 89,6321896912769
3871 89,6223497513141
3872 89,6153933727558
3873 89,6070861084638
3874 89,5891957992365
3875 89,5598943935307
3876 89,5264283403048
3877 89,4967171331322
3878 89,471754636605
3879 89,446990661204
3880 89,4165205832055
3881 89,3791625775828
3882 89,3398131681641
3883 89,3026620663504
3884 89,2670250851434
3885 89,2314207840681
3886 89,1993310275519
3887 89,1797005846175
3888 89,1731103930772
3889 89,1658703043594
3890 89,1456549589174
3891 89,115854358746
3892 89,0935843840594
3893 89,0900352644593
3894 89,098119630251
3895 89,1059957747712
3896 89,1099185506581
3897 89,114281130709
3898 89,1226136596034
3899 89,1364256409744
3900 89,1554509535844
3901 89,1797549747976
3902 89,2063203631777
3903 89,2298847969786
3904 89,2512759184996
3905 89,2776329568001
3906 89,3134259597174
3907 89,3548822094992
3908 89,3941276523236
3909 89,4269037071624
3910 89,4547586931929
3911 89,4812406316405
3912 89,5099267846334
3913 89,5423206389823
3914 89,5757266972499
3915 89,6056489997023
3916 89,6281453922069
3917 89,6456338048807
3918 89,663814182684
3919 89,6854850918694
3920 89,7081976783019
3921 89,7276465529241
3922 89,7408053111331
3923 89,7465310900081
3924 89,7460111486401
3925 89,7432080100608
3926 89,7415664136172
3927 89,7409627765335
3928 89,7382805381803
3929 89,7306490847746
3930 89,7174945527599
3931 89,6994268595176
3932 89,678309928547
3933 89,6580463243832
3934 89,6410693100742
3935 89,6259171408176
3936 89,6085308938674
3937 89,5860093280656
3938 89,5600493423736
3939 89,5351610227205
3940 89,5145445790137
3941 89,4967898672715
3942 89,4772137336853
3943 89,4533317257816
3944 89,4275768168247
3945 89,4048113706553
3946 89,3865713223927
3947 89,3702902137861
3948 89,3534286750334
3949 89,3361267252326
3950 89,3199560646454
3951 89,3058289903699
3952 89,2941624413407
3953 89,285452098864
3954 89,2791210398975
3955 89,2727533534796
3956 89,2638108232804
3957 89,2525373262975
3958 89,2428717044401
3959 89,238526556082
3960 89,239172476489
3961 89,2410703735408
3962 89,2410935872864
3963 89,2396818906948
3964 89,2392128896966
3965 89,2416867611316
3966 89,2477632980181
3967 89,2568496609314
3968 89,267518845419
3969 89,278353001601
3970 89,2891367698529
3971 89,3010737091933
3972 89,3154244100525
3973 89,332000426255
3974 89,3494878863314
3975 89,3671177269613
3976 89,3849925012984
3977 89,4036883944828
3978 89,424260125176
3979 89,4483893895726
3980 89,4768605959744
3981 89,5070852026617
3982 89,5336020811526
3983 89,5525535906401
3984 89,5655322586372
3985 89,5779977712038
3986 89,5941883810862
3987 89,6141113370174
3988 89,6344351100635
3989 89,6508388621064
3990 89,6603095835056
3991 89,6629900173029
3992 89,6621323947064
3993 89,6613483712186
3994 89,6616198546692
3995 89,6610052599859
3996 89,6565347233442
3997 89,6459645556053
3998 89,6286276598129
3999 89,6057537503814
4000 89,5800164401591
