%#[0,00<->2000,00]
432
453
473
525
455
431
496
520
458
485
462
504
483
456
487
537
514
531
455
489
492
463
430
424
537
418
472
432
466
419
451
499
452
505
473
465
529
512
466
520
470
459
454
439
466
518
402
446
460
456
458
411
507
465
418
532
494
476
524
446
454
460
503
462
426
418
472
452
421
416
441
394
441
420
430
463
439
439
399
445
437
443
440
417
467
484
463
438
464
444
408
439
440
426
423
411
423
472
398
470
384
417
424
414
419
421
470
434
382
409
370
429
369
404
370
348
362
455
375
356
388
374
337
355
369
381
361
350
388
386
359
344
407
387
372
359
365
339
360
324
356
321
309
379
309
300
325
353
301
304
264
343
308
331
317
323
314
289
292
296
260
309
285
287
247
307
308
299
285
265
305
319
244
260
264
301
269
312
280
219
253
285
268
212
269
283
276
267
239
243
249
301
273
259
290
271
224
262
224
274
258
240
211
270
244
204
239
241
253
236
220
253
220
173
194
184
200
183
182
187
216
162
159
158
170
197
185
183
158
209
155
168
174
146
143
158
152
156
166
171
122
197
180
187
193
186
190
175
160
170
177
152
139
147
195
130
144
177
155
132
168
140
153
178
163
146
140
137
182
131
164
138
179
142
156
140
144
158
151
143
141
150
167
135
127
137
163
134
144
173
127
147
160
168
124
140
146
157
168
121
144
172
162
138
170
135
147
147
171
119
158
170
159
137
113
172
164
148
136
165
156
123
135
141
170
144
192
153
150
167
188
138
137
155
168
145
118
134
172
148
152
143
175
136
130
117
142
150
130
143
148
142
157
109
140
131
162
131
143
138
148
163
155
132
121
164
140
168
159
141
123
117
164
135
124
115
121
164
142
146
135
150
154
137
158
138
143
160
145
125
128
157
145
124
146
166
119
133
144
151
144
130
146
133
145
145
136
117
156
127
163
151
114
127
164
153
136
148
137
133
150
130
140
149
153
139
131
108
148
145
159
133
144
139
137
135
144
127
132
143
128
148
122
148
147
155
168
144
127
133
140
145
139
137
154
137
129
136
153
122
142
137
152
119
132
136
153
152
133
141
149
132
151
159
150
147
121
113
138
130
118
139
131
130
123
129
126
114
134
128
147
128
148
139
119
130
131
120
122
130
150
133
132
147
144
157
122
148
135
126
162
117
121
144
143
118
124
145
116
131
135
127
131
142
138
151
128
141
139
140
148
151
139
119
132
120
129
136
120
133
132
140
121
150
134
142
129
149
134
140
138
138
139
127
130
123
139
139
145
170
141
133
150
159
152
143
153
145
125
127
150
136
116
134
155
141
133
134
144
147
145
158
141
138
127
121
131
156
139
133
115
146
166
149
130
132
127
129
145
154
133
136
133
149
131
134
130
151
140
128
134
130
127
147
150
148
129
145
124
115
132
115
132
135
127
143
132
159
144
132
141
150
139
118
141
125
130
132
156
136
130
142
133
160
145
138
176
126
154
138
162
136
147
150
136
143
134
133
147
141
164
153
105
144
122
135
137
133
141
163
143
142
130
122
127
143
136
124
136
138
119
144
122
124
119
134
127
126
134
139
127
141
151
125
115
160
126
110
124
147
131
114
123
138
130
130
147
150
126
114
148
136
128
133
151
143
131
137
136
139
128
148
125
121
122
124
139
141
141
139
120
153
136
130
139
127
132
133
120
153
133
137
152
118
146
133
139
153
128
126
127
129
146
144
132
141
147
134
192
147
144
117
132
136
151
146
132
173
134
142
126
141
131
128
132
145
129
122
134
139
134
138
126
134
142
154
148
120
131
145
121
115
127
142
142
149
116
121
141
127
124
128
154
132
119
148
144
134
132
137
157
146
136
124
141
143
108
122
151
133
142
123
121
143
137
134
139
135
153
138
132
153
124
121
155
126
127
141
125
136
127
124
126
133
156
115
123
157
119
134
132
147
135
138
142
128
121
131
168
121
127
153
150
145
160
144
140
149
123
146
137
154
151
144
145
134
136
117
128
129
145
137
145
136
149
136
133
153
129
123
135
121
138
116
156
126
149
134
140
163
141
113
126
141
147
145
135
130
140
147
130
127
124
147
152
134
137
151
129
132
161
140
143
140
138
131
140
137
152
126
115
130
126
131
118
122
155
138
109
136
117
142
138
141
135
120
130
145
152
116
162
161
152
134
172
132
136
138
132
139
139
177
145
156
131
133
125
139
157
145
165
128
109
139
147
169
148
137
125
126
140
124
149
117
142
127
143
136
152
149
131
153
139
116
134
136
133
144
152
149
161
124
137
143
152
142
141
148
134
149
147
139
140
146
147
137
161
129
152
132
129
132
141
177
152
155
150
137
133
146
134
154
131
136
128
141
140
126
135
136
111
143
115
157
143
126
142
139
146
161
145
113
146
123
136
139
139
137
127
134
136
120
121
131
137
141
133
120
117
120
138
131
145
145
145
130
126
128
138
136
130
126
141
150
132
142
150
139
145
142
117
138
117
126
123
122
149
144
145
139
132
129
128
143
136
136
140
111
133
129
122
121
137
130
135
135
137
139
114
132
120
153
114
134
139
246
139
127
156
142
167
134
129
152
145
146
141
166
129
157
154
144
139
109
142
151
143
139
143
157
140
160
118
126
136
150
139
137
143
124
147
136
136
160
142
153
128
135
133
121
140
145
126
139
142
136
139
141
128
127
132
115
134
142
160
141
150
158
127
146
150
130
138
131
140
156
123
134
137
162
162
153
139
139
142
137
141
136
137
134
134
142
147
129
122
114
122
132
132
132
153
146
149
128
136
114
132
142
136
134
120
132
141
142
136
132
132
117
130
141
117
116
139
124
119
128
153
147
149
151
142
146
147
149
128
139
118
130
140
149
113
139
135
133
153
154
156
142
140
133
132
139
135
132
140
152
123
138
138
130
129
149
127
134
146
138
139
148
125
129
125
159
143
148
129
131
147
152
135
157
140
134
130
129
136
127
151
133
131
138
137
136
144
161
133
119
144
150
128
155
147
143
142
133
125
118
141
125
146
135
142
129
150
133
161
142
132
138
133
156
138
131
129
132
121
152
136
111
128
150
166
142
140
130
138
138
127
136
155
151
154
126
142
122
152
171
149
152
138
143
131
149
139
131
117
119
124
138
127
147
151
105
126
159
132
128
155
139
139
140
119
135
124
149
130
137
139
146
160
137
122
129
135
132
138
137
135
135
149
137
143
147
150
135
162
144
124
162
135
168
128
136
128
129
118
134
139
156
127
141
141
120
142
148
143
146
127
160
142
153
131
150
159
135
141
116
150
146
134
119
147
146
143
133
143
154
133
126
130
125
131
145
132
140
151
135
144
124
137
123
144
156
130
135
129
140
158
149
115
121
122
109
133
160
121
138
118
127
153
124
133
126
153
131
148
128
132
117
132
138
