$SPEC_ID:
No sample description was entered.
$SPEC_REM:
DET# 1
DETDESC# MCB 337
AP# Maestro Version 6.06
$DATE_MEA:
10/21/2015 16:44:56
$MEAS_TIM:
71781 71801
$DATA:
0 8191
       0
       0
       0
       0
       0
       0
       0
       0
       0
       0
       0
       0
       0
       0
       0
       0
       0
       0
       0
       0
       0
       0
       0
       0
       0
       0
       0
       0
       0
       0
       0
       0
       0
       0
       0
       0
       0
       0
       0
       0
       0
       0
       0
       0
       0
       0
       0
       0
       0
       0
       0
       0
       0
       0
       0
       0
       0
       0
       0
       0
       0
       0
       0
       0
       0
       0
       0
       0
       0
       0
       0
       0
       0
       0
       0
       0
       0
       0
       0
       0
       0
       0
       0
       0
       0
       0
       0
       0
       0
       0
       0
       0
       0
       0
       0
       0
       0
       0
       0
       0
       0
       0
       0
       0
       0
       0
       0
       0
       0
       0
       0
       0
       0
       0
       0
       0
       0
       0
       0
       0
       0
       0
       0
       0
       0
       0
       0
       0
       0
       0
       0
       0
       0
       0
       0
       0
       0
       0
       0
       0
       0
       0
       0
       0
       0
       0
       0
       0
       0
       0
       0
       0
       0
       0
       0
       0
       0
       0
       0
       0
       0
       0
       0
       0
       0
       0
       0
       0
       0
       0
       0
       0
       0
       0
       0
       0
       0
       0
       0
       0
       0
       0
       0
       0
       0
       0
       0
       0
       0
       0
       0
       0
       0
       0
       0
       0
       0
       0
       0
       0
       0
       0
       0
       0
       0
       0
       0
       0
       0
       0
       0
       0
       0
       0
       0
       0
       0
       0
       0
       0
       0
       0
       0
       0
       0
       0
       0
       0
       0
       0
       0
       0
       0
       0
       0
       0
       0
       0
       0
       0
       0
       0
       0
       0
       0
       0
       0
       0
       0
       0
       0
       0
       0
       0
       0
       0
       0
       0
       0
       0
       0
       0
       0
       0
       0
       0
       0
       0
       0
       0
       0
       0
       0
       0
       0
       0
       0
       0
       0
       0
       0
       0
       0
       0
       0
       0
       0
       0
       0
       0
       0
       0
       0
       0
       0
       0
       0
       0
       0
       0
       0
       0
       0
       0
       0
       0
       0
       0
       0
       0
       0
       0
       0
       0
       0
       0
       0
       0
       0
       0
       0
       0
       0
       0
       0
       0
       0
       0
       0
       0
       0
       0
       0
       0
       0
       0
       0
       0
       0
       0
       0
       0
       0
       0
       0
       0
       0
       0
       0
       0
       0
       0
       0
       0
       0
       0
       0
       0
       0
       0
       0
       0
       0
       0
       0
       0
       0
       0
       0
       0
       0
       0
       0
       0
       0
       0
       0
       0
       0
       0
       0
       0
       0
       0
       0
       0
       0
       0
       0
       0
       0
       0
       0
       0
       0
       0
       0
       0
       0
       0
       0
       0
       0
       0
       0
       0
       0
       0
       0
       0
       0
       0
       0
       0
       0
       0
       0
       0
       0
       0
       0
       0
       0
       0
       0
       0
       0
       0
       0
       0
       0
       0
       0
       0
       0
       0
       0
       0
       0
       0
       0
       0
       0
       0
       0
       0
       0
       0
       0
       0
       0
       0
       0
       0
       0
       0
       0
       0
       0
       0
       0
       0
       0
       0
       0
       0
       0
       0
       0
       0
       0
       0
       0
       0
       0
       0
       0
       0
       0
       0
       0
       0
       0
       0
       0
       0
       0
       0
       0
       0
       0
       0
       0
       0
       0
       0
       0
       0
       0
       0
       0
       0
       0
       0
       0
       0
       0
       0
       0
       0
       0
       0
       0
       0
       0
       0
       0
       0
       0
       0
       0
       0
       0
       0
       0
       0
       0
       0
       0
       0
       0
       0
       0
       0
       0
       0
       0
       0
       0
       0
       0
       0
       0
       0
       0
       0
       0
       0
       0
       0
       0
       0
       0
       0
       0
       0
       0
       0
       0
       0
       0
       0
       0
       0
       0
       0
       0
       0
       0
       0
       0
       0
       0
       0
       0
       0
       0
       0
       0
       0
       0
       0
       0
       0
       0
       0
       0
       0
       0
       0
       0
       0
       0
       0
       0
       0
       0
       0
       0
       0
       0
       0
       0
       0
       0
       0
       0
       0
       0
       0
       0
       0
       0
       0
       0
       0
       0
       0
       0
       0
       0
       0
       0
       0
       0
       0
       0
       0
       0
       0
       0
       0
       0
       0
       0
       0
       0
       0
       0
       0
       0
       0
       0
       0
       0
       0
       0
       0
       0
       0
       0
       0
       0
       0
       0
       0
       0
       0
       0
       0
       0
       0
       0
       0
       0
       0
       0
       0
       0
       0
       0
       0
       0
       0
       0
       0
       0
       0
       0
       0
       0
       0
       0
       0
       0
       0
       0
       0
       0
       0
       0
       0
       0
       0
       0
       0
       0
       0
       0
       0
       0
       0
       0
       0
       0
       0
       0
       0
       0
       0
       0
       0
       0
       0
       0
       0
       0
       0
       0
       0
       0
       0
       0
       0
       0
       0
       0
       0
       0
       0
       0
       0
       0
       0
       0
       0
       0
       0
       0
       0
       0
       0
       0
       0
       0
       0
       0
       0
       0
       0
       0
       0
       0
       0
       0
       0
       0
       0
       0
       0
       0
       0
       0
       0
       0
       0
       0
       0
       0
       0
       0
       0
       0
       0
       0
       0
       0
       0
       0
       0
       0
       0
       0
       0
       0
       0
       0
       0
       0
       0
       0
       0
       0
       0
       0
       0
       0
       0
       0
       0
       0
       0
       0
       0
       0
       0
       0
       0
       0
       0
       0
       0
       0
       0
       0
       0
       0
       0
       0
       0
       0
       0
       0
       0
       0
       0
       0
       0
       0
       0
       0
       0
       0
       0
       0
       0
       0
       0
       0
       0
       0
       0
       0
       0
       0
       0
       0
       0
       0
       0
       0
       0
       0
       0
       0
       0
       0
       0
       0
       0
       0
       0
       0
       0
       0
       0
       0
       0
       0
       0
       0
       0
       0
       0
       0
       0
       0
       0
       0
       0
       0
       0
       0
       0
       0
       0
       0
       0
       0
       0
       0
       0
       0
       0
       0
       0
       0
       0
       0
       0
       0
       0
       0
       0
       0
       0
       0
       0
       0
       0
       0
       0
       0
       0
       0
       0
       0
       0
       0
       0
       0
       0
       0
       0
       0
       0
       0
       0
       0
       0
       0
       0
       0
       0
       0
       0
       0
       0
       0
       0
       0
       0
       0
       0
       0
       0
       0
       0
       0
       0
       0
       0
       0
       0
       0
       0
       0
       0
       0
       0
       0
       0
       0
       0
       0
       0
       0
       0
       0
       0
       0
       0
       0
       0
       0
       0
       0
       0
       0
       0
       0
       0
       0
       0
       0
       0
       0
       0
       0
       0
       0
       0
       0
       0
       0
       0
       0
       0
       0
       0
       0
       0
       0
       0
       0
       0
       0
       0
       0
       0
       0
       0
       0
       0
       0
       0
       0
       0
       0
       0
       0
       0
       0
       0
       0
       0
       0
       0
       0
       0
       0
       0
       0
       0
       0
       0
       0
       0
       0
       0
       0
       0
       0
       0
       0
       0
       0
       0
       0
       0
       0
       0
       0
       0
       0
       0
       0
       0
       0
       0
       0
       0
       0
       0
       0
       0
       0
       0
       0
       0
       0
       0
       0
       0
       0
       0
       0
       0
       0
       0
       0
       0
       0
       0
       0
       0
       0
       0
       0
       0
       0
       0
       0
       0
       0
       0
       0
       0
       0
       0
       0
       0
       0
       0
       0
       0
       0
       0
       0
       0
       0
       0
       0
       0
       0
       0
       0
       0
       0
       0
       0
       0
       0
       0
       0
       0
       0
       0
       0
       0
       0
       0
       0
       0
       0
       0
       0
       0
       0
       0
       0
       0
       0
       0
       0
       0
       0
       0
       0
       0
       0
       0
       0
       0
       0
       0
       0
       0
       0
       0
       0
       0
       0
       0
       0
       0
       0
       0
       0
       0
       0
       0
       0
       0
       0
       0
       0
       0
       0
       0
       0
       0
       0
       0
       0
       0
       0
       0
       0
       0
       0
       0
       0
       0
       0
       0
       0
       0
       0
       0
       0
       0
       0
       0
       0
       0
       0
       0
       0
       0
       0
       0
       0
       0
       0
       0
       0
       0
       0
       0
       0
       0
       0
       0
       0
       0
       0
       0
       0
       0
       0
       0
       0
       0
       0
       0
       0
       0
       0
       0
       0
       0
       0
       0
       0
       0
       0
       0
       0
       0
       0
       0
       0
       0
       0
       0
       0
       0
       0
       0
       0
       0
       0
       0
       0
       0
       0
       0
       0
       0
       0
       0
       0
       0
       0
       0
       0
       0
       0
       0
       0
       0
       0
       0
       0
       0
       0
       0
       0
       0
       0
       0
       0
       0
       0
       0
       0
       0
       0
       0
       0
       0
       0
       0
       0
       0
       0
       0
       0
       0
       0
       0
       0
       0
       0
       0
       0
       0
       0
       0
       0
       0
       0
       0
       0
       0
       0
       0
       0
       0
       0
       0
       0
       0
       0
       0
       0
       0
       0
       0
       0
       0
       0
       0
       0
       0
       0
       0
       0
       0
       0
       0
       0
       0
       0
       0
       0
       0
       0
       0
       0
       0
       0
       0
       0
       0
       0
       0
       0
       0
       0
       0
       0
       0
       0
       0
       0
       0
       0
       0
       0
       0
       0
       0
       0
       0
       0
       0
       0
       0
       0
       0
       0
       0
       0
       0
       0
       0
       0
       0
       0
       0
       0
       0
       0
       0
       0
       0
       0
       0
       0
       0
       0
       0
       0
       0
       0
       0
       0
       0
       0
       0
       0
       0
       0
       0
       0
       0
       0
       0
       0
       0
       0
       0
       0
       0
       0
       0
       0
       0
       0
       0
       0
       0
       0
       0
       0
       0
       0
       0
       0
       0
       0
       0
       0
       0
       0
       0
       0
       0
       0
       0
       0
       0
       0
       0
       0
       0
       0
       0
       0
       0
       0
       0
       0
       0
       0
       0
       0
       0
       0
       0
       0
       0
       0
       0
       0
       0
       0
       0
       0
       0
       0
       0
       0
       0
       0
       0
       0
       0
       0
       0
       0
       0
       0
       0
       0
       0
       0
       0
       0
       0
       0
       0
       0
       0
       0
       0
       0
       0
       0
       0
       0
       0
       0
       0
       0
       0
       0
       0
       0
       0
       0
       0
       0
       0
       0
       0
       0
       0
       0
       0
       0
       0
       0
       0
       0
       0
       0
       0
       0
       0
       0
       0
       0
       0
       0
       0
       0
       0
       0
       0
       0
       0
       0
       0
       0
       0
       0
       0
       0
       0
       0
       0
       0
       0
       0
       0
       0
       0
       0
       0
       0
       0
       0
       0
       0
       0
       0
       0
       0
       0
       0
       0
       0
       0
       0
       0
       0
       0
       0
       0
       0
       0
       0
       0
       0
       0
       0
       0
       0
       0
       0
       0
       0
       0
       0
       0
       0
       0
       0
       0
       0
       0
       0
       0
       0
       0
       0
       0
       0
       0
       0
       0
       0
       0
       0
       0
       0
       0
       0
       0
       0
       0
       0
       0
       0
       0
       0
       0
       0
       0
       0
       0
       0
       0
       0
       0
       0
       0
       0
       0
       0
       0
       0
       0
       0
       0
       0
       0
       0
       0
       0
       0
       0
       0
       0
       0
       0
       0
       0
       0
       0
       0
       0
       0
       0
       0
       0
       0
       0
       0
       0
       0
       0
       0
       0
       0
       0
       0
       0
       0
       0
       0
       0
       0
       0
       0
       0
       0
       0
       0
       0
       0
       0
       0
       0
       0
       0
       0
       0
       0
       0
       0
       0
       0
       0
       0
       0
       0
       0
       0
       0
       0
       0
       0
       0
       0
       0
       0
       0
       0
       0
       0
       0
       0
       0
       0
       0
       0
       0
       0
       0
       0
       0
       0
       0
       0
       0
       0
       0
       0
       0
       0
       0
       0
       0
       0
       0
       0
       0
       0
       0
       0
       0
       0
       0
       0
       0
       0
       0
       0
       0
       0
       0
       0
       0
       0
       0
       0
       0
       0
       0
       0
       0
       0
       0
       0
       0
       0
       0
       0
       0
       0
       0
       0
       0
       0
       0
       0
       0
       0
       0
       0
       0
       0
       0
       0
       0
       0
       0
       0
       0
       0
       0
       0
       0
       0
       0
       0
       0
       0
       0
       0
       0
       0
       0
       0
       0
       0
       0
       0
       0
       0
       0
       0
       0
       0
       0
       0
       0
       0
       0
       0
       0
       0
       0
       0
       0
       0
       0
       0
       0
       0
       0
       0
       0
       0
       0
       0
       0
       0
       0
       0
       0
       0
       0
       0
       0
       0
       0
       0
       0
       0
       0
       0
       0
       0
       0
       0
       0
       0
       0
       0
       0
       0
       0
       0
       0
       0
       0
       0
       0
       0
       0
       0
       0
       0
       0
       0
       0
       0
       0
       0
       0
       0
       0
       0
       0
       0
       0
       0
       0
       0
       0
       0
       0
       0
       0
       0
       0
       0
       0
       0
       0
       0
       0
       0
       0
       0
       0
       0
       0
       0
       0
       0
       0
       0
       0
       0
       0
       0
       0
       0
       0
       0
       0
       0
       0
       0
       0
       0
       0
       0
       0
       0
       0
       0
       0
       0
       0
       0
       0
       0
       0
       0
       0
       0
       0
       0
       0
       0
       0
       0
       0
       0
       0
       0
       0
       0
       0
       0
       0
       0
       0
       0
       0
       0
       0
       0
       0
       0
       0
       0
       0
       0
       0
       0
       0
       0
       0
       0
       0
       0
       0
       0
       0
       0
       0
       0
       0
       0
       0
       0
       0
       0
       0
       0
       0
       0
       0
       0
       0
       0
       0
       0
       0
       0
       0
       0
       0
       0
       0
       0
       0
       0
       0
       0
       0
       0
       0
       0
       0
       0
       0
       0
       0
       0
       0
       0
       0
       0
       0
       0
       0
       0
       0
       0
       0
       0
       0
       0
       0
       0
       0
       0
       0
       0
       0
       0
       0
       0
       0
       0
       0
       0
       0
       0
       0
       0
       0
       0
       0
       0
       0
       0
       0
       0
       0
       0
       0
       0
       0
       0
       0
       0
       0
       0
       0
       0
       0
       0
       0
       0
       0
       0
       0
       0
       0
       0
       0
       0
       0
       0
       0
       0
       0
       0
       0
       0
       0
       0
       0
       0
       0
       0
       0
       0
       0
       0
       0
       0
       0
       0
       0
       0
       0
       0
       0
       0
       0
       0
       0
       0
       0
       0
       0
       0
       0
       0
       0
       0
       0
       0
       0
       0
       1
       0
       0
       0
       0
       0
       0
       0
       0
       0
       0
       0
       0
       0
       0
       0
       0
       0
       0
       0
       0
       0
       0
       0
       0
       0
       0
       0
       0
       0
       0
       0
       0
       0
       0
       0
       0
       0
       0
       1
       0
       0
       0
       1
       0
       0
       0
       0
       0
       0
       0
       0
       0
       0
       0
       0
       0
       0
       0
       0
       0
       0
       0
       0
       0
       0
       0
       1
       0
       0
       0
       0
       0
       0
       0
       0
       0
       0
       0
       0
       0
       0
       0
       0
       0
       0
       0
       0
       0
       0
       0
       0
       0
       0
       0
       0
       0
       0
       0
       0
       0
       0
       0
       0
       0
       0
       0
       0
       0
       0
       0
       0
       0
       0
       0
       0
       0
       0
       0
       0
       0
       0
       0
       0
       0
       0
       0
       0
       0
       1
       0
       0
       0
       0
       0
       0
       0
       0
       0
       0
       0
       0
       0
       0
       1
       0
       0
       1
       0
       0
       1
       1
       1
       1
       0
       1
       1
       3
       0
       0
       1
       1
       0
       0
       1
       1
       0
       1
       2
       1
       3
       3
       0
       1
       0
       0
       0
       1
       2
       0
       1
       0
       0
       2
       0
       2
       0
       2
       0
       1
       2
       0
       1
       1
       0
       0
       1
       2
       2
       2
       0
       1
       1
       1
       1
       1
       4
       0
       0
       0
       1
       1
       1
       1
       2
       2
       0
       0
       1
       1
       1
       1
       2
       0
       4
       0
       1
       2
       0
       1
       1
       1
       2
       3
       3
       2
       0
       2
       1
       1
       1
       1
       2
       0
       1
       3
       2
       1
       1
       0
       1
       2
       1
       1
       3
       1
       0
       2
       0
       1
       1
       3
       0
       3
       1
       0
       1
       3
       2
       0
       1
       0
       0
       1
       0
       3
       3
       1
       2
       4
       0
       2
       1
       1
       1
       1
       2
       1
       3
       2
       0
       1
       2
       1
       0
       1
       1
       1
       3
       1
       1
       0
       1
       2
       0
       1
       3
       3
       2
       1
       0
       1
       1
       1
       1
       1
       1
       0
       1
       2
       2
       0
       0
       1
       2
       0
       2
       2
       1
       1
       2
       1
       0
       1
       0
       3
       2
       2
       0
       2
       2
       2
       2
       0
       2
       1
       3
       2
       1
       2
       0
       1
       2
       0
       0
       0
       1
       1
       1
       2
       1
       1
       0
       2
       1
       1
       1
       1
       0
       2
       1
       0
       1
       1
       1
       1
       0
       2
       1
       1
       1
       0
       0
       0
       3
       1
       1
       2
       0
       1
       1
       0
       1
       1
       1
       1
       1
       1
       0
       0
       0
       2
       1
       0
       0
       0
       0
       0
       1
       0
       2
       1
       0
       2
       0
       0
       1
       0
       1
       1
       2
       1
       1
       1
       3
       0
       0
       0
       0
       0
       1
       1
       1
       2
       1
       1
       2
       1
       1
       0
       2
       0
       1
       1
       2
       1
       1
       2
       2
       0
       2
       0
       0
       1
       0
       0
       1
       4
       0
       3
       1
       0
       1
       1
       2
       1
       2
       1
       2
       2
       1
       1
       1
       3
       2
       0
       1
       2
       3
       0
       1
       2
       1
       1
       1
       2
       1
       1
       1
       4
       2
       2
       3
       4
       1
       0
       1
       1
       0
       2
       2
       3
       2
       2
       0
       2
       1
       1
       0
       2
       2
       1
       3
       0
       2
       2
       1
       0
       0
       1
       2
       0
       2
       1
       0
       1
       3
       0
       0
       1
       1
       2
       1
       1
       1
       1
       2
       1
       1
       1
       0
       1
       1
       0
       1
       0
       0
       1
       0
       0
       0
       1
       0
       0
       1
       0
       1
       1
       2
       1
       1
       3
       0
       2
       1
       0
       0
       1
       1
       3
       1
       0
       2
       3
       1
       3
       3
       0
       2
       0
       1
       0
       0
       0
       0
       1
       1
       0
       0
       0
       3
       2
       1
       0
       1
       0
       3
       1
       1
       2
       0
       0
       0
       1
       1
       0
       0
       0
       1
       1
       3
       2
       1
       2
       1
       1
       1
       1
       0
       0
       1
       4
       1
       3
       0
       2
       2
       4
       0
       0
       1
       1
       0
       2
       0
       1
       0
       0
       2
       0
       3
       2
       3
       0
       0
       0
       0
       1
       1
       1
       1
       0
       0
       0
       1
       3
       3
       2
       0
       0
       1
       1
       0
       3
       1
       2
       1
       2
       2
       0
       0
       2
       1
       4
       1
       0
       0
       2
       0
       2
       0
       0
       0
       0
       2
       3
       2
       2
       2
       1
       1
       0
       2
       0
       2
       2
       2
       2
       1
       1
       2
       2
       1
       1
       3
       0
       2
       2
       2
       3
       0
       3
       0
       0
       1
       0
       1
       1
       1
       3
       1
       1
       1
       0
       2
       1
       1
       0
       1
       1
       0
       1
       1
       0
       2
       3
       0
       1
       1
       2
       0
       0
       0
       0
       1
       0
       2
       1
       1
       1
       0
       1
       1
       2
       1
       0
       2
       0
       0
       0
       1
       2
       1
       1
       2
       0
       1
       0
       1
       1
       2
       2
       0
       2
       1
       2
       3
       2
       2
       0
       1
       0
       1
       1
       1
       1
       2
       1
       2
       2
       0
       0
       4
       1
       2
       3
       1
       0
       0
       0
       0
       4
       1
       1
       1
       1
       2
       2
       1
       0
       1
       0
       2
       1
       2
       0
       2
       0
       3
       2
       1
       2
       1
       0
       2
       0
       2
       3
       1
       3
       1
       1
       1
       2
       1
       2
       1
       0
       1
       1
       2
       3
       0
       0
       1
       1
       2
       0
       2
       1
       0
       1
       3
       4
       2
       0
       1
       3
       1
       1
       0
       1
       3
       1
       1
       3
       1
       1
       1
       1
       0
       1
       0
       2
       2
       4
       3
       1
       0
       5
       1
       2
       3
       0
       0
       2
       3
       1
       2
       1
       1
       1
       2
       0
       3
       1
       0
       0
       1
       0
       2
       1
       3
       0
       2
       0
       1
       2
       0
       2
       2
       0
       0
       3
       3
       1
       1
       2
       1
       1
       2
       0
       3
       0
       2
       2
       0
       4
       1
       1
       3
       0
       0
       1
       0
       0
       2
       2
       0
       0
       5
       2
       2
       1
       3
       2
       3
       1
       0
       3
       0
       3
       2
       2
       0
       0
       1
       0
       1
       1
       3
       0
       0
       1
       3
       1
       1
       1
       1
       2
       1
       0
       1
       3
       1
       2
       1
       2
       0
       0
       1
       3
       3
       2
       2
       2
       2
       2
       2
       0
       2
       0
       3
       1
       0
       1
       0
       2
       0
       1
       1
       1
       2
       2
       4
       2
       0
       2
       1
       2
       1
       4
       1
       3
       1
       1
       2
       1
       1
       0
       1
       2
       1
       0
       0
       1
       0
       2
       0
       1
       2
       2
       0
       2
       3
       1
       3
       1
       0
       0
       0
       2
       1
       2
       0
       0
       1
       1
       1
       3
       1
       2
       0
       0
       0
       2
       3
       0
       0
       1
       4
       1
       2
       0
       1
       1
       2
       1
       1
       1
       1
       2
       1
       0
       1
       2
       0
       1
       3
       0
       2
       1
       3
       0
       3
       0
       2
       5
       0
       2
       0
       1
       0
       1
       1
       2
       2
       0
       2
       0
       0
       2
       1
       2
       1
       0
       2
       0
       3
       1
       2
       0
       2
       0
       0
       3
       2
       4
       1
       2
       0
       0
       0
       0
       1
       1
       2
       1
       3
       0
       0
       0
       3
       2
       2
       2
       1
       1
       1
       3
       1
       1
       1
       1
       2
       2
       3
       3
       1
       1
       1
       0
       1
       1
       0
       1
       0
       1
       2
       1
       0
       2
       1
       1
       1
       4
       0
       1
       1
       0
       1
       0
       1
       2
       1
       2
       1
       2
       3
       0
       0
       0
       2
       2
       2
       3
       0
       1
       2
       1
       0
       1
       0
       2
       0
       1
       2
       2
       1
       2
       1
       1
       0
       0
       1
       1
       0
       1
       1
       1
       0
       2
       0
       0
       0
       1
       0
       2
       0
       0
       2
       0
       2
       0
       1
       4
       0
       0
       2
       2
       0
       2
       0
       1
       1
       1
       1
       4
       2
       3
       2
       1
       0
       0
       0
       0
       3
       0
       1
       1
       1
       0
       0
       3
       0
       1
       2
       1
       2
       3
       0
       1
       1
       0
       1
       0
       1
       0
       2
       2
       0
       1
       1
       0
       0
       1
       1
       1
       2
       0
       2
       1
       0
       2
       1
       0
       1
       3
       0
       1
       1
       3
       2
       2
       2
       1
       0
       3
       1
       2
       0
       1
       0
       1
       2
       0
       1
       1
       0
       2
       0
       0
       3
       5
       0
       1
       0
       1
       2
       3
       0
       1
       0
       1
       1
       1
       2
       1
       1
       3
       0
       1
       1
       4
       1
       1
       0
       0
       2
       0
       3
       3
       0
       2
       0
       3
       1
       1
       3
       1
       1
       2
       0
       0
       2
       1
       0
       1
       0
       1
       0
       2
       4
       0
       2
       2
       1
       1
       0
       0
       0
       3
       1
       0
       0
       1
       1
       2
       2
       0
       2
       0
       0
       2
       0
       1
       0
       2
       0
       2
       1
       2
       4
       3
       2
       2
       4
       1
       1
       1
       1
       0
       0
       0
       3
       2
       3
       1
       0
       0
       3
       0
       1
       1
       1
       3
       1
       0
       3
       1
       0
       0
       1
       1
       1
       2
       1
       0
       0
       1
       2
       0
       1
       3
       1
       0
       0
       0
       0
       0
       1
       5
       1
       2
       1
       1
       0
       2
       1
       1
       0
       2
       3
       1
       1
       0
       1
       1
       1
       0
       2
       2
       1
       1
       1
       2
       1
       1
       0
       2
       0
       0
       2
       0
       5
       2
       3
       0
       2
       1
       2
       1
       3
       3
       2
       1
       3
       0
       3
       0
       0
       1
       1
       1
       1
       3
       0
       3
       2
       1
       1
       1
       1
       0
       2
       1
       2
       2
       0
       0
       2
       1
       2
       2
       0
       1
       1
       2
       1
       4
       1
       1
       4
       1
       2
       0
       3
       1
       1
       1
       2
       2
       0
       2
       1
       2
       0
       2
       1
       1
       2
       1
       3
       0
       3
       2
       0
       2
       0
       2
       0
       0
       1
       2
       0
       2
       2
       3
       0
       1
       1
       0
       1
       1
       0
       0
       0
       2
       1
       2
       1
       2
       2
       1
       1
       4
       1
       0
       3
       2
       1
       1
       1
       0
       0
       1
       1
       2
       5
       0
       2
       3
       0
       2
       1
       0
       3
       3
       2
       1
       3
       0
       2
       1
       1
       3
       2
       5
       3
       3
       1
       0
       0
       3
       1
       1
       0
       1
       0
       1
       0
       1
       2
       2
       4
       2
       1
       0
       1
       2
       0
       1
       1
       1
       1
       0
       2
       1
       2
       3
       0
       1
       4
       1
       0
       3
       0
       4
       1
       0
       2
       1
       0
       1
       1
       2
       1
       0
       0
       1
       3
       3
       1
       0
       0
       2
       4
       1
       0
       2
       0
       2
       3
       0
       2
       1
       0
       1
       1
       1
       3
       2
       2
       1
       2
       1
       0
       1
       1
       2
       2
       2
       3
       2
       1
       0
       0
       1
       1
       0
       1
       1
       1
       1
       5
       0
       0
       2
       2
       1
       1
       1
       1
       0
       0
       0
       0
       0
       0
       1
       1
       0
       1
       3
       1
       0
       1
       0
       0
       0
       2
       2
       0
       0
       2
       1
       3
       3
       0
       3
       0
       3
       1
       2
       0
       1
       0
       0
       0
       1
       2
       1
       1
       0
       0
       3
       2
       0
       6
       4
       3
       0
       0
       0
       1
       1
       0
       2
       1
       3
       1
       1
       3
       3
       0
       0
       1
       2
       2
       2
       0
       1
       2
       0
       3
       0
       3
       0
       0
       1
       2
       2
       0
       3
       1
       2
       0
       0
       3
       1
       1
       1
       3
       3
       1
       1
       4
       1
       1
       1
       3
       1
       2
       0
       0
       1
       2
       1
       0
       0
       1
       3
       0
       0
       0
       0
       1
       2
       0
       0
       0
       1
       1
       1
       2
       3
       1
       2
       3
       5
       2
       1
       0
       1
       1
       0
       0
       0
       2
       0
       1
       1
       1
       2
       0
       2
       0
       1
       1
       3
       0
       0
       2
       2
       3
       3
       4
       1
       4
       1
       4
       2
       2
       2
       1
       1
       1
       1
       4
       0
       0
       4
       2
       2
       2
       0
       2
       3
       4
       1
       2
       1
       1
       2
       2
       1
       2
       0
       2
       0
       1
       1
       3
       1
       1
       0
       2
       2
       0
       3
       5
       1
       2
       2
       0
       5
       1
       1
       2
       1
       0
       3
       2
       1
       2
       1
       4
       0
       3
       0
       1
       1
       3
       1
       1
       2
       3
       1
       4
       4
       1
       3
       1
       1
       2
       3
       2
       2
       0
       1
       2
       1
       0
       1
       2
       1
       2
       2
       0
       1
       2
       2
       0
       1
       2
       2
       1
       4
       1
       1
       1
       2
       0
       4
       2
       4
       3
       3
       1
       3
       1
       1
       1
       0
       2
       0
       1
       1
       1
       3
       0
       0
       1
       2
       1
       2
       0
       1
       2
       0
       1
       0
       1
       2
       2
       0
       3
       0
       1
       1
       5
       3
       1
       2
       0
       2
       1
       2
       3
       0
       0
       2
       0
       2
       0
       0
       3
       1
       0
       1
       2
       0
       1
       3
       0
       5
       0
       1
       2
       0
       1
       3
       0
       2
       1
       2
       1
       0
       3
       3
       4
       2
       5
       3
       1
       0
       2
       3
       5
       4
       0
       1
       3
       1
       0
       1
       3
       3
       2
       1
       2
       2
       1
       1
       1
       3
       2
       4
       2
       1
       1
       0
       3
       1
       3
       3
       1
       1
       2
       2
       2
       1
       0
       1
       0
       2
       0
       1
       0
       0
       2
       2
       0
       3
       3
       2
       4
       2
       1
       0
       1
       0
       1
       3
       2
       3
       1
       2
       3
       0
       3
       4
       2
       3
       1
       1
       3
       2
       4
       1
       1
       5
       3
       0
       4
       1
       1
       4
       0
       1
       5
       1
       2
       2
       0
       1
       2
       2
       5
       4
       0
       0
       4
       2
       3
       1
       1
       5
       3
       2
       4
       1
       2
       0
       2
       1
       2
       1
       5
       5
       1
       3
       2
       4
       1
       3
       3
       1
       3
       1
       1
       5
       1
       2
       9
       1
       1
       3
       2
       1
       2
       1
       3
       4
       1
       2
       3
       3
       2
       4
       1
       0
       2
       2
       5
       2
       1
       2
       3
       4
       5
       4
       2
       2
       5
       2
       2
       3
       2
       2
       2
       2
       2
       2
       3
       1
       1
       2
       2
       6
       2
       4
       4
       2
       6
       3
       1
       4
       2
       4
       2
       0
       3
       1
       3
       5
       2
       3
       3
       5
       5
       6
       0
       2
       3
       5
       2
       4
       6
       4
       0
       0
       3
       4
       2
       3
       3
       5
       5
       4
       9
       3
       2
       4
       4
       4
       6
       3
       2
       4
       3
       4
       4
       3
       4
       4
       3
       4
       1
       5
       5
       2
       3
       6
       3
       6
       4
       4
       5
       6
       4
       6
       1
       1
       4
       2
       4
       3
       4
       5
       7
       9
       3
       7
       5
       3
       7
       1
       4
       7
       4
       6
       5
       4
       4
       1
       5
       4
       6
       7
       4
       5
       1
       6
      10
       6
       7
       5
       5
       8
       9
       5
       5
       8
       6
      11
       5
       4
       9
       6
       8
       2
       6
       8
       9
       7
       4
       5
      11
       7
      11
       8
      11
       5
       8
       6
       9
       5
      13
       8
       9
       6
      10
       5
      12
      11
      12
      13
       9
       6
      12
      13
       9
      11
      15
      14
       8
       7
       7
       9
      12
      13
       9
      10
      10
      13
       9
       9
      18
      10
       9
      16
      14
      20
      19
      10
      15
      13
      12
      20
      19
      16
      20
      21
      15
      10
      15
      16
      17
      29
      20
      19
      19
      18
      25
      26
      21
      22
      20
      28
      27
      32
      22
      24
      37
      28
      31
      23
      50
      36
      38
      47
      38
      39
      34
      48
      41
      47
      42
      56
      56
      67
      51
      54
      70
      56
      71
      74
      91
      85
     106
      92
     132
     118
     129
     136
     192
     149
     174
     201
     196
     227
     233
     237
     290
     299
     342
     372
     359
     471
     501
     487
     543
     574
     649
     663
     717
     737
     913
     939
     951
    1010
    1146
    1195
    1294
    1294
    1413
    1531
    1573
    1710
    1851
    1886
    2097
    2160
    2263
    2402
    2555
    2723
    2755
    2815
    2953
    3163
    3279
    3436
    3684
    3703
    3960
    3969
    4221
    4289
    4347
    4611
    4640
    4853
    4969
    5143
    5274
    5274
    5478
    5668
    5982
    6008
    6131
    6403
    6366
    6579
    6647
    6733
    6927
    6993
    7194
    7189
    7605
    7740
    7781
    7971
    7923
    8256
    8424
    8476
    8539
    8647
    8930
    9186
    8995
    9015
    9182
    9271
    9529
    9530
    9515
    9623
    9972
    9835
    9947
   10287
   10161
   10297
   10167
   10337
   10352
   10243
   10475
   10541
   10571
   10632
   10549
   10600
   10653
   10595
   10437
   10512
   10523
   10471
   10318
   10227
   10380
   10475
   10135
   10186
   10136
    9981
   10061
   10115
    9962
    9899
    9890
    9686
    9595
    9528
    9698
    9593
    9291
    9258
    9152
    9237
    9162
    9066
    8994
    9026
    8996
    8765
    8583
    8593
    8469
    8389
    8495
    8227
    8290
    8093
    8135
    8009
    8001
    7844
    7767
    7680
    7783
    7652
    7506
    7484
    7474
    7374
    7191
    7213
    6988
    7027
    7085
    7007
    6840
    6818
    6872
    6679
    6612
    6637
    6486
    6286
    6451
    6348
    6222
    6264
    6182
    6127
    6046
    6060
    5827
    5826
    5946
    5750
    5705
    5693
    5591
    5512
    5529
    5492
    5523
    5428
    5392
    5266
    5154
    5111
    5092
    5030
    4936
    4988
    4899
    4966
    4782
    4849
    4844
    4646
    4762
    4682
    4647
    4494
    4524
    4503
    4537
    4371
    4350
    4339
    4252
    4247
    4275
    4140
    4225
    4127
    3948
    3898
    3990
    3883
    3905
    3927
    3752
    3807
    3763
    3718
    3782
    3640
    3641
    3637
    3631
    3628
    3585
    3550
    3475
    3459
    3288
    3371
    3298
    3279
    3419
    3292
    3176
    3217
    3107
    3146
    3185
    3156
    3121
    3063
    3039
    2939
    3011
    2869
    2882
    2782
    2920
    2860
    2826
    2744
    2723
    2732
    2739
    2734
    2607
    2683
    2617
    2572
    2470
    2585
    2563
    2486
    2437
    2511
    2447
    2433
    2394
    2400
    2361
    2361
    2383
    2256
    2383
    2265
    2245
    2213
    2152
    2178
    2193
    2174
    2180
    2112
    2072
    2139
    2040
    2024
    1945
    2011
    2038
    2048
    1971
    1919
    1853
    1881
    1765
    1957
    1873
    1812
    1731
    1826
    1843
    1819
    1721
    1810
    1761
    1635
    1727
    1725
    1594
    1650
    1667
    1601
    1563
    1627
    1563
    1479
    1586
    1478
    1535
    1510
    1506
    1465
    1522
    1420
    1450
    1420
    1443
    1373
    1422
    1437
    1338
    1350
    1356
    1337
    1350
    1336
    1371
    1251
    1292
    1252
    1304
    1203
    1219
    1133
    1208
    1265
    1255
    1150
    1215
    1153
    1066
    1154
    1142
    1080
    1084
    1064
    1018
     996
    1013
    1027
     992
    1012
    1023
     945
     948
     948
     937
     917
     930
     872
     867
     943
     896
     853
     907
     834
     817
     812
     826
     829
     826
     784
     793
     747
     774
     732
     709
     759
     704
     722
     716
     716
     673
     672
     697
     682
     635
     652
     672
     603
     639
     581
     595
     590
     572
     565
     591
     590
     581
     570
     551
     538
     537
     537
     504
     527
     550
     493
     469
     533
     520
     499
     479
     412
     461
     467
     491
     392
     429
     425
     473
     419
     426
     404
     368
     425
     402
     396
     412
     384
     364
     343
     343
     353
     338
     316
     349
     334
     351
     328
     309
     314
     329
     281
     301
     333
     270
     307
     305
     292
     272
     301
     286
     273
     272
     261
     287
     257
     257
     266
     266
     227
     252
     245
     245
     238
     204
     209
     227
     243
     206
     223
     197
     215
     192
     195
     206
     215
     191
     204
     203
     189
     190
     179
     195
     199
     184
     190
     172
     179
     189
     163
     161
     192
     159
     168
     151
     183
     195
     160
     177
     188
     158
     148
     149
     168
     167
     155
     157
     135
     135
     131
     121
     142
     158
     138
     121
     138
     134
     129
     161
     153
     124
     113
     129
     125
     148
     116
     114
     129
     115
     111
     125
      88
     103
     114
     100
     121
     108
     107
     116
     116
     105
     113
     103
      96
     105
      97
      93
     105
      88
      87
      94
     106
      87
      95
      91
      84
      96
      94
      95
      87
      88
      68
     117
      89
      80
      83
      71
     105
      79
      92
     106
     117
      90
      92
      72
      77
      69
      84
      67
      70
      80
      81
      75
      71
      92
      93
      86
      77
      67
      84
      83
      74
      78
      78
      62
      69
      89
      86
      80
      79
      88
      90
      76
      78
      69
      73
      70
      74
      59
      81
      68
      54
      67
      68
      83
      62
      61
      60
      79
      57
      69
      69
      54
      64
      75
      63
      69
      56
      57
      51
      56
      74
      53
      81
      57
      68
      76
      62
      62
      56
      50
      59
      71
      58
      56
      63
      55
      60
      52
      55
      52
      58
      49
      60
      49
      53
      57
      53
      49
      63
      53
      52
      46
      51
      58
      58
      56
      40
      55
      57
      43
      60
      44
      47
      47
      49
      49
      47
      51
      55
      51
      56
      56
      45
      39
      43
      65
      37
      45
      35
      52
      55
      48
      45
      50
      45
      50
      33
      42
      51
      49
      51
      61
      40
      40
      44
      48
      47
      55
      34
      42
      44
      36
      36
      36
      49
      44
      45
      35
      36
      41
      55
      49
      41
      32
      41
      32
      44
      48
      38
      37
      51
      31
      44
      39
      39
      39
      36
      44
      41
      38
      39
      32
      45
      45
      37
      41
      41
      34
      49
      23
      37
      45
      36
      32
      36
      26
      25
      25
      33
      47
      31
      38
      43
      40
      27
      40
      38
      35
      37
      28
      26
      24
      40
      24
      30
      37
      31
      28
      21
      44
      30
      31
      27
      24
      29
      40
      28
      32
      29
      33
      23
      24
      32
      26
      24
      37
      26
      18
      31
      27
      33
      24
      36
      28
      17
      31
      32
      26
      35
      27
      30
      31
      38
      21
      24
      28
      23
      28
      34
      27
      30
      28
      27
      20
      29
      34
      37
      23
      27
      30
      23
      35
      25
      15
      22
      27
      23
      24
      22
      45
      33
      39
      29
      18
      24
      35
      18
      41
      17
      26
      26
      29
      22
      27
      20
      30
      30
      19
      28
      19
      31
      20
      18
      21
      18
      22
      34
      15
      21
      26
      26
      22
      22
      18
      23
      25
      16
      20
      22
      18
      18
      21
      25
      16
      33
      24
      17
      27
      20
      25
      25
      33
      14
      32
      23
      22
      26
      25
      20
      33
      22
      14
      19
      14
      15
      24
      15
      16
      22
      20
      24
      16
      27
      23
      17
      23
      24
      20
      13
      17
      20
      13
      17
      15
      14
      28
      29
      21
      16
      17
      18
      24
      15
      21
      26
      17
      17
      22
      17
      26
      13
      12
      19
      21
      18
      20
      17
      16
      19
      14
      22
      17
      25
      17
      20
      24
      19
      14
      25
      13
      22
      18
      28
       7
       9
      14
      11
      21
      13
      11
      15
      18
      11
      16
      16
      23
      10
       8
      13
      19
      15
      15
      18
      16
      21
       8
      14
      12
      14
       9
       9
      10
      14
      15
      11
      13
      18
      13
      14
      15
      17
      15
      14
      19
       9
      21
      10
      16
      12
      19
      12
      10
      10
      13
      17
      16
      14
      13
      14
      11
      12
      15
      16
      23
      12
      16
      13
      13
      12
      14
       8
       8
      12
      13
      15
      12
      11
      15
      15
      11
      12
      12
      14
       9
      10
      12
      12
      11
       3
      12
      12
       8
      15
      15
      13
      10
      19
      14
      22
      13
      10
      13
      10
       5
      12
      13
       8
      11
      11
      17
      11
       9
      21
      11
      11
      18
      15
       8
      11
      11
      11
       9
      12
       7
       7
      14
      13
      11
      14
      14
      11
      11
      10
      15
      12
      10
       7
       7
       9
      10
      12
      15
       9
      10
       8
      12
      10
       8
      10
       9
       7
      12
       9
      10
       8
      10
      14
      10
       8
       9
       8
       6
       9
      13
       6
      10
      12
       6
      10
       9
       7
      11
       8
      10
       6
       8
       4
       7
       8
       8
      11
      10
      13
       9
       6
      11
       7
       5
       3
       8
       4
      11
      13
       8
       4
      10
      14
      13
       8
       7
      13
       9
       2
      12
       9
       6
      11
      14
       9
      11
      14
      14
      13
       5
      10
      10
       9
      11
       7
      12
       7
       7
       7
       7
       8
       8
       7
      10
      11
      11
       6
       6
       6
      10
       9
      11
      11
       5
       9
      10
       6
       6
      14
      16
      12
       4
       7
       6
      11
       9
      10
      11
       5
       9
       3
      10
      10
      11
       9
       4
      12
       5
       7
      13
       7
       8
       5
       5
      11
       8
       6
       6
      10
       5
       8
       8
       9
       7
      12
      16
       8
       6
       7
       6
       8
       2
       2
       7
       7
       5
       5
       4
       5
       6
       8
       7
       7
       7
       3
      12
       9
      10
      11
       7
      10
       5
       5
       9
      12
       4
      11
       7
       8
       5
      12
       5
       9
       8
       7
       7
       6
       5
       5
      11
       7
       5
      10
       7
       5
       4
       3
       5
       9
       6
       7
       3
       4
       6
       7
       5
       9
       8
       2
      10
       6
       5
       7
      10
       8
       2
       6
       6
       5
       9
       7
       6
       2
       5
       9
       9
       9
       3
       6
       3
       3
       9
       5
       5
       8
       2
       8
       6
       5
       3
       5
       7
       8
       4
       5
       8
       3
      11
       6
       5
       7
       7
       8
       5
       3
       3
       3
       3
       6
       5
       1
       6
       5
       7
       9
       7
       7
       5
       9
      12
       4
       5
       8
       8
       5
       4
       6
       5
       5
       5
       5
       5
       4
       5
       4
       8
       4
       8
       7
       2
       7
      10
       7
       5
       4
       9
       9
       3
       9
       6
       1
       3
       5
       5
       7
       5
       6
       8
       4
       8
       5
       6
       5
       5
       8
       4
       4
       4
       7
       8
       5
       5
       8
       1
       5
       5
       3
       4
       4
       3
       7
       7
       4
       1
       3
       4
       3
       4
       0
       6
       5
       5
       7
       6
       2
       5
       1
       5
       3
       4
       0
       3
       6
       4
       5
       7
       5
       3
       4
       3
       6
       5
       4
       5
       3
       4
       4
       4
       2
       3
       5
       6
       7
       3
       7
       4
       5
       6
       6
       1
       4
       5
       6
       3
       5
       8
       3
       5
       7
       4
       6
       1
       7
       5
       7
       5
       3
       6
       4
       4
       3
       5
       7
       0
       3
       3
       5
       5
       2
       4
       6
       3
       9
       6
       4
       4
       7
       3
       2
       5
       4
       3
       4
       2
       9
       7
       3
       2
       4
       2
       6
       0
       3
       5
       4
       2
       4
       4
       3
       6
       5
       3
       2
       7
       3
       4
       3
       2
       3
       3
       4
       5
       2
       6
       3
       1
       0
       5
       7
       3
       5
       2
       6
       4
       4
       7
       3
       5
       4
       1
       7
       3
       6
       6
       5
       3
       4
       5
       5
       2
       2
       2
       4
       2
       5
       4
       5
       3
       8
       5
       6
       3
       4
       2
       3
       3
       5
       2
       5
       2
       2
       3
       5
       1
       6
       2
       2
       5
       3
       6
       5
       4
       2
       3
       4
       0
       2
       3
       4
       4
       4
       4
       1
       4
       2
       7
       4
       1
       3
       3
       1
       6
       7
       5
       1
       2
       4
       6
       5
       5
       4
       1
       2
       8
       3
       2
       3
       4
       3
       2
       3
       1
       1
       3
       0
       2
       2
       4
       3
       3
       3
       2
       2
       4
       2
       2
       3
       1
       5
       2
       1
       2
       4
       6
       0
       3
       5
       4
       3
       1
       3
       0
       8
       3
       4
       2
       3
       7
       6
       2
       1
       2
       2
       3
       0
       4
       2
       5
       3
       3
       1
       5
       2
       6
       4
       4
       3
       3
       1
       1
       4
       5
       1
       4
       4
       3
       1
       2
       2
       1
       2
       2
       4
       6
       3
       4
       4
       3
       2
       1
       5
       2
       8
       4
       2
       2
       2
       2
       3
       1
       4
       1
       3
       4
       2
       1
       1
       4
       4
       2
       2
       3
       2
       3
       1
       3
       4
       7
       6
       1
       1
       7
       0
       5
       4
       2
       1
       3
       4
       7
       3
       1
       3
       2
       1
       4
       4
       5
       2
       2
       1
       5
       0
       2
       1
       4
       3
       3
       1
       2
       5
       2
       0
       4
       1
       3
       1
       1
       3
       0
       1
       0
       2
       1
       3
       4
       2
       1
       4
       0
       4
       4
       3
       3
       6
       4
       3
       1
       1
       5
       1
       2
       1
       3
       2
       1
       2
       3
       5
       2
       3
       4
       3
       4
       2
       7
       4
       1
       0
       4
       3
       3
       2
       6
       1
       1
       2
       2
       6
       3
       6
       3
       2
       0
       3
       3
       1
       2
       2
       3
       6
       2
       3
       2
       2
       2
       5
       2
       4
       4
       4
       2
       0
       1
       2
       2
       3
       2
       5
       4
       4
       2
       6
       5
       3
       2
       5
       7
       2
       1
       0
       1
       0
       4
       2
       1
       3
       5
       5
       2
       3
       3
       2
       0
       3
       0
       4
       2
       3
       0
       3
       4
       1
       4
       2
       5
       4
       2
       2
       2
       5
       2
       3
       3
       1
       3
       2
       0
       1
       2
       3
       2
       8
       3
       5
       2
       1
       2
       4
       2
       1
       1
       1
       2
       2
       0
       0
       5
       1
       3
       1
       4
       3
       3
       2
       1
       3
       1
       0
       0
       0
       1
       3
       3
       2
       3
       2
       0
       1
       3
       0
       3
       1
       1
       1
       2
       0
       1
       5
       3
       3
       2
       2
       2
       2
       2
       2
       2
       3
       2
       3
       0
       1
       5
       0
       0
       0
       3
       4
       0
       1
       1
       4
       0
       4
       5
       3
       5
       2
       3
       2
       1
       0
       2
       4
       4
       2
       2
       0
       1
       2
       1
       2
       1
       3
       1
       1
       2
       2
       1
       1
       2
       1
       3
       3
       5
       2
       5
       8
       3
       5
       0
       4
       1
       4
       1
       3
       5
       3
       4
       3
       2
       3
       0
       1
       2
       3
       3
       4
       0
       5
       3
       3
       1
       1
       4
       2
       0
       4
       4
       3
       2
       1
       1
       1
       0
       3
       3
       3
       2
       4
       1
       2
       4
       1
       2
       1
       3
       2
       5
       1
       3
       1
       0
       1
       2
       2
       3
       1
       1
       3
       1
       0
       2
       0
       1
       1
       3
       1
       3
       1
       1
       1
       1
       3
       7
       4
       1
       3
       1
       3
       4
       3
       1
       1
       2
       3
       4
       2
       3
       2
       1
       2
       2
       1
       0
       2
       2
       3
       6
       0
       1
       2
       0
       2
       1
       1
       2
       2
       3
       1
       2
       8
       2
       2
       3
       0
       2
       2
       3
       4
       2
       5
       4
       2
       3
       3
       2
       2
       0
       3
       4
       6
       1
       1
       2
       2
       2
       0
       0
       1
       0
       0
       0
       2
       0
       0
       0
       0
       0
       0
       0
       0
       0
       0
       0
       0
       0
       0
       0
       0
       0
       1
       0
       0
       0
       0
       0
       0
       0
       0
       0
       0
       0
       0
       0
       0
       0
       0
       0
       0
       0
       0
       0
       0
       0
       0
       0
       0
       0
       0
       0
       0
       0
       0
       0
       0
       0
       0
       0
       0
       0
       0
       0
       0
       0
       0
       0
       0
       0
       0
       0
       0
       0
       0
       0
       0
       0
       0
       0
       0
       0
       0
       0
       0
       0
       0
       0
       0
       0
       0
       0
       0
       0
       0
       0
       0
       0
       0
       0
       0
       0
       0
       0
       0
       0
       0
       0
       0
       0
       0
       0
       0
       0
       0
       0
       0
       0
       0
       0
       0
       0
       0
       0
       0
       0
       0
       0
       0
       0
       0
       0
       0
       0
       0
       0
       0
       0
       0
       0
       0
       0
       0
       0
       0
       0
       0
       0
       0
       0
       0
       0
       0
       0
       0
       0
       0
       0
       0
       0
       0
       0
       0
       0
       0
       0
       0
       0
       0
       0
       0
       0
       0
       0
       0
       0
       0
       0
       0
       0
       0
       0
       0
       0
       0
       0
       0
       0
       0
       0
       0
       0
       0
       0
       0
       0
       0
       0
       0
       0
       0
       0
       0
       0
       0
       0
       0
       0
       0
       0
       0
       0
       0
       0
       0
       0
       0
       0
       0
       0
       0
       0
       0
       0
       0
       0
       0
       0
       0
       0
       0
       0
       0
       0
       0
       0
       0
       0
       0
       0
       0
       0
       0
       0
       0
       0
       0
       0
       0
       0
       0
       0
       0
       0
       0
       0
       0
       0
       0
       0
       0
       0
       0
       0
       0
       0
       0
       0
       0
       0
       0
       0
       0
       0
       0
       0
       0
       0
       0
       0
       0
       0
       0
       0
       0
       0
       0
       0
       0
       0
       0
       0
       0
       0
       0
       0
       0
       0
       0
       0
       0
       0
       0
       0
       0
       0
       0
       0
       0
       0
       0
       0
       0
       0
       0
       0
       0
       0
       0
       0
       0
       0
       0
       0
       0
       0
       0
       0
       0
       0
       0
       0
       0
       0
       0
       0
       0
       0
       0
       0
       0
       0
       0
       0
       0
       0
       0
       0
       0
       0
       0
       0
       0
       0
       0
       0
       0
       0
       0
       0
       0
       0
       0
       0
       0
       0
       0
       0
       0
       0
       0
       0
       0
       0
       0
       0
       0
       0
       0
       0
       0
       0
       0
       0
       0
       0
       0
       0
       0
       0
       0
       0
       0
       0
       0
       0
       0
       0
       0
       0
       0
       0
       0
       0
       0
       0
       0
       0
       0
       0
       0
       0
       0
       0
       0
       0
       0
       0
       0
       0
       0
       0
       0
       0
       0
       0
       0
       0
       0
       0
       0
       0
       0
       0
       0
       0
       0
       0
       0
       0
       0
       0
       0
       0
       0
       0
       0
       0
       0
       0
       0
       0
       0
       0
       0
       0
       0
       0
       0
       0
       0
       0
       0
       0
       0
       0
       0
       0
       0
       0
       0
       0
       0
       0
       0
       0
       0
       0
       0
       0
       0
       0
       0
       0
       0
       0
       0
       0
       0
       0
       0
       0
       0
       0
       0
       0
       0
       0
       0
       0
       0
       0
       0
       0
       0
       0
       0
       0
       0
       0
       0
       0
       0
       0
       0
       0
       0
       0
       0
       0
       0
       0
       0
       0
       0
       0
       0
       0
       0
       0
       0
       0
       0
       0
       0
       0
       0
       0
       0
       0
       0
       0
       0
       0
       0
       0
       0
       0
       0
       0
       0
       0
       0
       0
       0
       0
       0
       0
       0
       0
       0
       0
       0
       0
       0
       0
       0
       0
       0
       0
       0
       0
       0
       0
       0
       0
       0
       0
       0
       0
       0
       0
       0
       0
       0
       0
       0
       0
       0
       0
       0
       0
       0
       0
       0
       0
       0
       0
       0
       0
       0
       0
       0
       0
       0
       0
       0
       0
       0
       0
       0
       0
       0
       0
       0
       0
       0
       0
       0
       0
       0
       0
       0
       0
       0
       0
       0
       0
       0
       0
       0
       0
       0
       0
       0
       0
       0
       0
       0
       0
       0
       0
       0
       0
       0
       0
       0
       0
       0
       0
       0
       0
       0
       0
       0
       0
       0
       0
       0
       0
       0
       0
       0
       0
       0
       0
       0
       0
       0
       0
       0
       0
       0
       0
       0
       0
       0
       0
       0
       0
       0
       0
       0
       0
       0
       0
       0
       0
       0
       0
       0
       0
       0
       0
       0
       0
       0
       0
       0
       0
       0
       0
       0
       0
       0
       0
       0
       0
       0
       0
       0
       0
       0
       0
       0
       0
       0
       0
       0
       0
       0
       0
       0
       0
       0
       0
       0
       0
       0
       0
       0
       0
       0
       0
       0
       0
       0
       0
       0
       0
       0
       0
       0
       0
       0
       0
       0
       0
       0
       0
       0
       0
       0
       0
       0
       0
       0
       0
       0
       0
       0
       0
       0
       0
       0
       0
       0
       0
       0
       0
       0
       0
       0
       0
       0
       0
       0
       0
       0
       0
       0
       0
       0
       0
       0
       0
       0
       0
       0
       0
       0
       0
       0
       0
       0
       0
       0
       0
       0
       0
       0
       0
       0
       0
       0
       0
       0
       0
       0
       0
       0
       0
       0
       0
       0
       0
       0
       0
       0
       0
       0
       0
       0
       0
       0
       0
       0
       0
       0
       0
       0
       0
       0
       0
       0
       0
       0
       0
       0
       0
       0
       0
       0
       0
       0
       0
       0
       0
       0
       0
       0
       0
       0
       0
       0
       0
       0
       0
       0
       0
       0
       0
       0
       0
       0
       0
       0
       0
       0
       0
       0
       0
       0
       0
       0
       0
       0
       0
       0
       0
       0
       0
       0
       0
       0
       0
       0
       0
       0
       0
       0
       0
       0
       0
       0
       0
       0
       0
       0
       0
       0
       0
       0
       0
       0
       0
       0
       0
       0
       0
       0
       0
       0
       0
       0
       0
       0
       0
       0
       0
       0
       0
       0
       0
       0
       0
       0
       0
       0
       0
       0
       0
       0
       0
       0
       0
       0
       0
       0
       0
       0
       0
       0
       0
       0
       0
       0
       0
       0
       0
       0
       0
       0
       0
       0
       0
       0
       0
       0
       0
       0
       0
       0
       0
       0
       0
       0
       0
       0
       0
       0
       0
       0
       0
       0
       0
       0
       0
       0
       0
       0
       0
       0
       0
       0
       0
       0
       0
       0
       0
       0
       0
       0
       0
       0
       0
       0
       0
       0
       0
       0
       0
       0
       0
       0
       0
       0
       0
       0
       0
       0
       0
       0
       0
       0
       0
       0
       0
       0
       0
       0
       0
       0
       0
       0
       0
       0
       0
       0
       0
       0
       0
       0
       0
       0
       0
       0
       0
       0
       0
       0
       0
       0
       0
       0
       0
       0
       0
       0
       0
       0
       0
       0
       0
       0
       0
       0
       0
       0
       0
       0
       0
       0
       0
       0
       0
       0
       0
       0
       0
       0
       0
       0
       0
       0
       0
       0
       0
       0
       0
       0
       0
       0
       0
       0
       0
       0
       0
       0
       0
       0
       0
       0
       0
       0
       0
       0
       0
       0
       0
       0
       0
       0
       0
       0
       0
       0
       0
       0
       0
       0
       0
       0
       0
       0
       0
       0
       0
       0
       0
       0
       0
       0
       0
       0
       0
       0
       0
       0
       0
       0
       0
       0
       0
       0
       0
       0
       0
       0
       0
       0
       0
       0
       0
       0
       0
       0
       0
       0
       0
       0
       0
       0
       0
       0
       0
       0
       0
       0
       0
       0
       0
       0
       0
       0
       0
       0
       0
       0
       0
       0
       0
       0
       0
       1
       0
       0
       0
       0
       1
       0
       0
       0
       0
       1
       1
       2
       1
       1
       0
       0
       0
       1
       1
       0
       1
       2
       1
       1
       0
       0
       0
       0
       1
       1
       1
       0
       1
       1
       0
       0
       0
       1
       0
       1
       0
       0
       0
       1
       0
       3
       1
       0
       1
       0
       1
       2
       2
       0
       0
       2
       0
       1
       0
       0
       0
       0
       2
       0
       1
       0
       0
       0
       1
       2
       0
       0
       1
       0
       2
       0
       0
       1
       1
       0
       1
       1
       0
       2
       1
       0
       1
       1
       1
       1
       1
       1
       0
       0
       0
       0
       1
       1
       0
       1
       1
       1
       0
       0
       0
       2
       1
       0
       0
       0
       0
       3
       2
       0
       0
       0
       0
       0
       1
       0
       0
       0
       0
       0
       0
       2
       0
       3
       0
       0
       0
       1
       0
       1
       1
       1
       0
       1
       1
       1
       1
       0
       1
       0
       2
       0
       0
       0
       0
       0
       1
       2
       0
       0
       1
       1
       0
       1
       1
       0
       0
       1
       1
       0
       1
       0
       1
       0
       0
       0
       0
       0
       1
       1
$ROI:
1
4741 6178
$PRESETS:
Real Time
100000
0
$ENER_FIT:
0.000000 1.000000
$MCA_CAL:
3
0.000000E+000 1.000000E+000 0.000000E+000 keV
$SHAPE_CAL:
3
0.000000E+000 0.000000E+000 0.000000E+000
