$SPEC_ID:
No sample description was entered.
$SPEC_REM:
DET# 1
DETDESC# MCB 337
AP# Maestro Version 6.06
$DATE_MEA:
10/22/2015 12:45:33
$MEAS_TIM:
92602 92609
$DATA:
0 8191
       0
       0
       0
       0
       0
       0
       0
       0
       0
       0
       0
       0
       0
       0
       0
       0
       0
       0
       0
       0
       0
       0
       0
       0
       0
       0
       0
       0
       0
       0
       0
       0
       0
       0
       0
       0
       0
       0
       0
       0
       0
       0
       0
       0
       0
       0
       0
       0
       0
       0
       0
       0
       0
       0
       0
       0
       0
       0
       0
       0
       0
       0
       0
       0
       0
       0
       0
       0
       0
       0
       0
       0
       0
       0
       0
       0
       0
       0
       0
       0
       0
       0
       0
       0
       0
       0
       0
       0
       0
       0
       0
       0
       0
       0
       0
       0
       0
       0
       0
       0
       0
       0
       0
       0
       0
       0
       0
       0
       0
       0
       0
       0
       0
       0
       0
       0
       0
       0
       0
       0
       0
       0
       0
       0
       0
       0
       0
       0
       0
       0
       0
       0
       0
       0
       0
       0
       0
       0
       0
       0
       0
       0
       0
       0
       0
       0
       0
       0
       0
       0
       0
       0
       0
       0
       0
       0
       0
       0
       0
       0
       0
       0
       0
       0
       0
       0
       0
       0
       0
       0
       0
       0
       0
       0
       0
       0
       0
       0
       0
       0
       0
       0
       0
       0
       0
       0
       0
       0
       0
       0
       0
       0
       0
       0
       0
       0
       0
       0
       0
       0
       0
       0
       0
       0
       0
       0
       0
       0
       0
       0
       0
       0
       0
       0
       0
       0
       0
       0
       0
       0
       0
       0
       0
       0
       0
       0
       0
       0
       0
       0
       0
       0
       0
       0
       0
       0
       0
       0
       0
       0
       0
       0
       0
       0
       0
       0
       0
       0
       0
       0
       0
       0
       0
       0
       0
       0
       0
       0
       0
       0
       0
       0
       0
       0
       0
       0
       0
       0
       0
       0
       0
       0
       0
       0
       0
       0
       0
       0
       0
       0
       0
       0
       0
       0
       0
       0
       0
       0
       0
       0
       0
       0
       0
       0
       0
       0
       0
       0
       0
       0
       0
       0
       0
       0
       0
       0
       0
       0
       0
       0
       0
       0
       0
       0
       0
       0
       0
       0
       0
       0
       0
       0
       0
       0
       0
       0
       0
       0
       0
       0
       0
       0
       0
       0
       0
       0
       0
       0
       0
       0
       0
       0
       0
       0
       0
       0
       0
       0
       0
       0
       0
       0
       0
       0
       0
       0
       0
       0
       0
       0
       0
       0
       0
       0
       0
       0
       0
       0
       0
       0
       0
       0
       0
       0
       0
       0
       0
       0
       0
       0
       0
       0
       0
       0
       0
       0
       0
       0
       0
       0
       0
       0
       0
       0
       0
       0
       0
       0
       0
       0
       0
       0
       0
       0
       0
       0
       0
       0
       0
       0
       0
       0
       0
       0
       0
       0
       0
       0
       0
       0
       0
       0
       0
       0
       0
       0
       0
       0
       0
       0
       0
       0
       0
       0
       0
       0
       0
       0
       0
       0
       0
       0
       0
       0
       0
       0
       0
       0
       0
       0
       0
       0
       0
       0
       0
       0
       0
       0
       0
       0
       0
       0
       0
       0
       0
       0
       0
       0
       0
       0
       0
       0
       0
       0
       0
       0
       0
       0
       0
       0
       0
       0
       0
       0
       0
       0
       0
       0
       0
       0
       0
       0
       0
       0
       0
       0
       0
       0
       0
       0
       0
       0
       0
       0
       0
       0
       0
       0
       0
       0
       0
       0
       0
       0
       0
       0
       0
       0
       0
       0
       0
       0
       0
       0
       0
       0
       0
       0
       0
       0
       0
       0
       0
       0
       0
       0
       0
       0
       0
       0
       0
       0
       0
       0
       0
       0
       0
       0
       0
       0
       0
       0
       0
       0
       0
       0
       0
       0
       0
       0
       0
       0
       0
       0
       0
       0
       0
       0
       0
       0
       0
       0
       0
       0
       0
       0
       0
       0
       0
       0
       0
       0
       0
       0
       0
       0
       0
       0
       0
       0
       0
       0
       0
       0
       0
       0
       0
       0
       0
       0
       0
       0
       0
       0
       0
       0
       0
       0
       0
       0
       0
       0
       0
       0
       0
       0
       0
       0
       0
       0
       0
       0
       0
       0
       0
       0
       0
       0
       0
       0
       0
       0
       0
       0
       0
       0
       0
       0
       0
       0
       0
       0
       0
       0
       0
       0
       0
       0
       0
       0
       0
       0
       0
       0
       0
       0
       0
       0
       0
       0
       0
       0
       0
       0
       0
       0
       0
       0
       0
       0
       0
       0
       0
       0
       0
       0
       0
       0
       0
       0
       0
       0
       0
       0
       0
       0
       0
       0
       0
       0
       0
       0
       0
       0
       0
       0
       0
       0
       0
       0
       0
       0
       0
       0
       0
       0
       0
       0
       0
       0
       0
       0
       0
       0
       0
       0
       0
       0
       0
       0
       0
       0
       0
       0
       0
       0
       0
       0
       0
       0
       0
       0
       0
       0
       0
       0
       0
       0
       0
       0
       0
       0
       0
       0
       0
       0
       0
       0
       0
       0
       0
       0
       0
       0
       0
       0
       0
       0
       0
       0
       0
       0
       0
       0
       0
       0
       0
       0
       0
       0
       0
       0
       0
       0
       0
       0
       0
       0
       0
       0
       0
       0
       0
       0
       0
       0
       0
       0
       0
       0
       0
       0
       0
       0
       0
       0
       0
       0
       0
       0
       0
       0
       0
       0
       0
       0
       0
       0
       0
       0
       0
       0
       0
       0
       0
       0
       0
       0
       0
       0
       0
       0
       0
       0
       0
       0
       0
       0
       0
       0
       0
       0
       0
       0
       0
       0
       0
       0
       0
       0
       0
       0
       0
       0
       0
       0
       0
       0
       0
       0
       0
       0
       0
       0
       0
       0
       0
       0
       0
       0
       0
       0
       0
       0
       0
       0
       0
       0
       0
       0
       0
       0
       0
       0
       0
       0
       0
       0
       0
       0
       0
       0
       0
       0
       0
       0
       0
       0
       0
       0
       0
       0
       0
       0
       0
       0
       0
       0
       0
       0
       0
       0
       0
       0
       0
       0
       0
       0
       0
       0
       0
       0
       0
       0
       0
       0
       0
       0
       0
       0
       0
       0
       0
       0
       0
       0
       0
       0
       0
       0
       0
       0
       0
       0
       0
       0
       0
       0
       0
       0
       0
       0
       0
       0
       0
       0
       0
       0
       0
       0
       0
       0
       0
       0
       0
       0
       0
       0
       0
       0
       0
       0
       0
       0
       0
       0
       0
       0
       0
       0
       0
       0
       0
       0
       0
       0
       0
       0
       0
       0
       0
       0
       0
       0
       0
       0
       0
       0
       0
       0
       0
       0
       0
       0
       0
       0
       0
       0
       0
       0
       0
       0
       0
       0
       0
       0
       0
       0
       0
       0
       0
       0
       0
       0
       0
       0
       0
       0
       0
       0
       0
       0
       0
       0
       0
       0
       0
       0
       0
       0
       0
       0
       0
       0
       0
       0
       0
       0
       0
       0
       0
       0
       0
       0
       0
       0
       0
       0
       0
       0
       0
       0
       0
       0
       0
       0
       0
       0
       0
       0
       0
       0
       0
       0
       0
       0
       0
       0
       0
       0
       0
       0
       0
       0
       0
       0
       0
       0
       0
       0
       0
       0
       0
       0
       0
       0
       0
       0
       0
       0
       0
       0
       0
       0
       0
       0
       0
       0
       0
       0
       0
       0
       0
       0
       0
       0
       0
       0
       0
       0
       0
       0
       0
       0
       0
       0
       0
       0
       0
       0
       0
       0
       0
       0
       0
       0
       0
       0
       0
       0
       0
       0
       0
       0
       0
       0
       0
       0
       0
       0
       0
       0
       0
       0
       0
       0
       0
       0
       0
       0
       0
       0
       0
       0
       0
       0
       0
       0
       0
       0
       0
       0
       0
       0
       0
       0
       0
       0
       0
       0
       0
       0
       0
       0
       0
       0
       0
       0
       0
       0
       0
       0
       0
       0
       0
       0
       0
       0
       0
       0
       0
       0
       0
       0
       0
       0
       0
       0
       0
       0
       0
       0
       0
       0
       0
       0
       0
       0
       0
       0
       0
       0
       0
       0
       0
       0
       0
       0
       0
       0
       0
       0
       0
       0
       0
       0
       0
       0
       0
       0
       0
       0
       0
       0
       0
       0
       0
       0
       0
       0
       0
       0
       0
       0
       0
       0
       0
       0
       0
       0
       0
       0
       0
       0
       0
       0
       0
       0
       0
       0
       0
       0
       0
       0
       0
       0
       0
       0
       0
       0
       0
       0
       0
       0
       0
       0
       0
       0
       0
       0
       0
       0
       0
       0
       0
       0
       0
       0
       0
       0
       0
       0
       0
       0
       0
       0
       0
       0
       0
       0
       0
       0
       0
       0
       0
       0
       0
       0
       0
       0
       0
       0
       0
       0
       0
       0
       0
       0
       0
       0
       0
       0
       0
       0
       0
       0
       0
       0
       0
       0
       0
       0
       0
       0
       0
       0
       0
       0
       0
       0
       0
       0
       0
       0
       0
       0
       0
       0
       0
       0
       0
       0
       0
       0
       0
       0
       0
       0
       0
       0
       0
       0
       0
       0
       0
       0
       0
       0
       0
       0
       0
       0
       0
       0
       0
       0
       0
       0
       0
       0
       0
       0
       0
       0
       0
       0
       0
       0
       0
       0
       0
       0
       0
       0
       0
       0
       0
       0
       0
       0
       0
       0
       0
       0
       0
       0
       0
       0
       0
       0
       0
       0
       0
       0
       0
       0
       0
       0
       0
       0
       0
       0
       0
       0
       0
       0
       0
       0
       0
       0
       0
       0
       0
       0
       0
       0
       0
       0
       0
       0
       0
       0
       0
       0
       0
       0
       0
       0
       0
       0
       0
       0
       0
       0
       0
       0
       0
       0
       0
       0
       0
       0
       0
       0
       0
       0
       0
       0
       0
       0
       0
       0
       0
       0
       0
       0
       0
       0
       0
       0
       0
       0
       0
       0
       0
       0
       0
       0
       0
       0
       0
       0
       0
       0
       0
       0
       0
       0
       0
       0
       0
       0
       0
       0
       0
       0
       0
       0
       0
       0
       0
       0
       0
       0
       0
       0
       0
       0
       0
       0
       0
       0
       0
       0
       0
       0
       0
       0
       0
       0
       0
       0
       0
       0
       0
       0
       0
       0
       0
       0
       0
       0
       0
       0
       0
       0
       0
       0
       0
       0
       0
       0
       0
       0
       0
       0
       0
       0
       0
       0
       0
       0
       0
       0
       0
       0
       0
       0
       0
       0
       0
       0
       0
       0
       0
       0
       0
       0
       0
       0
       0
       0
       0
       0
       0
       0
       0
       0
       0
       0
       0
       0
       0
       0
       0
       0
       0
       0
       0
       0
       0
       0
       0
       0
       0
       0
       0
       0
       0
       0
       0
       0
       0
       0
       0
       0
       0
       0
       0
       0
       0
       0
       0
       0
       0
       0
       0
       0
       0
       0
       0
       0
       0
       0
       0
       0
       0
       0
       0
       0
       0
       0
       0
       0
       0
       0
       0
       0
       0
       0
       0
       0
       0
       0
       0
       0
       0
       0
       0
       0
       0
       0
       0
       0
       0
       0
       0
       0
       0
       0
       0
       0
       0
       0
       0
       0
       0
       0
       0
       0
       0
       0
       0
       0
       0
       0
       0
       0
       0
       0
       0
       0
       0
       0
       0
       0
       0
       0
       0
       0
       0
       0
       0
       0
       0
       0
       0
       0
       0
       0
       0
       0
       0
       0
       0
       0
       0
       0
       0
       0
       0
       0
       0
       0
       0
       0
       0
       0
       0
       0
       0
       0
       0
       0
       0
       0
       0
       0
       0
       0
       0
       0
       0
       0
       0
       0
       0
       0
       0
       0
       0
       0
       0
       0
       0
       0
       0
       0
       0
       0
       0
       0
       0
       0
       0
       0
       0
       0
       0
       0
       0
       0
       0
       0
       0
       0
       0
       0
       0
       0
       0
       0
       0
       0
       0
       0
       0
       0
       0
       0
       0
       0
       0
       0
       0
       0
       0
       0
       0
       0
       0
       0
       0
       0
       0
       0
       0
       0
       0
       0
       0
       0
       0
       0
       0
       0
       0
       0
       0
       0
       0
       0
       0
       0
       0
       0
       0
       0
       0
       0
       0
       0
       0
       0
       0
       0
       0
       0
       0
       0
       0
       0
       0
       0
       0
       0
       0
       0
       0
       0
       0
       0
       0
       0
       0
       0
       0
       0
       0
       0
       0
       0
       0
       0
       0
       0
       0
       0
       0
       0
       0
       0
       0
       0
       0
       0
       0
       0
       0
       0
       0
       0
       0
       0
       0
       0
       0
       0
       0
       0
       0
       0
       0
       0
       0
       0
       0
       0
       0
       0
       0
       0
       0
       0
       0
       0
       0
       0
       0
       0
       0
       0
       0
       0
       0
       0
       0
       0
       0
       0
       0
       0
       0
       0
       0
       0
       0
       0
       0
       0
       0
       0
       0
       0
       0
       0
       0
       0
       0
       0
       0
       0
       0
       0
       0
       0
       0
       0
       0
       0
       0
       0
       0
       0
       0
       0
       0
       0
       0
       0
       0
       0
       0
       0
       0
       0
       0
       0
       0
       0
       0
       0
       0
       0
       0
       0
       0
       0
       0
       0
       0
       0
       0
       0
       0
       0
       0
       0
       0
       0
       0
       0
       0
       0
       0
       0
       0
       0
       0
       0
       0
       0
       0
       0
       0
       0
       0
       0
       0
       0
       0
       0
       0
       0
       0
       0
       0
       0
       0
       0
       0
       0
       0
       0
       0
       0
       0
       0
       0
       0
       0
       0
       0
       0
       0
       0
       0
       0
       0
       0
       0
       0
       0
       0
       0
       0
       0
       0
       0
       0
       0
       0
       0
       0
       0
       0
       0
       0
       0
       0
       0
       0
       0
       0
       0
       0
       0
       0
       0
       0
       0
       0
       0
       0
       0
       0
       0
       0
       0
       0
       0
       0
       0
       0
       0
       0
       0
       0
       0
       0
       0
       0
       0
       0
       0
       0
       0
       0
       0
       0
       0
       0
       0
       0
       0
       0
       0
       0
       0
       0
       0
       0
       0
       0
       0
       0
       0
       0
       0
       0
       0
       0
       0
       0
       0
       0
       0
       0
       0
       0
       0
       0
       0
       0
       0
       0
       0
       0
       0
       0
       0
       0
       0
       0
       0
       0
       0
       0
       0
       0
       0
       0
       0
       0
       0
       0
       0
       0
       0
       0
       0
       0
       0
       0
       0
       0
       0
       0
       0
       0
       0
       0
       0
       0
       0
       0
       0
       0
       0
       0
       0
       0
       0
       0
       0
       0
       0
       0
       0
       0
       0
       0
       0
       0
       0
       0
       0
       0
       0
       0
       0
       0
       0
       0
       0
       0
       0
       0
       0
       0
       0
       0
       0
       0
       0
       0
       0
       0
       0
       0
       0
       0
       0
       0
       0
       0
       0
       0
       0
       0
       0
       0
       0
       0
       0
       0
       0
       0
       0
       0
       0
       0
       0
       0
       1
       0
       0
       0
       0
       0
       0
       0
       0
       0
       0
       0
       0
       0
       0
       0
       0
       0
       0
       0
       0
       0
       0
       0
       0
       0
       0
       0
       0
       0
       0
       0
       0
       0
       0
       0
       0
       0
       0
       0
       0
       0
       0
       0
       0
       0
       0
       0
       0
       0
       0
       0
       0
       0
       0
       0
       0
       0
       0
       0
       0
       0
       0
       0
       0
       0
       0
       0
       0
       0
       0
       0
       0
       0
       2
       0
       0
       0
       0
       0
       1
       0
       0
       0
       0
       0
       0
       0
       0
       1
       0
       0
       0
       0
       0
       0
       2
       1
       1
       1
       0
       0
       1
       1
       0
       0
       0
       1
       0
       0
       0
       0
       0
       0
       0
       3
       0
       0
       0
       0
       0
       1
       1
       1
       1
       0
       0
       1
       0
       1
       0
       1
       0
       0
       0
       0
       0
       0
       0
       0
       1
       0
       0
       0
       0
       0
       0
       1
       0
       0
       1
       1
       0
       0
       0
       0
       1
       0
       0
       2
       0
       0
       1
       0
       0
       0
       0
       0
       1
       1
       0
       0
       0
       0
       0
       0
       1
       0
       0
       1
       0
       0
       0
       1
       0
       0
       2
       0
       1
       1
       1
       0
       1
       0
       0
       0
       0
       0
       0
       0
       0
       0
       0
       0
       0
       0
       0
       0
       1
       2
       0
       1
       0
       1
       0
       0
       2
       0
       0
       0
       1
       0
       1
       0
       0
       1
       0
       0
       1
       0
       0
       0
       2
       0
       0
       1
       0
       0
       1
       0
       0
       0
       0
       0
       0
       1
       0
       0
       0
       0
       0
       2
       0
       0
       1
       0
       1
       0
       0
       0
       0
       0
       0
       0
       1
       0
       0
       1
       1
       0
       0
       0
       0
       0
       0
       0
       0
       1
       1
       2
       2
       0
       0
       1
       0
       0
       0
       0
       0
       1
       0
       0
       0
       1
       1
       0
       0
       1
       1
       0
       0
       2
       1
       1
       0
       0
       1
       0
       0
       0
       1
       0
       0
       0
       0
       0
       0
       1
       1
       0
       0
       0
       0
       0
       1
       1
       0
       1
       0
       1
       0
       0
       0
       1
       0
       0
       0
       1
       1
       0
       0
       1
       0
       0
       0
       0
       0
       0
       0
       0
       0
       0
       0
       0
       0
       0
       1
       0
       1
       1
       0
       1
       1
       1
       0
       0
       1
       1
       1
       0
       0
       0
       2
       0
       0
       0
       2
       1
       2
       0
       2
       0
       0
       0
       1
       0
       0
       0
       1
       0
       0
       1
       0
       0
       1
       2
       0
       0
       0
       0
       0
       0
       0
       0
       0
       0
       1
       0
       0
       0
       0
       0
       0
       0
       1
       0
       0
       1
       0
       1
       0
       0
       0
       0
       0
       1
       0
       0
       0
       1
       0
       0
       0
       0
       0
       1
       0
       0
       0
       0
       1
       0
       0
       0
       0
       0
       0
       1
       0
       0
       0
       0
       0
       0
       0
       1
       0
       0
       0
       0
       0
       0
       1
       0
       0
       0
       0
       0
       0
       1
       0
       0
       0
       1
       0
       0
       0
       0
       1
       1
       0
       1
       2
       0
       0
       0
       1
       0
       0
       0
       0
       0
       1
       0
       0
       0
       0
       0
       0
       1
       0
       0
       0
       0
       0
       0
       1
       0
       0
       2
       0
       0
       0
       0
       0
       0
       0
       1
       0
       0
       1
       0
       0
       1
       2
       0
       0
       1
       0
       0
       1
       1
       0
       0
       0
       0
       0
       0
       1
       0
       0
       1
       0
       1
       2
       1
       0
       1
       1
       1
       0
       2
       0
       0
       1
       0
       0
       0
       0
       0
       0
       0
       0
       2
       0
       0
       1
       1
       0
       0
       0
       0
       0
       0
       0
       1
       0
       0
       0
       0
       0
       0
       0
       2
       0
       0
       0
       1
       0
       0
       0
       0
       1
       2
       2
       0
       0
       2
       0
       0
       0
       0
       0
       1
       1
       0
       0
       2
       0
       1
       0
       0
       0
       0
       1
       0
       0
       1
       1
       0
       0
       1
       0
       0
       0
       0
       0
       0
       1
       2
       1
       0
       0
       0
       0
       0
       0
       0
       0
       0
       3
       0
       0
       0
       2
       0
       0
       0
       0
       0
       0
       0
       0
       0
       0
       0
       0
       0
       0
       0
       0
       1
       0
       0
       1
       2
       1
       2
       0
       0
       0
       0
       0
       0
       1
       0
       0
       0
       0
       0
       0
       0
       1
       0
       0
       1
       0
       2
       1
       0
       0
       0
       1
       0
       0
       0
       0
       0
       0
       0
       0
       0
       1
       1
       0
       2
       1
       0
       1
       1
       1
       0
       0
       1
       0
       0
       0
       0
       0
       1
       0
       0
       0
       0
       0
       0
       0
       0
       1
       0
       1
       0
       0
       0
       0
       0
       0
       1
       0
       0
       0
       0
       0
       0
       0
       0
       0
       0
       0
       0
       1
       0
       0
       0
       0
       0
       0
       0
       0
       0
       0
       0
       0
       0
       0
       1
       0
       2
       0
       0
       0
       0
       1
       0
       0
       0
       0
       0
       0
       1
       0
       1
       0
       0
       1
       0
       0
       1
       0
       1
       0
       1
       0
       1
       0
       0
       0
       0
       0
       1
       0
       0
       0
       0
       0
       0
       1
       0
       0
       1
       2
       0
       0
       0
       0
       0
       0
       0
       0
       0
       0
       0
       0
       0
       1
       1
       0
       0
       1
       0
       0
       0
       0
       0
       0
       1
       0
       0
       0
       0
       1
       0
       1
       0
       1
       0
       0
       1
       0
       0
       0
       0
       0
       0
       0
       0
       0
       0
       1
       1
       0
       0
       0
       1
       0
       0
       1
       0
       1
       0
       0
       0
       0
       1
       1
       0
       0
       0
       1
       0
       1
       1
       0
       0
       0
       0
       0
       0
       0
       1
       0
       0
       0
       1
       1
       0
       1
       0
       0
       2
       0
       0
       1
       1
       0
       0
       1
       0
       0
       0
       1
       0
       0
       0
       0
       0
       1
       2
       0
       0
       0
       0
       0
       1
       1
       0
       0
       0
       0
       0
       1
       1
       0
       1
       0
       1
       1
       0
       0
       0
       0
       0
       1
       0
       0
       0
       2
       1
       3
       1
       0
       0
       2
       0
       0
       1
       0
       0
       0
       0
       0
       1
       0
       1
       0
       0
       1
       0
       0
       1
       1
       0
       1
       2
       0
       2
       0
       2
       0
       1
       0
       1
       0
       0
       2
       0
       0
       0
       0
       1
       1
       0
       0
       0
       0
       1
       0
       0
       0
       0
       0
       1
       0
       0
       1
       1
       1
       0
       0
       0
       0
       1
       0
       0
       2
       2
       0
       0
       0
       0
       0
       0
       0
       1
       0
       0
       0
       1
       0
       1
       1
       0
       1
       0
       0
       0
       0
       0
       0
       0
       0
       0
       0
       1
       0
       0
       0
       1
       0
       1
       0
       0
       0
       0
       0
       0
       2
       1
       1
       0
       0
       0
       0
       0
       1
       0
       0
       0
       0
       1
       1
       0
       0
       0
       0
       1
       0
       0
       0
       1
       0
       1
       0
       0
       0
       1
       0
       0
       0
       0
       0
       0
       3
       0
       0
       0
       1
       1
       0
       0
       0
       0
       0
       0
       0
       0
       0
       0
       0
       0
       2
       0
       0
       0
       0
       0
       0
       0
       1
       0
       0
       0
       0
       0
       0
       2
       1
       0
       0
       0
       0
       0
       0
       0
       1
       1
       0
       0
       0
       0
       0
       0
       0
       0
       0
       1
       1
       0
       2
       1
       0
       0
       0
       0
       1
       0
       0
       0
       0
       1
       0
       0
       0
       0
       0
       0
       0
       0
       0
       1
       1
       1
       0
       0
       0
       0
       1
       0
       1
       0
       1
       1
       0
       0
       0
       0
       0
       0
       0
       1
       0
       0
       1
       0
       0
       0
       0
       0
       0
       0
       1
       0
       0
       0
       0
       0
       0
       0
       0
       0
       0
       0
       0
       0
       1
       0
       1
       0
       0
       0
       0
       0
       1
       0
       0
       0
       0
       0
       0
       0
       0
       1
       0
       0
       0
       0
       0
       0
       0
       1
       0
       0
       0
       0
       0
       1
       1
       0
       0
       0
       0
       0
       1
       0
       1
       0
       2
       0
       0
       0
       0
       0
       1
       0
       1
       0
       0
       0
       1
       0
       0
       0
       0
       1
       0
       0
       0
       0
       0
       0
       0
       0
       0
       0
       2
       1
       0
       0
       0
       0
       0
       2
       1
       0
       1
       0
       0
       1
       1
       1
       1
       0
       1
       0
       0
       0
       0
       0
       0
       0
       0
       1
       0
       0
       0
       3
       2
       0
       0
       2
       0
       0
       1
       0
       0
       1
       0
       0
       0
       0
       2
       1
       0
       0
       1
       0
       0
       0
       0
       0
       0
       0
       0
       1
       1
       0
       0
       1
       0
       1
       0
       0
       1
       0
       1
       1
       0
       1
       0
       0
       1
       1
       0
       1
       0
       0
       0
       1
       0
       1
       1
       0
       0
       0
       0
       0
       1
       1
       0
       1
       0
       1
       0
       0
       0
       0
       0
       1
       1
       0
       1
       0
       0
       3
       0
       1
       0
       0
       0
       0
       0
       0
       0
       0
       0
       0
       0
       0
       0
       1
       0
       0
       0
       0
       1
       2
       0
       0
       0
       0
       1
       1
       0
       1
       1
       0
       0
       0
       1
       2
       0
       0
       0
       0
       0
       0
       0
       0
       0
       0
       0
       1
       0
       0
       1
       0
       0
       0
       1
       1
       1
       0
       1
       0
       1
       0
       0
       0
       0
       0
       0
       1
       0
       0
       0
       0
       0
       1
       0
       1
       1
       0
       0
       0
       0
       0
       0
       0
       1
       0
       0
       0
       0
       1
       1
       0
       0
       0
       0
       0
       0
       0
       0
       0
       0
       1
       2
       0
       0
       0
       0
       0
       0
       1
       0
       1
       0
       0
       0
       1
       0
       0
       1
       0
       0
       0
       0
       0
       0
       0
       0
       0
       0
       1
       0
       0
       2
       0
       0
       0
       0
       0
       1
       1
       1
       0
       0
       0
       1
       0
       1
       0
       0
       0
       0
       0
       1
       0
       2
       0
       1
       1
       1
       0
       0
       0
       0
       0
       1
       0
       0
       1
       0
       0
       0
       1
       0
       0
       0
       1
       1
       0
       0
       1
       0
       0
       0
       1
       0
       1
       0
       0
       0
       0
       0
       0
       0
       0
       1
       0
       0
       0
       0
       0
       0
       1
       0
       1
       0
       1
       0
       0
       0
       0
       0
       0
       0
       0
       0
       1
       1
       0
       0
       1
       1
       0
       0
       1
       1
       0
       0
       0
       0
       1
       0
       0
       0
       0
       0
       0
       0
       0
       1
       1
       1
       0
       0
       0
       1
       1
       0
       0
       0
       0
       0
       1
       0
       0
       1
       0
       0
       0
       0
       0
       1
       1
       0
       0
       0
       0
       0
       0
       1
       1
       0
       0
       0
       0
       0
       0
       1
       0
       1
       0
       2
       0
       1
       0
       0
       0
       0
       0
       0
       0
       1
       0
       1
       1
       0
       0
       0
       0
       1
       2
       0
       0
       0
       0
       1
       1
       0
       0
       0
       0
       0
       0
       0
       0
       0
       1
       0
       0
       0
       1
       0
       1
       0
       0
       0
       0
       1
       0
       2
       1
       1
       0
       1
       0
       0
       0
       2
       0
       1
       1
       0
       1
       0
       1
       0
       0
       0
       0
       2
       2
       0
       0
       1
       0
       1
       0
       0
       0
       0
       0
       0
       0
       0
       0
       0
       2
       1
       2
       1
       1
       0
       0
       0
       0
       0
       0
       0
       0
       1
       0
       0
       0
       0
       0
       0
       1
       0
       1
       0
       0
       0
       0
       0
       0
       1
       0
       1
       0
       1
       0
       0
       0
       0
       0
       1
       0
       0
       0
       0
       0
       1
       1
       0
       0
       0
       0
       0
       1
       0
       0
       1
       1
       1
       0
       1
       0
       0
       1
       0
       0
       0
       0
       1
       0
       0
       0
       0
       0
       1
       2
       0
       0
       0
       1
       0
       1
       1
       0
       0
       0
       0
       0
       0
       0
       2
       0
       0
       0
       1
       0
       0
       0
       0
       1
       1
       0
       0
       1
       1
       0
       0
       0
       1
       0
       0
       1
       0
       0
       1
       0
       0
       0
       0
       0
       2
       1
       1
       0
       2
       1
       0
       0
       0
       0
       1
       0
       1
       1
       2
       0
       1
       0
       1
       0
       0
       0
       0
       1
       2
       0
       1
       2
       0
       0
       0
       0
       1
       0
       1
       1
       0
       0
       0
       1
       0
       0
       2
       1
       2
       0
       0
       0
       2
       0
       1
       2
       0
       1
       0
       0
       0
       0
       0
       1
       0
       0
       1
       1
       0
       0
       0
       0
       1
       0
       2
       0
       0
       1
       1
       2
       0
       0
       1
       0
       0
       0
       1
       1
       1
       0
       1
       0
       0
       1
       0
       0
       1
       0
       0
       2
       0
       0
       1
       1
       1
       0
       0
       0
       0
       1
       1
       0
       0
       2
       1
       0
       1
       0
       0
       0
       3
       0
       0
       2
       0
       0
       0
       2
       0
       1
       0
       0
       0
       0
       0
       0
       1
       0
       1
       1
       1
       0
       0
       2
       0
       0
       1
       0
       2
       0
       2
       0
       1
       0
       1
       3
       0
       0
       1
       0
       0
       0
       1
       0
       1
       0
       0
       0
       0
       1
       0
       2
       1
       0
       0
       0
       0
       1
       0
       0
       0
       0
       0
       0
       1
       0
       1
       0
       1
       2
       2
       2
       2
       0
       0
       1
       0
       0
       0
       0
       0
       0
       0
       0
       2
       0
       0
       1
       1
       0
       1
       2
       1
       0
       0
       0
       1
       0
       0
       0
       0
       0
       1
       0
       0
       0
       1
       1
       1
       0
       1
       1
       1
       1
       1
       1
       0
       0
       1
       0
       0
       1
       0
       0
       0
       0
       0
       0
       2
       0
       2
       1
       1
       1
       1
       1
       0
       0
       0
       1
       0
       0
       1
       1
       1
       1
       0
       1
       1
       1
       1
       0
       0
       1
       2
       1
       0
       1
       1
       1
       1
       2
       1
       0
       0
       0
       1
       0
       0
       0
       0
       0
       2
       1
       0
       1
       0
       2
       0
       4
       2
       2
       0
       2
       3
       0
       0
       1
       0
       2
       2
       2
       0
       0
       0
       1
       1
       0
       2
       0
       0
       0
       0
       2
       2
       2
       0
       1
       1
       0
       3
       2
       4
       3
       1
       0
       1
       2
       1
       3
       1
       1
       0
       0
       3
       0
       1
       1
       2
       1
       2
       0
       2
       3
       2
       0
       1
       1
       0
       0
       0
       1
       1
       2
       1
       1
       0
       2
       2
       1
       0
       1
       0
       0
       2
       2
       1
       0
       2
       0
       0
       1
       5
       3
       2
       0
       2
       2
       1
       1
       2
       2
       0
       1
       0
       1
       1
       6
       2
       0
       0
       2
       2
       1
       0
       2
       0
       1
       1
       1
       2
       2
       1
       1
       0
       2
       5
       1
       5
       1
       0
       1
       3
       4
       3
       2
       2
       0
       5
       4
       3
       2
       3
       6
       0
       6
       1
       1
       3
       4
       2
       7
       3
       4
       1
       4
       4
       1
       5
       7
       1
       8
       3
       5
       2
       1
       3
       4
       7
       5
       6
       7
       3
       2
       5
       4
       2
       6
       5
       5
       4
       4
       6
       6
       6
       7
       5
       3
       5
       5
       5
       7
       3
       6
       6
      12
       5
      14
       8
       8
      13
       5
       8
       5
       7
      13
      10
      12
       6
       8
       6
      11
      13
       9
      14
       9
      14
      16
       6
      21
      11
      14
      20
      23
      18
      24
      22
      34
      19
      26
      33
      34
      35
      36
      44
      49
      54
      55
      59
      72
      79
      82
      92
      80
     110
     114
     123
     164
     181
     165
     192
     198
     216
     244
     301
     267
     327
     308
     351
     394
     437
     424
     486
     580
     564
     671
     698
     689
     753
     837
     881
     916
     981
    1049
    1113
    1188
    1179
    1416
    1361
    1459
    1570
    1578
    1679
    1767
    1774
    1886
    1972
    2053
    2022
    2181
    2290
    2365
    2378
    2425
    2526
    2696
    2696
    2770
    2820
    2818
    2912
    3004
    2970
    3064
    3213
    3130
    3182
    3197
    3191
    3255
    3255
    3226
    3267
    3384
    3369
    3370
    3511
    3377
    3395
    3373
    3380
    3506
    3444
    3279
    3451
    3455
    3462
    3370
    3366
    3359
    3455
    3357
    3359
    3432
    3398
    3300
    3340
    3291
    3355
    3282
    3330
    3216
    3250
    3254
    3265
    3284
    3220
    3276
    3142
    3190
    3209
    3205
    3163
    3112
    3100
    3062
    3098
    2992
    2970
    2932
    2951
    3079
    2963
    2973
    2913
    2836
    2884
    2917
    2845
    2849
    2792
    2778
    2819
    2770
    2726
    2754
    2676
    2655
    2686
    2656
    2660
    2591
    2589
    2522
    2522
    2520
    2496
    2532
    2379
    2477
    2362
    2400
    2383
    2226
    2318
    2337
    2189
    2228
    2254
    2159
    2258
    2238
    2117
    2119
    2108
    2088
    2074
    2124
    2048
    2003
    2078
    2029
    2050
    2018
    2031
    2004
    1958
    1955
    1888
    1931
    1919
    1985
    1887
    1973
    1870
    1961
    1859
    1821
    1836
    1914
    1820
    1725
    1808
    1768
    1769
    1811
    1679
    1776
    1739
    1720
    1661
    1752
    1722
    1654
    1566
    1691
    1653
    1598
    1687
    1589
    1639
    1639
    1561
    1612
    1587
    1545
    1509
    1510
    1472
    1498
    1464
    1482
    1534
    1473
    1411
    1499
    1446
    1405
    1391
    1424
    1396
    1349
    1364
    1412
    1367
    1315
    1246
    1360
    1321
    1290
    1327
    1266
    1336
    1299
    1352
    1224
    1281
    1202
    1206
    1249
    1279
    1176
    1188
    1128
    1134
    1175
    1149
    1179
    1164
    1148
    1156
    1139
    1128
    1084
    1080
    1093
    1042
    1082
    1029
    1044
    1012
    1017
    1007
     990
     999
    1003
     992
     997
     949
     973
     932
    1062
     981
     942
     950
     958
     868
     965
     899
     878
     935
     917
     897
     922
     893
     833
     833
     862
     862
     901
     873
     821
     840
     764
     799
     828
     794
     735
     761
     754
     780
     803
     769
     727
     723
     785
     712
     789
     759
     720
     668
     668
     702
     652
     714
     677
     673
     673
     715
     705
     675
     605
     625
     630
     660
     647
     620
     647
     593
     593
     630
     580
     629
     586
     596
     569
     563
     582
     543
     546
     543
     534
     557
     579
     511
     523
     532
     564
     500
     522
     482
     512
     526
     514
     500
     463
     474
     466
     461
     486
     449
     429
     443
     492
     471
     476
     447
     411
     428
     435
     445
     406
     430
     428
     423
     429
     426
     376
     410
     388
     389
     384
     395
     364
     386
     342
     335
     349
     348
     337
     340
     363
     342
     343
     319
     325
     332
     316
     297
     314
     272
     323
     308
     291
     310
     277
     270
     294
     263
     266
     235
     257
     264
     239
     262
     224
     250
     273
     239
     248
     243
     244
     216
     225
     227
     195
     215
     241
     236
     222
     181
     202
     212
     192
     178
     198
     176
     208
     180
     208
     180
     193
     181
     162
     163
     164
     172
     167
     150
     160
     163
     137
     142
     137
     145
     144
     162
     153
     145
     128
     132
     143
     141
     145
     129
     121
     136
     118
     118
     128
     109
     149
     101
     122
     126
     130
     118
     123
     124
      88
     136
     100
     105
     107
      95
      97
      99
      92
     100
     110
      86
      90
      99
      75
      84
     102
      79
      81
      82
      69
      71
      89
      88
      82
      67
      62
      60
      69
      55
      79
      73
      73
      60
      62
      66
      72
      64
      69
      77
      76
      71
      69
      67
      58
      78
      68
      52
      62
      62
      62
      65
      59
      62
      42
      65
      54
      49
      59
      56
      49
      64
      52
      50
      55
      38
      39
      40
      52
      42
      55
      39
      53
      50
      49
      51
      40
      48
      41
      36
      58
      40
      44
      41
      39
      50
      33
      55
      41
      42
      42
      29
      42
      42
      26
      43
      38
      49
      26
      38
      28
      43
      36
      38
      47
      44
      33
      31
      36
      32
      34
      45
      45
      42
      31
      26
      41
      31
      34
      36
      34
      36
      34
      30
      33
      34
      22
      41
      30
      29
      22
      37
      32
      29
      17
      38
      38
      34
      33
      29
      27
      26
      40
      21
      38
      27
      39
      27
      15
      36
      43
      22
      31
      25
      27
      36
      23
      33
      29
      21
      22
      30
      30
      24
      27
      20
      23
      24
      22
      32
      20
      27
      21
      26
      23
      24
      24
      31
      23
      31
      33
      31
      25
      23
      27
      25
      23
      25
      23
      18
      13
      19
      29
      23
      19
      18
      22
      23
      16
      23
      22
      22
      16
      20
      18
      19
      19
      27
      19
      20
      23
      13
      20
      16
      23
      22
      22
      11
      21
      22
      29
      26
      19
      29
      17
      16
      26
      19
      27
      16
      17
      20
      18
      22
      13
      17
      23
      14
      18
      15
      25
      19
      15
      19
      22
      26
      32
      18
      22
       9
      17
      14
      12
      16
      17
      17
      19
      23
      21
      17
      18
      21
      20
      22
      20
      18
      22
      19
      18
      20
      13
      13
      19
      13
      16
      24
      13
      18
      19
      15
      12
      12
      12
      13
      23
      21
      16
      16
      20
      11
      16
      11
      16
      10
      11
      14
      19
       9
      17
      16
      14
      15
      15
       9
      20
      12
      18
      10
      14
      22
      21
      13
      14
      14
      19
      19
       9
      20
      15
      21
      14
      16
      16
      14
      16
      26
      14
      17
      13
      15
      15
      11
      12
      15
      13
       9
      10
      14
      14
      13
      13
      14
      17
      10
      14
       9
      16
      12
       8
      10
      12
      12
      17
      12
      17
      10
      14
      10
       9
       9
       7
      10
      11
      13
       4
      16
      16
      12
       9
      16
      17
       8
      15
      10
      14
      10
      12
       9
       7
      14
      10
      14
      13
       9
      15
      13
      12
      12
       5
      15
      12
      17
      14
      11
       7
      11
      11
      14
       9
      13
      14
      10
      19
      12
      13
       5
       6
       7
      13
       5
       6
      16
      11
       4
      13
      10
      10
       6
      14
      13
       3
       8
      10
       8
      16
      10
      12
      10
      11
      13
      10
      13
      10
       3
       7
       8
      10
      13
       7
       8
      13
      14
       6
       6
       8
       7
       6
       4
      15
      13
       7
       6
      10
       7
      12
       9
       5
       6
      10
      14
      12
      10
      17
      10
      12
      10
       6
      11
       7
      10
      15
       6
       8
       9
       9
      10
      11
       8
       7
       8
       4
       4
       9
       8
       5
      10
       5
       6
       5
      10
       6
       8
       8
       6
      12
      14
      10
       7
      16
       9
       3
      10
       5
      10
       9
       6
       4
       9
       7
       5
      11
      11
       6
       7
       9
       8
       6
      10
       8
       8
      11
       9
       5
      10
      11
       6
       5
       7
       4
      10
       7
       9
       6
       9
       8
       8
      13
      13
       6
       6
       9
       7
       7
       8
       4
       2
       9
       7
      13
       6
       9
       8
       7
       8
       8
       2
       7
       7
       4
       7
       4
       6
       9
       9
      12
       6
       7
      10
       6
      14
       6
      10
       9
       5
       3
       3
       8
       4
      11
      11
       5
       7
       8
       7
       8
       5
      12
       8
       7
       7
       8
      10
       7
       8
       4
       7
       9
       4
       4
       5
       9
       4
      10
      10
       8
       5
       9
       5
       6
       7
       6
       4
       4
      11
       4
       3
       9
       7
       6
       7
       3
       9
       2
       6
       6
       6
       7
       9
       6
       5
       3
       4
       6
       4
      10
       4
       9
       7
       9
      11
       9
       5
       5
       4
       6
       3
       5
       5
       3
       5
       3
       7
       6
       6
       4
       5
       5
       1
       9
       4
       5
       4
       3
       4
       7
       6
       3
       6
       5
       7
       5
       8
       6
       6
       4
       5
      11
       6
       4
       7
       4
       6
       3
       6
       4
       9
       9
       7
       2
       6
       4
       4
       3
       3
       3
       8
       6
       7
       3
       3
       5
       5
       3
       8
       5
      13
       3
       5
       6
       2
       4
       4
       5
       6
       5
       6
       6
       1
       8
       4
       3
       5
       8
       4
       5
       3
       4
       1
       4
       4
       6
       2
       2
       6
       2
       3
       7
       6
       4
       7
       2
       7
       4
       4
       5
      10
       6
       5
       2
       2
       5
       3
      10
       8
       4
       9
       8
       3
       6
       5
       4
       6
       6
       3
       5
       4
       3
       7
       4
       1
       1
       7
       4
       5
       5
       5
       6
       7
       5
       4
       0
       2
       3
       5
       5
       4
       5
       3
       5
       4
       2
       4
       6
      10
       3
       2
       1
       2
       4
       2
       2
       4
       5
       3
       3
       3
       5
       4
       2
       5
       5
       1
       2
       7
       5
       6
       0
       2
       5
       3
       4
       1
       3
       3
       6
       4
       2
       3
       5
       2
       3
       6
       1
       7
       3
       5
       4
       3
       6
       7
       6
       7
       2
       4
       5
       3
       2
       3
       7
       4
       5
       3
       6
       8
       3
       4
       1
       6
       5
       7
       3
       3
       2
       2
       3
       6
       4
       7
       5
       5
       6
       4
       5
       4
       2
       2
       2
       2
       3
       4
       2
       7
       5
       2
       4
       8
       2
       3
       2
       2
       1
       6
       2
       2
       7
       1
       4
       4
       4
       2
       2
       3
       4
       4
       4
       4
       0
       2
       2
       2
       3
       9
       5
       4
       3
       4
       3
       6
       2
       3
       3
       6
       2
       6
       2
       5
       3
       3
       1
       3
       4
       2
       1
       2
       5
       6
       1
       2
       4
       2
       4
       0
       1
       1
       3
       3
       3
       3
       2
       4
       4
       1
       7
       4
       2
       4
       3
       4
       1
       2
       3
       5
       1
       4
       2
       1
       3
       2
       2
       3
       1
       2
       4
       3
       2
       3
       3
       3
       0
       4
       3
       3
       5
       2
       6
       5
       3
       3
       4
       1
       4
       3
       1
       1
       5
       1
       3
       5
       4
       2
       0
       4
       1
       5
       2
       3
       5
       1
       1
       7
       2
       3
       4
       5
       2
       0
       2
       4
       3
       3
       1
       1
       4
       6
       5
       3
       1
       2
       3
       3
       1
       5
       1
       0
       5
       4
       1
       3
       4
       3
       2
       3
       7
       3
       2
       3
       2
       2
       0
       0
       4
       0
       1
       2
       3
       5
       0
       7
       0
       3
       1
       2
       3
       5
       4
       1
       1
       2
       0
       2
       2
       1
       2
       8
       1
       3
       1
       1
       0
       4
       3
       2
       2
       1
       7
       5
       4
       0
       3
       2
       0
       1
       4
       4
       3
       0
       3
       2
       3
       3
       3
       5
       4
       0
       3
       5
       3
       1
       1
       1
       0
       1
       0
       3
       0
       2
       2
       3
       0
       5
       1
       0
       7
       2
       5
       0
       2
       0
       2
       1
       4
       3
       1
       2
       3
       2
       4
       4
       7
       3
       2
       1
       3
       1
       3
       3
       1
       2
       0
       0
       2
       1
       2
       1
       2
       4
       0
       0
       1
       2
       1
       0
       2
       2
       1
       2
       2
       2
       7
       3
       4
       0
       3
       3
       2
       3
       2
       1
       1
       4
       4
       4
       0
       3
       1
       1
       0
       0
       2
       2
       4
       1
       3
       1
       2
       4
       3
       6
       3
       2
       2
       2
       3
       5
       3
       3
       0
       2
       0
       2
       1
       2
       0
       3
       0
       1
       2
       3
       6
       1
       7
       1
       0
       3
       4
       1
       0
       2
       1
       0
       1
       0
       4
       1
       3
       2
       0
       1
       3
       2
       0
       1
       2
       2
       3
       0
       2
       2
       2
       1
       0
       1
       2
       2
       1
       4
       3
       2
       3
       5
       2
       0
       2
       0
       1
       2
       4
       1
       4
       3
       4
       1
       4
       2
       3
       2
       2
       1
       1
       2
       1
       2
       3
       0
       4
       2
       2
       2
       4
       0
       1
       2
       1
       2
       0
       2
       0
       0
       1
       1
       1
       0
       1
       2
       2
       2
       1
       2
       1
       5
       3
       1
       3
       4
       1
       1
       1
       1
       1
       2
       4
       1
       2
       5
       2
       0
       1
       3
       2
       3
       3
       0
       1
       1
       1
       3
       0
       0
       3
       0
       3
       3
       2
       6
       2
       0
       5
       1
       1
       0
       1
       0
       2
       6
       1
       1
       2
       0
       1
       5
       2
       2
       4
       4
       0
       1
       3
       2
       1
       1
       1
       0
       2
       2
       2
       2
       3
       1
       4
       1
       0
       2
       2
       1
       0
       2
       2
       2
       1
       1
       2
       1
       5
       2
       2
       1
       1
       2
       2
       1
       1
       2
       1
       1
       2
       3
       2
       1
       3
       1
       3
       3
       0
       1
       3
       0
       0
       0
       2
       2
       2
       1
       3
       3
       1
       4
       3
       1
       2
       3
       2
       2
       2
       2
       2
       2
       2
       0
       1
       1
       0
       3
       3
       1
       1
       1
       2
       2
       0
       3
       0
       2
       4
       0
       1
       2
       1
       1
       4
       1
       2
       2
       2
       1
       0
       4
       1
       1
       2
       2
       3
       2
       0
       2
       2
       1
       0
       3
       1
       2
       1
       0
       2
       1
       0
       2
       0
       3
       2
       0
       1
       2
       2
       1
       1
       3
       4
       2
       1
       1
       0
       2
       2
       1
       1
       2
       0
       0
       0
       0
       1
       1
       3
       1
       0
       0
       1
       0
       2
       0
       2
       1
       3
       0
       5
       0
       2
       2
       2
       5
       1
       1
       0
       5
       0
       1
       0
       5
       2
       0
       0
       0
       2
       1
       2
       3
       0
       0
       1
       0
       1
       2
       0
       2
       0
       0
       3
       1
       1
       2
       2
       2
       2
       1
       2
       1
       1
       0
       0
       1
       3
       2
       1
       2
       3
       1
       4
       4
       1
       0
       1
       1
       1
       1
       3
       4
       0
       4
       1
       1
       1
       1
       4
       5
       3
       1
       1
       0
       0
       1
       1
       3
       1
       3
       2
       2
       1
       0
       3
       0
       0
       1
       1
       1
       1
       1
       1
       3
       0
       3
       0
       0
       1
       1
       0
       2
       0
       0
       1
       3
       2
       1
       1
       1
       0
       1
       2
       1
       1
       1
       2
       2
       2
       3
       1
       2
       2
       1
       1
       2
       2
       2
       0
       2
       0
       2
       1
       0
       2
       1
       1
       2
       2
       1
       0
       1
       2
       2
       1
       1
       0
       2
       4
       3
       2
       1
       1
       2
       0
       2
       2
       2
       1
       2
       0
       2
       2
       3
       0
       1
       1
       2
       3
       0
       3
       0
       2
       0
       3
       4
       0
       2
       1
       2
       1
       0
       0
       1
       1
       1
       1
       2
       2
       0
       0
       0
       0
       0
       0
       0
       0
       0
       0
       0
       0
       0
       0
       0
       0
       0
       0
       0
       0
       0
       0
       0
       0
       0
       0
       0
       0
       0
       0
       0
       0
       0
       0
       0
       0
       0
       0
       0
       0
       0
       0
       0
       0
       0
       0
       0
       0
       0
       0
       0
       0
       0
       0
       0
       0
       0
       0
       0
       0
       0
       0
       0
       0
       0
       0
       0
       0
       0
       0
       0
       0
       0
       0
       0
       0
       0
       0
       0
       0
       0
       0
       0
       0
       0
       0
       0
       0
       0
       0
       0
       0
       0
       0
       0
       0
       0
       0
       0
       0
       0
       0
       0
       0
       0
       0
       0
       0
       0
       0
       0
       0
       0
       0
       0
       0
       0
       0
       0
       0
       0
       0
       0
       0
       0
       0
       0
       0
       0
       0
       0
       0
       0
       0
       0
       0
       0
       0
       0
       0
       0
       0
       0
       0
       0
       0
       0
       0
       0
       0
       0
       0
       0
       0
       0
       0
       0
       0
       0
       0
       0
       0
       0
       0
       0
       0
       0
       0
       0
       0
       0
       0
       0
       0
       0
       0
       0
       0
       0
       0
       0
       0
       0
       0
       0
       0
       0
       0
       0
       0
       0
       0
       0
       0
       0
       0
       0
       0
       0
       0
       0
       0
       0
       0
       0
       0
       0
       0
       0
       0
       0
       0
       0
       0
       0
       0
       0
       0
       0
       0
       0
       0
       0
       0
       0
       0
       0
       0
       0
       0
       0
       0
       0
       0
       0
       0
       0
       0
       0
       0
       0
       0
       0
       0
       0
       0
       0
       0
       0
       0
       0
       0
       0
       0
       0
       0
       0
       0
       0
       0
       0
       0
       0
       0
       0
       0
       0
       0
       0
       0
       0
       0
       0
       0
       0
       0
       0
       0
       0
       0
       0
       0
       0
       0
       0
       0
       0
       0
       0
       0
       0
       0
       0
       0
       0
       0
       0
       0
       0
       0
       0
       0
       0
       0
       0
       0
       0
       0
       0
       0
       0
       0
       0
       0
       0
       0
       0
       0
       0
       0
       0
       0
       0
       0
       0
       0
       0
       0
       0
       0
       0
       0
       0
       0
       0
       0
       0
       0
       0
       0
       0
       0
       0
       0
       0
       0
       0
       0
       0
       0
       0
       0
       0
       0
       0
       0
       0
       0
       0
       0
       0
       0
       0
       0
       0
       0
       0
       0
       0
       0
       0
       0
       0
       0
       0
       0
       0
       0
       0
       0
       0
       0
       0
       0
       0
       0
       0
       0
       0
       0
       0
       0
       0
       0
       0
       0
       0
       0
       0
       0
       0
       0
       0
       0
       0
       0
       0
       0
       0
       0
       0
       0
       0
       0
       0
       0
       0
       0
       0
       0
       0
       0
       0
       0
       0
       0
       0
       0
       0
       0
       0
       0
       0
       0
       0
       0
       0
       0
       0
       0
       0
       0
       0
       0
       0
       0
       0
       0
       0
       0
       0
       0
       0
       0
       0
       0
       0
       0
       0
       0
       0
       0
       0
       0
       0
       0
       0
       0
       0
       0
       0
       0
       0
       0
       0
       0
       0
       0
       0
       0
       0
       0
       0
       0
       0
       0
       0
       0
       0
       0
       0
       0
       0
       0
       0
       0
       0
       0
       0
       0
       0
       0
       0
       0
       0
       0
       0
       0
       0
       0
       0
       0
       0
       0
       0
       0
       0
       0
       0
       0
       0
       0
       0
       0
       0
       0
       0
       0
       0
       0
       0
       0
       0
       0
       0
       0
       0
       0
       0
       0
       0
       0
       0
       0
       0
       0
       0
       0
       0
       0
       0
       0
       0
       0
       0
       0
       0
       0
       0
       0
       0
       0
       0
       0
       0
       0
       0
       0
       0
       0
       0
       0
       0
       0
       0
       0
       0
       0
       0
       0
       0
       0
       0
       0
       0
       0
       0
       0
       0
       0
       0
       0
       0
       0
       0
       0
       0
       0
       0
       0
       0
       0
       0
       0
       0
       0
       0
       0
       0
       0
       0
       0
       0
       0
       0
       0
       0
       0
       0
       0
       0
       0
       0
       0
       0
       0
       0
       0
       0
       0
       0
       0
       0
       0
       0
       0
       0
       0
       0
       0
       0
       0
       0
       0
       0
       0
       0
       0
       0
       0
       0
       0
       0
       0
       0
       0
       0
       0
       0
       0
       0
       0
       0
       0
       0
       0
       0
       0
       0
       0
       0
       0
       0
       0
       0
       0
       0
       0
       0
       0
       0
       0
       0
       0
       0
       0
       0
       0
       0
       0
       0
       0
       0
       0
       0
       0
       0
       0
       0
       0
       0
       0
       0
       0
       0
       0
       0
       0
       0
       0
       0
       0
       0
       0
       0
       0
       0
       0
       0
       0
       0
       0
       0
       0
       0
       0
       0
       0
       0
       0
       0
       0
       0
       0
       0
       0
       0
       0
       0
       0
       0
       0
       0
       0
       0
       0
       0
       0
       0
       0
       0
       0
       0
       0
       0
       0
       0
       0
       0
       0
       0
       0
       0
       0
       0
       0
       0
       0
       0
       0
       0
       0
       0
       0
       0
       0
       0
       0
       0
       0
       0
       0
       0
       0
       0
       0
       0
       0
       0
       0
       0
       0
       0
       0
       0
       0
       0
       0
       0
       0
       0
       0
       0
       0
       0
       0
       0
       0
       0
       0
       0
       0
       0
       0
       0
       0
       0
       0
       0
       0
       0
       0
       0
       0
       0
       0
       0
       0
       0
       0
       0
       0
       0
       0
       0
       0
       0
       0
       0
       0
       0
       0
       0
       0
       0
       0
       0
       0
       0
       0
       0
       0
       0
       0
       0
       0
       0
       0
       0
       0
       0
       0
       0
       0
       0
       0
       0
       0
       0
       0
       0
       0
       0
       0
       0
       0
       0
       0
       0
       0
       0
       0
       0
       0
       0
       0
       0
       0
       0
       0
       0
       0
       0
       0
       0
       0
       0
       0
       0
       0
       0
       0
       0
       0
       0
       0
       0
       0
       0
       0
       0
       0
       0
       0
       0
       0
       0
       0
       0
       0
       0
       0
       0
       0
       0
       0
       0
       0
       0
       0
       0
       0
       0
       0
       0
       0
       0
       0
       0
       0
       0
       0
       0
       0
       0
       0
       0
       0
       0
       0
       0
       0
       0
       0
       0
       0
       0
       0
       0
       0
       0
       0
       0
       0
       0
       0
       0
       0
       0
       0
       0
       0
       0
       0
       0
       0
       0
       0
       0
       0
       0
       0
       0
       0
       0
       0
       0
       0
       0
       0
       0
       0
       0
       0
       0
       0
       0
       0
       0
       0
       0
       0
       0
       0
       0
       0
       0
       0
       0
       0
       0
       0
       0
       0
       0
       0
       0
       0
       0
       0
       0
       0
       0
       0
       0
       0
       0
       0
       0
       0
       0
       0
       0
       0
       0
       0
       0
       0
       0
       0
       0
       0
       0
       0
       0
       0
       0
       0
       0
       0
       0
       0
       0
       0
       0
       0
       0
       0
       0
       0
       0
       0
       0
       0
       0
       0
       0
       0
       0
       0
       0
       0
       0
       0
       0
       0
       0
       0
       0
       0
       0
       0
       0
       0
       0
       0
       0
       0
       0
       0
       0
       0
       0
       0
       0
       0
       0
       0
       0
       0
       0
       0
       0
       0
       0
       0
       0
       0
       0
       0
       0
       0
       0
       0
       0
       0
       0
       0
       0
       0
       0
       0
       0
       0
       0
       0
       0
       0
       0
       0
       0
       0
       0
       0
       0
       0
       0
       0
       0
       0
       0
       0
       0
       0
       0
       0
       0
       0
       0
       0
       0
       0
       0
       0
       0
       0
       0
       0
       0
       1
       0
       0
       0
       0
       0
       0
       0
       0
       0
       0
       0
       0
       0
       1
       0
       0
       1
       0
       0
       0
       0
       0
       0
       0
       0
       0
       0
       0
       0
       1
       0
       0
       0
       0
       0
       0
       0
       0
       0
       0
       0
       0
       0
       0
       0
       0
       0
       0
       0
       0
       0
       0
       0
       0
       0
       0
       0
       0
       0
       0
       0
       0
       0
       0
       0
       0
       0
       0
       0
       0
       0
       0
       0
       0
       0
       0
       0
       0
       0
       0
       0
       0
       0
       0
       0
       0
       0
       0
       0
       1
       0
       0
       0
       0
       0
       0
       0
       0
       0
       0
       0
       0
       0
       0
       0
       0
       0
       0
       0
       0
       0
       0
       0
       0
       0
       0
       0
       0
       0
       0
       0
       0
       0
       0
       0
       0
       0
       0
       0
       0
       0
       0
       0
       0
       1
       0
       0
       0
       0
       0
       0
       0
       0
       0
       0
       0
       1
       0
       0
       0
       0
       0
       0
       0
       0
       0
       0
       0
       0
       0
       0
       1
       0
       0
       0
       0
       0
       0
       0
       0
       0
       1
       0
       1
       0
       0
       0
       0
       0
       0
       0
       1
$ROI:
1
4741 6178
$PRESETS:
Real Time
100000
0
$ENER_FIT:
0.000000 1.000000
$MCA_CAL:
3
0.000000E+000 1.000000E+000 0.000000E+000 keV
$SHAPE_CAL:
3
0.000000E+000 0.000000E+000 0.000000E+000
