[0,00<->2000,00]
303
312
338
381
339
304
352
392
343
352
318
388
359
317
353
404
365
376
326
347
389
321
308
292
409
303
343
288
341
292
298
344
322
363
332
326
369
345
344
383
326
318
317
298
341
367
271
331
326
326
324
276
343
338
309
385
350
353
375
314
306
309
366
316
300
295
333
311
269
296
317
271
315
287
276
307
280
284
270
297
304
301
289
284
333
338
302
304
313
289
275
292
308
277
287
265
295
333
248
326
245
268
261
270
257
272
315
290
238
281
220
270
227
260
223
219
221
303
264
232
236
233
213
216
224
231
219
194
241
225
239
219
275
241
220
218
225
210
230
192
211
173
178
238
166
166
190
210
186
162
159
208
153
179
193
191
188
159
162
178
152
185
165
174
117
169
190
175
153
145
157
190
123
123
147
174
137
182
139
110
109
161
136
104
137
148
144
151
112
106
122
173
145
125
153
152
118
112
92
148
121
112
102
133
125
75
118
95
107
102
86
129
97
54
86
62
81
52
60
65
89
43
46
29
44
82
59
46
47
83
53
40
57
31
36
52
28
34
29
29
19
63
56
30
38
45
49
28
18
43
50
14
22
24
62
10
16
46
36
24
20
24
18
50
32
19
17
7
56
12
17
13
56
15
22
8
8
41
42
8
23
24
41
17
7
14
40
18
16
53
7
9
40
31
13
12
25
27
17
15
35
48
13
9
37
7
7
2
38
6
12
39
35
0
5
47
32
16
7
33
30
4
5
7
27
18
36
4
7
24
49
9
7
27
27
10
4
16
23
5
6
15
49
3
0
1
22
11
7
8
19
7
18
2
5
4
34
6
4
1
1
27
17
5
2
14
9
1
19
16
3
4
33
9
4
4
21
13
19
12
3
5
11
19
2
4
13
19
11
3
3
17
3
6
3
18
2
2
2
13
10
19
7
3
12
11
0
1
9
2
11
9
3
4
8
12
2
5
2
9
6
3
4
8
1
1
10
5
9
9
6
2
3
6
2
4
5
4
7
3
3
3
5
4
3
7
9
4
2
4
1
6
4
2
8
6
4
6
5
6
2
3
9
5
7
1
5
3
4
1
4
7
2
0
8
8
5
4
3
1
3
5
4
3
2
4
5
2
4
1
4
1
4
5
1
4
1
3
0
4
3
4
2
4
2
2
4
5
4
3
4
2
1
4
2
1
3
7
3
2
2
2
2
1
5
1
4
5
3
1
3
2
1
2
2
1
3
4
5
5
4
4
2
5
3
3
4
2
3
5
3
3
1
1
2
4
3
1
4
5
2
1
1
9
3
4
4
5
4
2
2
1
5
1
5
2
4
2
3
2
2
1
4
5
2
3
3
1
6
3
3
8
7
5
4
4
2
5
7
6
3
0
4
6
3
7
2
4
3
3
3
3
1
2
4
3
2
2
1
1
0
1
4
5
2
3
4
4
5
4
6
5
1
4
3
3
5
4
3
2
3
6
2
2
0
3
7
2
4
5
3
10
9
4
3
3
2
2
2
6
3
6
3
6
8
2
2
1
7
3
1
4
5
1
5
5
3
3
4
6
5
3
7
4
5
3
4
7
5
6
3
6
5
3
2
3
3
2
2
5
4
2
4
5
2
4
1
2
3
1
7
6
4
3
3
4
2
4
3
6
4
7
1
1
3
3
8
4
1
5
4
4
5
4
4
4
4
1
6
12
4
2
5
3
4
3
10
6
5
5
2
1
3
6
3
6
5
2
3
8
5
4
1
9
3
2
5
6
4
7
3
4
3
2
2
5
2
7
3
6
6
5
7
4
6
3
4
5
5
2
3
4
5
7
8
1
1
3
2
3
3
2
7
2
7
7
2
5
3
2
3
5
3
6
4
7
2
3
2
1
7
4
4
3
4
5
5
7
0
8
5
3
0
3
6
0
4
7
1
1
4
2
3
8
8
4
3
3
4
2
4
7
4
5
6
6
5
2
8
3
2
4
7
1
4
3
2
6
2
5
6
5
4
6
8
3
3
2
1
4
1
5
7
4
5
5
4
4
9
6
4
1
9
5
4
5
4
5
5
8
9
3
7
7
0
5
7
6
4
5
2
3
3
7
6
4
1
5
4
4
4
3
3
2
3
6
4
4
3
4
4
3
3
5
2
6
7
5
1
6
2
6
4
3
3
2
2
6
7
2
1
8
4
2
3
4
5
3
4
4
5
3
5
2
4
4
2
6
6
5
4
5
3
2
6
4
5
6
4
4
5
2
3
4
4
3
1
3
7
3
5
6
6
1
6
4
5
2
6
6
9
8
3
5
3
4
5
6
7
4
7
9
7
3
4
3
9
7
5
8
3
4
4
3
5
1
7
6
7
4
4
1
5
5
3
5
9
1
5
4
3
4
7
5
3
3
3
8
4
1
4
1
5
6
1
1
2
6
2
3
4
4
3
4
5
4
5
6
5
6
4
2
3
4
6
5
5
5
3
5
7
3
6
6
3
4
5
3
2
4
5
6
6
5
5
7
5
2
1
6
2
3
1
5
3
7
5
3
2
5
3
8
5
3
2
2
5
6
2
4
3
4
5
1
4
93
5
6
3
5
5
2
7
6
3
1
0
6
5
5
5
4
1
3
3
4
4
10
4
5
3
3
4
5
3
1
7
4
3
3
3
6
9
1
4
8
1
5
6
2
6
6
3
11
4
4
3
5
1
6
5
4
5
5
5
4
2
8
3
4
6
4
4
4
3
4
1
1
2
8
3
5
6
3
7
3
6
6
4
5
7
3
3
6
3
5
2
5
7
7
6
5
3
5
2
1
2
11
4
3
3
4
5
8
4
3
6
4
2
0
6
3
4
2
3
8
2
5
2
6
3
5
4
4
6
5
4
2
5
6
2
6
5
7
6
3
4
6
2
4
6
6
4
1
5
1
9
7
1
7
6
3
6
5
8
7
7
3
8
1
4
4
6
7
5
5
4
3
8
10
6
2
4
1
5
6
5
2
1
2
7
7
1
4
3
2
2
12
5
7
7
5
3
7
2
2
6
2
6
3
6
6
7
4
5
2
5
3
3
5
5
3
4
7
4
6
9
4
2
2
8
6
8
5
8
4
6
4
3
6
6
3
3
3
6
7
4
3
2
9
2
6
1
6
4
4
5
9
0
3
5
1
3
4
5
2
3
6
4
3
4
4
6
2
6
3
5
2
11
3
3
4
5
2
4
3
2
5
4
2
3
3
4
3
0
8
5
4
5
2
12
4
8
2
4
5
4
6
4
1
0
2
5
5
6
1
3
7
3
5
5
6
8
4
1
5
1
2
3
7
0
5
4
6
3
9
1
2
5
8
5
4
4
6
6
2
6
2
4
4
4
4
6
4
3
5
5
2
3
3
5
7
5
8
0
4
9
6
10
6
6
5
7
1
6
2
3
2
3
3
