[0,00<->2000,00]
415
433
422
444
432
388
451
414
448
431
430
423
431
392
381
402
500
445
374
424
458
455
414
489
457
452
453
412
410
456
399
418
387
368
385
430
433
423
390
419
442
437
413
388
418
421
434
423
443
415
407
456
446
454
459
430
467
420
408
362
422
419
422
433
422
395
421
341
370
401
393
325
353
385
378
328
362
343
359
343
354
278
249
271
224
221
184
214
246
235
250
271
326
274
300
292
295
354
338
328
326
380
347
355
394
349
332
358
309
331
373
321
376
321
354
336
411
350
366
364
322
317
340
317
377
293
246
228
248
220
214
237
290
319
310
283
282
233
238
284
260
228
220
265
246
248
219
221
213
204
197
200
193
177
171
161
161
154
156
157
160
147
132
137
125
131
129
122
128
175
146
116
141
130
159
134
174
163
146
164
168
187
174
167
179
182
204
169
188
188
166
198
176
194
204
227
187
184
188
196
243
201
214
234
184
204
179
225
234
157
182
191
223
187
188
187
189
166
165
165
198
153
162
152
159
184
188
127
163
146
167
139
141
125
142
162
141
165
160
141
134
155
145
121
137
130
149
143
147
147
136
160
125
115
166
135
149
133
138
146
120
150
138
121
134
140
140
154
121
143
148
124
154
175
138
137
138
158
147
144
140
140
153
156
126
157
171
148
126
160
135
132
119
157
120
142
141
165
136
145
148
147
145
120
175
155
141
142
135
154
139
143
165
127
141
131
151
139
140
118
138
146
159
142
132
152
132
156
136
130
139
140
144
127
140
148
154
150
109
128
136
129
130
167
162
150
136
132
127
131
124
147
141
136
130
128
139
140
142
140
130
136
147
110
126
145
137
147
137
134
159
136
160
141
154
135
130
127
145
137
138
133
131
138
133
125
123
133
156
117
136
139
158
158
135
110
117
116
131
128
140
138
158
128
125
134
149
129
138
142
143
142
127
146
125
134
119
136
163
140
146
139
126
107
110
131
146
139
124
140
133
144
121
133
128
142
151
144
128
134
133
142
137
136
123
144
149
128
123
148
134
141
127
147
139
151
146
126
130
127
119
121
111
134
155
146
145
152
123
121
148
146
122
123
133
145
130
142
144
147
135
92
132
124
154
122
143
150
143
123
120
128
147
165
122
143
130
128
139
137
136
148
138
156
114
127
166
137
139
95
122
144
151
141
127
136
129
127
146
137
133
122
138
138
128
113
128
126
156
126
141
136
116
145
151
150
145
117
113
137
148
134
148
146
122
137
122
130
120
137
140
142
136
126
141
136
133
146
156
157
149
150
120
124
149
128
141
153
144
155
138
119
144
127
120
133
148
144
136
132
161
152
135
128
144
152
132
114
139
140
125
129
122
145
128
116
118
132
137
132
141
151
119
130
129
151
127
130
143
135
129
146
135
164
154
139
146
142
142
126
131
141
127
138
140
126
139
120
121
150
121
128
140
136
151
140
135
145
150
158
140
141
149
167
130
145
143
136
135
128
134
142
135
133
129
148
128
127
144
141
139
142
149
125
135
160
136
116
132
150
147
106
134
152
152
146
154
145
147
134
111
143
117
136
156
137
129
118
158
130
161
134
145
134
141
133
116
143
130
135
117
156
131
149
133
121
135
114
140
130
140
133
119
129
149
135
121
119
117
132
134
145
137
156
147
133
118
129
141
134
136
133
140
127
142
160
133
133
148
135
132
138
126
107
145
125
141
124
126
149
134
155
130
151
132
131
145
141
134
140
150
179
135
140
128
147
134
148
132
137
142
133
133
189
134
142
125
150
127
124
123
121
126
129
126
127
132
131
139
128
142
131
129
111
128
131
154
141
130
133
127
143
133
123
133
125
116
159
148
137
126
138
123
153
116
133
138
123
141
110
164
141
142
168
111
156
120
146
148
157
142
120
139
141
173
140
125
145
125
135
144
132
131
138
148
156
147
142
128
134
146
145
120
140
118
139
142
145
128
123
133
133
141
138
157
146
170
140
127
140
142
155
135
156
126
137
123
116
171
158
155
142
126
121
133
136
130
144
153
140
145
135
149
139
147
131
144
154
136
151
135
144
127
135
146
126
147
128
122
153
121
129
106
138
140
134
141
115
118
121
120
118
146
133
128
143
146
144
148
126
131
129
134
128
147
137
154
123
133
135
134
144
123
142
124
135
142
156
142
134
162
136
160
138
142
134
129
145
140
156
146
144
140
120
133
141
154
139
143
158
146
124
134
131
123
123
150
120
129
142
134
143
137
123
156
138
139
137
150
146
125
165
140
131
129
136
148
120
130
152
149
151
136
141
135
147
147
123
159
158
136
118
150
125
137
129
146
145
141
125
137
126
133
131
150
133
125
140
127
133
134
146
149
146
157
145
138
146
128
144
149
140
136
127
131
131
128
162
126
146
134
126
133
151
131
137
151
132
142
144
129
144
136
116
137
143
151
144
122
151
136
134
130
142
145
157
136
138
145
116
134
160
144
122
123
146
155
149
140
125
138
139
120
107
141
117
147
132
121
148
139
152
135
126
121
133
137
142
147
132
125
124
139
153
142
144
130
134
127
133
136
140
175
120
122
139
130
124
137
156
148
137
126
133
144
135
122
150
149
150
189
162
125
125
134
131
152
150
159
132
164
149
165
144
178
145
134
136
147
137
152
149
143
137
145
156
131
137
150
126
120
156
143
140
137
130
139
133
134
123
120
130
136
132
137
152
137
145
132
143
140
155
140
134
127
130
128
141
141
153
133
155
145
123
148
131
130
153
130
134
128
154
120
130
143
143
146
139
128
137
141
134
132
141
114
158
137
136
134
152
114
139
125
149
117
148
133
144
156
107
141
136
130
128
122
133
140
127
139
139
126
105
129
151
151
142
144
147
144
134
131
144
131
121
114
126
143
138
119
121
130
133
130
143
133
136
138
127
132
142
126
126
125
129
133
148
146
126
132
136
137
134
147
138
126
136
141
145
148
148
131
140
152
139
143
167
132
121
144
160
125
155
104
147
139
118
136
139
131
132
140
132
141
125
143
145
143
126
143
148
135
137
154
134
139
142
138
125
157
142
128
128
141
116
143
137
131
139
136
154
128
129
127
150
136
140
143
139
152
147
153
141
131
144
132
153
150
129
141
138
127
127
145
144
150
147
154
152
137
143
131
111
129
164
152
145
126
130
136
137
150
150
132
134
151
130
148
118
136
136
136
126
112
174
117
135
140
119
153
123
134
133
124
142
139
154
133
132
121
132
142
164
111
143
141
123
133
139
142
133
139
144
140
125
156
137
104
141
126
130
139
134
133
148
147
132
146
133
127
145
136
159
137
131
110
132
146
117
152
120
147
132
129
111
136
138
128
127
135
132
139
151
161
129
143
134
161
137
137
118
145
127
110
139
151
143
128
166
138
125
125
136
129
140
132
128
134
134
161
141
