[0,00<->2000,00]
301
313
290
300
292
264
321
262
287
298
302
296
310
250
245
255
360
326
246
295
301
324
276
326
315
319
312
271
262
318
257
277
258
252
251
281
283
289
268
304
318
286
282
251
296
297
309
295
320
296
280
306
316
318
334
265
323
294
285
232
271
252
298
287
273
248
262
234
238
252
264
191
230
257
251
201
220
225
228
199
185
153
103
106
87
86
63
56
101
79
112
109
182
142
158
160
176
226
200
186
189
238
195
218
246
215
201
225
184
195
212
190
202
205
208
217
249
220
210
230
181
178
197
172
230
156
112
96
115
91
84
103
156
163
153
145
131
127
121
147
111
115
98
138
97
95
77
86
90
77
54
60
54
39
34
39
42
33
26
25
16
25
20
3
10
12
9
7
5
15
2
10
4
2
8
8
32
36
22
29
27
59
32
40
61
43
51
61
51
62
45
75
67
34
66
82
66
57
54
76
100
69
70
95
63
66
53
100
85
56
56
65
100
48
55
51
55
50
35
36
69
47
20
24
26
47
64
20
29
32
31
16
20
16
18
25
19
14
22
20
24
26
20
5
16
13
14
15
11
5
17
11
3
4
18
11
5
6
9
19
7
6
5
0
12
5
4
4
11
17
13
5
21
49
6
11
10
14
30
14
4
7
26
16
10
13
36
21
6
30
10
12
10
33
13
17
8
32
5
5
9
17
13
6
29
21
8
6
16
21
6
6
26
2
3
8
18
9
3
3
23
25
2
1
5
20
5
5
5
4
12
6
5
3
8
4
6
4
8
2
4
4
7
3
5
9
9
4
3
1
2
2
3
6
5
4
3
2
0
3
3
4
4
4
1
3
1
6
3
0
6
1
1
9
6
5
0
3
3
1
1
2
2
5
4
4
1
3
7
1
4
7
7
7
5
5
5
3
2
6
3
8
1
2
1
5
9
0
8
7
8
4
3
7
3
3
4
4
6
2
3
4
3
0
2
5
6
7
2
1
7
3
3
4
4
4
6
2
5
2
4
5
2
6
5
1
3
1
0
4
5
9
1
4
7
3
2
1
3
4
2
3
1
7
3
2
2
3
1
2
3
2
2
6
4
4
3
3
1
3
3
1
3
5
3
1
4
3
5
3
1
2
3
2
1
2
3
6
6
2
2
2
4
4
2
0
4
4
3
3
5
0
3
5
5
6
3
2
1
3
5
1
5
1
5
0
3
2
6
4
5
1
1
2
0
6
2
1
3
5
2
0
1
6
2
6
2
2
3
3
1
2
5
2
3
4
3
5
5
5
2
1
1
5
3
3
2
4
4
2
3
2
4
6
3
1
2
2
3
2
4
3
4
2
2
5
2
1
1
5
3
3
5
3
0
2
3
5
3
2
5
6
3
4
7
3
5
4
1
2
3
3
3
3
3
2
6
6
5
1
4
6
3
1
5
3
3
5
4
5
2
3
3
1
4
6
2
6
4
1
5
2
3
4
3
3
4
4
2
6
4
5
5
3
3
3
5
7
2
5
3
4
4
3
4
5
2
1
5
3
3
4
4
3
2
5
5
4
6
11
4
3
1
3
5
2
2
5
6
3
2
3
3
4
3
7
6
10
5
5
2
0
1
1
2
4
4
3
2
7
9
3
2
4
5
8
6
4
2
4
1
8
6
3
3
1
3
4
2
9
5
5
7
5
3
8
0
6
8
8
3
3
3
11
1
5
2
1
4
7
4
4
7
5
5
4
7
0
4
7
2
5
2
4
0
2
4
5
3
6
1
6
2
5
4
4
5
1
1
4
6
3
2
5
2
6
4
5
3
3
4
11
4
4
6
6
10
5
2
4
1
5
4
2
6
5
3
3
6
4
3
5
7
3
6
2
5
1
3
4
4
2
7
3
4
5
5
2
4
3
5
1
3
4
6
5
5
5
5
4
2
2
5
3
2
2
10
5
2
3
8
4
5
4
3
2
3
9
4
3
4
5
6
9
4
6
4
7
7
3
7
6
2
3
2
4
6
1
2
2
10
4
2
7
4
7
2
2
5
6
9
5
2
3
8
5
1
4
1
11
8
1
8
2
7
5
3
1
6
7
3
5
3
2
7
6
5
4
7
5
3
5
6
5
5
4
6
3
5
6
3
6
7
6
6
5
2
2
8
3
4
5
3
4
2
1
4
6
5
2
4
5
2
5
6
6
4
5
7
2
5
4
2
3
5
5
3
8
8
4
11
1
2
7
5
2
3
7
6
6
0
3
2
2
5
6
7
5
6
2
4
5
3
8
6
4
7
4
3
8
4
10
3
7
4
7
7
8
2
7
3
4
7
5
6
3
5
6
10
6
6
2
7
4
2
4
4
2
6
3
4
2
5
5
6
7
3
2
5
2
6
5
4
6
1
6
5
8
4
2
4
3
2
3
8
7
3
2
4
4
8
3
4
5
8
1
7
2
4
2
2
4
3
7
6
6
3
8
6
6
3
6
4
5
2
8
3
3
6
2
9
8
6
4
3
5
4
4
6
7
2
6
5
4
3
5
1
5
6
3
3
7
5
3
6
8
2
6
3
4
6
6
5
5
9
2
5
4
3
5
4
4
3
2
3
3
3
5
8
2
4
5
3
4
2
6
3
6
6
5
6
4
4
3
5
5
3
1
5
3
1
4
6
6
6
6
5
7
5
3
5
7
5
3
2
2
5
3
6
4
3
1
3
7
7
5
5
2
7
2
6
9
2
2
6
8
4
2
2
7
3
6
8
6
3
2
4
6
3
4
5
7
5
6
8
5
11
4
7
5
7
4
3
5
6
6
4
3
4
5
1
3
1
9
3
4
3
2
5
3
3
3
7
6
4
5
2
2
6
6
6
5
0
3
4
6
5
4
0
6
2
4
2
4
5
3
3
3
5
1
8
4
5
8
5
4
5
6
5
2
5
6
4
3
3
1
4
3
5
3
2
4
5
5
2
1
7
4
6
4
7
7
4
5
3
6
6
4
3
3
4
7
1
4
3
4
5
8
3
7
2
1
3
2
2
11
5
2
5
4
6
7
5
5
4
5
1
4
8
4
2
4
2
3
2
4
6
8
2
5
5
3
0
4
8
4
7
7
4
8
6
3
4
1
4
4
3
4
5
4
1
10
1
2
6
4
6
4
5
5
5
4
2
1
1
3
3
2
6
8
3
1
5
5
2
4
6
4
3
5
2
5
3
5
3
5
6
4
5
8
3
3
5
5
5
8
3
4
3
5
8
4
5
2
3
0
6
5
3
3
3
7
6
3
8
2
4
2
6
4
7
7
4
4
3
2
1
5
4
3
4
4
2
1
1
6
5
8
3
1
3
3
4
2
7
7
4
2
2
4
7
5
8
6
5
5
3
5
6
4
2
6
1
12
2
2
2
4
7
7
3
6
3
2
5
4
3
6
8
5
