133667	124000	87000	100333	123000	114000	123333	115333	124667	114667	117667	107333	150333	120333	132667	161667
79099	72070	57409	74985	88474	95274	98350	101074	91414	90871	101986	93900	116298	110826	122628	117503
81013	61945	50360	84243	87880	88553	89355	92187	76996	58914	90204	82557	119120	86686	72983	113396
166414	116831	68029	129105	105110	155666	88709	81406	122103	169609	89029	121529	112747	95322	90606	116021
112156	85996	63392	95053	84431	106360	78298	77310	97834	113850	79082	89917	85003	89995	88459	80348
101422	74522	62435	69900	65369	82914	69109	72310	68606	83968	70551	62551	71937	76574	91179	60276
119839	81228	82461	82111	72783	97275	77990	88250	92095	117758	87268	92425	95120	114313	119993	87140
119561	89393	52698	92143	84769	134850	81900	80494	143417	168179	99516	117074	112161	112128	95447	107210
101781	67737	63357	75259	81159	93321	94052	92451	109815	103522	107424	112270	154661	134244	143760	163609
102696	65564	74055	57310	58671	85502	69355	75005	82683	92878	78992	79298	88142	80462	113041	88366
69683	49093	75128	50771	45164	78928	58615	67035	78109	111043	76750	82346	96996	78177	79219	82048
60855	49936	55952	52109	46689	68845	50166	51134	71164	100338	64170	77135	69836	85141	79254	85178
66281	51507	80511	55742	58315	63523	72057	68321	80601	98958	77122	78320	90342	111409	121248	110327
70317	53734	104613	59349	63421	65755	88815	90066	67352	107897	79134	76495	99548	89373	104291	148805
51486	66318	77742	89225	92411	90584	97277	111250	95376	95960	113270	107855	86927	133265	123413	75019
55126	79109	109949	99134	115286	103855	131212	146719	101909	103188	125885	123725	90417	116778	123065	95974
80161	99346	176729	128931	146082	148453	192853	198024	185224	180890	205548	208337	94871	209803	212462	162427
78810	93636	151851	124049	150589	128738	178067	186659	170984	161100	186466	179967	149832	177943	173575	179467
75551	90488	102483	116647	139241	113622	166028	165356	136177	120745	146812	134977	140504	126373	120424	150231
89579	111750	138063	130806	138031	114474	152648	168305	125564	109626	153593	141748	136108	142878	151748	133981
118343	141087	151414	147043	143712	129877	155257	166471	124448	122287	139664	129738	156787	137078	112278	161564
52418	89150	136882	91411	106756	84826	122209	122910	90870	81448	105117	98936	113109	105067	108472	115642
68915	121703	108342	135723	147544	148192	155661	144692	165776	156569	161301	181225	121622	170052	146980	118611
80633	132944	110364	165836	170242	183198	189599	200511	197096	186142	210910	208989	201239	224453	236525	174600
89626	144308	102445	190752	186041	192235	217590	215251	199847	202661	222730	210477	217831	217676	215246	184607
75395	140922	137860	172223	149901	143355	188629	206237	138199	141351	166946	147623	160424	137879	171766	135595
112739	192857	222330	195975	193151	153277	194251	200604	170312	160651	186628	172067	172781	164674	181986	180832
75444	120654	136465	142285	141163	107800	157697	160593	152036	134676	154563	147514	155156	173698	190181	150992
88432	111507	85747	112622	106156	102278	114516	108208	120825	111139	107321	118209	151396	120265	106203	115587
108264	126418	78285	112691	104077	102389	102177	98721	105743	107472	95127	98780	137005	99933	93404	123735
99240	108967	87603	109053	99478	108077	102984	102215	95331	104393	99689	95111	93368	92504	107366	120566
126357	172880	84575	168863	161342	161468	152135	151050	149698	145776	156456	154417	119284	148984	148912	108961
91901	126889	95125	130394	135122	135105	140605	143634	138896	128568	163325	141767	90384	115396	194330	83467
134046	146873	93995	143929	164454	170863	147547	137178	174116	188963	173998	168332	170827	154592	160458	165513
176981	143809	87933	150147	151536	169961	145743	164178	170035	191725	195866	186091	192045	191069	194836	181384
132396	135577	81935	166058	152543	177247	152159	169395	182751	190317	185304	181243	176921	177937	183165	151526
167446	163097	69100	204986	162699	206517	144970	168795	186160	202663	174269	173055	167935	139293	159614	136958
106564	87131	73950	105175	106590	112830	117931	128414	131559	151517	162176	151697	158416	177208	210376	173594
195164	141276	84467	141047	157936	146764	154156	169772	151243	157117	166205	160383	202198	152330	170520	173828
124673	113335	66749	123913	118624	142560	104040	109342	142277	168489	144130	142060	168786	152160	153119	174335
120704	115961	72714	113508	128190	148460	114332	106750	148021	161292	144238	150205	162890	155611	152404	137291
197205	176488	75691	165851	229456	247348	186025	146261	247467	248382	246686	248017	192223	246851	245831	155207
202086	148218	60230	144906	179544	210276	135890	125842	205384	217268	192717	201359	212683	197536	182220	199100
159596	100301	82529	100525	111519	151650	104579	110057	135633	191712	134819	152779	246857	156611	172579	248858
135202	120260	105627	121861	159111	151176	179147	167745	165256	163677	212405	193273	175488	206047	224657	155517
93440	74831	90911	106181	93578	99785	109663	113013	99211	110430	121701	103754	160317	115366	130991	126560
138791	94763	87304	112311	102915	127811	95336	100491	106917	139949	89558	99134	136891	93059	84627	134081
199142	134119	116200	139403	147925	164439	140004	148070	152495	184900	140295	154651	179223	147116	136884	192666
204477	93451	121129	102004	111174	96175	145936	161023	120157	115594	133095	129062	234620	133518	165762	186256
190785	87537	140140	105786	98396	138984	104969	120166	118323	170111	108201	125223	198529	124273	116517	141254
144767	82786	194122	106832	103583	127623	151958	193441	138654	205102	181363	184257	156716	197355	222288	156293
81557	73704	142406	102585	98121	98399	126537	150374	118344	165331	135313	136734	142876	158185	148863	158719
55144	65824	135785	101875	99917	91646	122552	132336	103429	159444	120460	111613	125960	144152	125104	122338
47242	68503	107515	109664	108562	116219	131722	141796	137858	146477	168365	162113	144126	184367	166938	130986
68986	84088	105407	119426	137461	192453	129210	133444	222353	235733	223563	236961	242344	241335	230891	208197
97768	101664	190558	127003	154505	131932	178128	164779	176446	179206	179863	193572	201634	200703	185860	208332
79578	80432	173247	119746	116533	104418	149940	179432	140951	136182	158860	170541	197112	170311	151149	191681
68219	74923	127512	107054	111424	107105	139659	164946	125887	112847	156698	154079	180780	154707	175954	195815
74844	109291	135940	144262	141456	119288	179888	170781	124722	106891	136358	124663	120523	134325	156690	119898
97761	170805	189180	205376	198385	146974	254339	239559	157032	137595	182094	154180	128862	165099	200735	110103
76528	181243	252547	187494	207892	127050	246518	221053	174076	159569	188631	180839	225693	211067	206227	220660
88408	221077	235859	222672	224373	198284	234834	232815	182264	196377	225244	202477	238239	228402	187495	236609
99396	160631	160313	181771	177933	109743	202365	204559	121141	99541	163867	130676	198198	151644	158818	166942
99561	171189	189823	193237	191458	136212	208153	204359	142851	125861	168477	139690	156283	147493	159347	121627
99826	161648	202236	216534	210324	144277	224344	235034	177342	174416	208592	187955	151185	199231	223787	157610
98169	188613	231933	208507	218619	126664	246442	244341	137800	116995	183574	133729	135428	153502	203479	162920
154913	172038	131223	185362	230721	202206	199286	195165	210772	177285	238090	218805	199003	247505	213483	220913
157398	209692	137358	223618	233991	213221	213682	222118	241211	208993	238147	242197	184018	253772	237477	202854
103240	187176	146472	232574	216975	187944	236234	224793	203593	164196	251427	216417	199711	190544	244806	193854
128479	135482	103093	163046	157781	142761	151264	151684	136876	130592	154713	146618	165644	131983	160683	145169
124087	118625	88307	154451	130226	142839	131537	137782	129661	132977	156330	144750	144400	161079	163769	122256
116788	157104	107480	178816	187172	180214	220741	228774	154461	122217	201121	167204	225088	193675	215985	148722
116935	146136	117770	163300	179841	147245	207605	218229	158143	122305	187591	165565	218592	223657	212915	175511
162570	184577	107177	237277	234736	236126	228126	249882	242369	238572	251721	245989	233852	250838	247762	223739
209979	213663	96987	247615	239042	253943	210988	218667	239304	216723	225191	214178	226460	212023	219783	217976
222098	195214	73457	243681	198424	253014	155403	162596	248094	250777	235355	245720	200237	251440	229379	139565
235108	221644	80327	215172	200354	241434	152542	131582	231264	240475	204765	219696	238198	237125	188855	196099
184263	170320	79354	169660	181054	195132	157155	138209	166345	194014	169238	158124	189957	167874	140058	189554
96235	117592	73063	151840	144003	160460	124076	133241	150005	161152	156291	141329	150043	169715	145343	110734
110873	116666	59920	148828	169635	222284	175843	190778	240799	234652	243973	239128	172182	246312	241968	150999
182697	137042	81317	160684	189538	231139	158141	159480	225777	234305	216633	218037	224814	227409	206808	220373
174273	119918	79952	137385	146236	164973	122047	124436	169746	170258	157305	158260	192760	169379	157867	170297
147723	87837	52566	107839	99100	114429	95222	109698	112365	119197	140039	138414	118946	114930	130046	105661
206986	122454	59148	141512	137178	191300	121727	134145	188034	191344	177878	189889	173841	174689	170684	137998
253062	133247	107168	140970	139053	152034	165981	175967	199756	208261	240708	227707	197309	216724	252240	189366
163299	104568	68497	104579	113603	147513	107128	108893	161742	180594	161203	153253	178062	160374	155012	157075
188833	125290	70113	123161	129469	172849	104237	120926	162273	214121	155904	160567	220251	168824	152260	210020
162482	93139	66607	102563	109346	151112	89337	100895	144962	196601	137118	146837	226524	181501	165204	226754
104664	80427	75940	105887	104925	131588	115195	111146	156051	163597	147852	153095	142254	177518	162840	153538
102170	86532	85509	127047	143463	169909	180126	169243	233196	212743	237478	234709	148356	237258	242027	114162
141634	70990	73508	100703	112911	141242	141106	144105	192609	191898	202879	208210	237198	211230	216719	228859
129658	87115	97636	97105	113864	118235	159733	141139	169310	144417	139548	138487	223798	176378	169393	190737
125862	82246	89664	95200	112906	129734	143203	138256	194518	180197	179143	192729	192104	211139	219065	172820
111132	79204	107722	102348	107678	118157	138687	159059	170091	178039	166697	188632	194361	192659	194203	190994
123469	97342	128590	115999	120726	126731	150602	164337	149361	163792	166108	163167	174834	173594	182292	180765
103610	82676	111326	104212	94045	150176	124004	118253	140284	244969	148948	180974	231941	218203	157639	227818
116183	106925	151672	135954	126810	163209	127053	135244	162162	244100	157293	196755	252171	191937	155300	241897
114052	130511	191359	142270	169076	192426	175361	166838	201134	223224	203296	214977	250867	212016	207930	249083
98780	107066	197508	111665	112731	101402	142356	153747	119446	145995	149120	148558	251568	177157	176474	255000
66049	98308	206139	121108	119654	93605	167811	183201	113188	117070	166154	152150	206673	178330	195148	211646
56496	97747	166498	156883	123263	92415	170644	203867	124385	120560	178881	167090	139615	185822	219156	162441
65309	86746	173721	92495	95069	88054	133658	126872	108862	144004	119182	138293	102561	155368	183505	152987
60348	90415	107997	135810	112065	116391	122160	126589	124663	178536	173625	179161	195488	178779	166337	162190
53165	144356	179799	176725	182748	125022	197904	193673	142386	151815	183357	177205	187271	204033	195910	169740
41217	128705	170808	157523	165505	113357	184581	190199	143173	113307	167126	142408	151764	169433	176484	146629
50776	144267	137289	191701	180937	130675	191852	193393	168283	110825	178352	148692	130459	133002	142925	103824
63319	147794	165120	192677	175242	150960	173483	180520	187867	156769	198691	188899	155634	176885	153557	138890
114344	252643	246062	254889	254877	250242	254875	254885	254796	230063	254783	252114	254415	254498	254382	210509
145465	226075	214182	249006	249746	254482	249228	237078	249820	247893	251300	255000	255000	251300	244640	248217
97608	170999	167194	218161	222607	194251	248013	245121	228738	232962	254654	243069	209600	207679	228665	252639
130330	215449	203888	235397	241826	220596	252339	250264	245081	249194	255000	250887	230786	237582	245323	246642
185168	246091	232542	254796	253605	234660	255000	255000	241611	225465	240495	227342	253192	226257	228501	253834
143830	242337	172541	248082	251946	225881	253960	253003	234616	194937	234284	218239	210689	205723	214229	227209
142092	254341	201363	231224	254430	202393	254504	249048	205538	157366	210875	178316	176581	160580	179835	214212
198834	245623	216115	253055	245623	237211	245984	250164	241138	222909	250842	235486	172876	230262	242432	150721
168650	238789	200604	235880	247103	227567	234217	227982	233386	218838	227567	232139	186959	232555	214715	158983
170384	239005	158170	252265	253870	251076	252028	250403	251909	248020	250588	250851	221441	251790	227905	185766
193623	226254	133902	254846	251467	250331	251341	250710	249953	246672	252476	254117	249012	245158	243022	240138
113369	174226	97184	254900	224826	214964	229308	224868	213670	182887	235319	240638	243215	175422	188028	238814
126815	188166	108317	208011	182298	178539	205088	191603	164473	121552	197545	155174	151320	143577	197830	114118
223430	236328	99550	235517	234377	235594	235247	223325	228548	220929	236013	228459	223929	222929	209848	212404
253737	255000	122105	255000	255000	255000	255000	253863	255000	241565	255000	255000	244936	241744	234697	235990
213826	220432	120355	226459	233514	222542	223440	216618	225108	201546	230531	217427	248391	218940	217291	226787
158670	184145	113849	207495	205773	172920	209246	198050	214032	172062	212383	205262	199658	206978	212498	179850
184021	161069	101396	178389	161011	157646	152650	139459	163364	143734	148632	138102	160368	145746	144337	146800
177847	161696	76993	234638	189881	188889	150089	157029	197285	170186	187614	154513	132066	188818	208192	122247
169385	176793	92011	207770	206856	203425	202479	211093	205453	178507	229605	201454	202978	219491	204940	152123
159869	181560	90975	198025	191797	194462	170439	174379	171903	170328	210787	208624	193985	228793	203337	160295
193298	201979	88418	223516	225817	241379	183469	175270	205131	213507	210574	211806	217547	205465	164423	170639
216722	177195	99135	214967	221168	234846	195925	189555	216506	192685	199208	181938	247097	163760	142457	159578
142312	98060	46970	143671	152969	182406	110330	114586	161874	191400	173954	176022	254105	200792	177821	199926
204090	135245	58719	174934	198621	224236	158572	157407	203982	194768	232063	220564	236483	229528	216485	128423
232799	167800	74342	186399	215064	249681	176019	174952	207289	232253	219207	201998	252311	199688	194021	175430
212235	153066	82945	200496	213898	242482	202808	208177	233581	251678	244204	238391	213783	232782	213591	205390
130638	111775	99763	158295	167589	195381	230412	234238	239943	215732	253505	239267	161845	252903	250912	160071
138028	103509	107267	156516	200491	205532	227199	236480	249857	206128	255000	239551	214846	255000	253987	129776
142878	73732	51072	137935	154106	222046	110254	120795	245846	246640	246584	248514	254042	249444	236765	248070
183801	67561	79009	133939	124997	192628	108563	128936	197180	212775	212988	211956	241176	218149	219041	214728
188180	91024	83118	173376	186037	255000	150272	138540	255000	255000	255000	255000	255000	255000	255000	201342
187098	104511	65468	155042	189488	242653	136653	152893	255000	255000	255000	255000	247122	255000	255000	231318
209216	105773	80356	146756	183091	231100	135886	162687	241773	255000	253392	254786	255000	254357	241326	255000
111047	99866	112158	127808	124930	171774	127117	137166	168003	245967	230626	243630	255000	245659	244655	255000
91200	95853	150837	107357	113130	138590	123021	145373	134561	185425	150189	172427	207147	182286	164183	193293
111855	81558	83949	96066	120251	181096	106371	100653	189246	240881	233363	237006	235650	225087	233971	175908
131496	73669	87831	112172	113490	161317	115188	112135	186619	224649	211799	210634	221905	222620	212657	195614
110579	78574	105686	118205	132786	180060	143661	146898	193444	250610	229387	244592	226945	247194	207202	197020
92189	81461	137133	120603	127684	150015	157884	171775	163835	235092	175001	204452	253085	207121	179280	244414
106758	91771	148297	118311	148698	173214	142103	157042	201691	245823	236560	247285	254196	252524	224970	250987
99020	88024	113417	120385	117173	143750	116767	128803	140154	181606	173317	161786	235846	196005	177732	247393
124552	138808	156872	158588	185468	217475	175426	167751	221319	237531	231942	231489	205458	238634	221406	216530
97974	152704	154637	193107	222622	227186	241768	237611	246007	213531	248666	249382	244570	251585	247725	207153
79591	118949	134065	143824	159576	152923	206399	202103	189677	167547	207985	203780	252392	241581	241368	207852
53195	104567	168245	100588	112129	105210	170327	149628	127371	178156	172261	176346	253114	209823	208928	252456
58013	86480	159868	103998	112134	116531	138561	122919	147757	192587	198110	210669	250871	187486	211696	251065
80195	126690	115554	126351	154780	136375	156833	143147	160775	162875	200759	178412	201375	210298	232405	191628
80276	126415	125605	143881	149325	123526	168519	142532	161231	187044	175393	201766	248994	204255	215950	234308
89103	137828	144599	153407	151016	116582	189341	157153	136846	173836	168629	199173	237176	179727	189256	243087
111546	184871	200621	203507	199920	173213	229328	215535	181695	158504	196891	177127	186630	190535	233793	199784
131949	212669	240117	219059	234001	182672	246838	238085	189817	134314	178919	144957	199783	172083	195342	219123
103946	176444	221207	155664	167923	100103	177138	159862	106521	177288	95926	134589	199523	184900	117975	249564
95289	186946	224513	172900	209557	201876	208383	183916	227146	241938	241370	242375	249437	247027	242946	249518
74316	199845	223607	215395	246037	221305	251046	225934	248349	218946	248774	248002	195822	247740	249682	216003
105335	203427	186335	221262	249508	183191	239483	225600	164504	137838	159595	136628	183583	126472	147423	187658
108719	157350	154525	165651	194143	165444	172537	175060	135720	170304	158162	145310	190342	128335	137888	169564
111143	154315	89760	186062	204544	221994	193838	189707	212089	243215	237746	237496	233548	231691	229485	243691
220299	237899	100667	247253	249835	236063	255000	237827	231298	215161	236637	215570	252874	216666	220264	207829
229789	249332	179946	252234	253156	248238	255000	254574	238241	195937	248443	225289	247960	205868	212049	238392
219598	200592	112249	227923	251451	249248	219631	210855	240495	209852	252308	231429	236786	242252	247615	219498
221487	211183	84672	235892	255000	255000	217803	213169	254817	242972	255000	254643	231749	254983	235080	228429
240322	234618	103950	238428	241711	236752	228075	234084	237347	223620	234149	226051	245556	229642	204986	245012
175549	180815	87820	186144	202631	183485	183122	163683	180555	135075	196821	155597	240886	175198	187915	223485
183110	226817	92613	243817	254601	255000	234031	200078	243697	227074	238710	229069	245350	226741	214441	202244
221757	205622	69900	234890	238343	255000	183706	180105	255000	249790	253744	254227	247306	254227	254646	228969
166816	175418	76989	233562	219299	233262	197657	193201	208346	192534	213114	202671	182381	200919	199858	156055
191741	183771	61236	233325	218181	236067	176319	187139	210862	209619	211493	205931	201008	200388	184412	160629
220369	226991	65498	242250	250141	255000	228382	233327	255000	255000	255000	255000	255000	255000	252342	226027
189228	169054	68105	206706	235946	252289	206150	207143	249134	229475	227387	212488	249637	219347	223893	221883
154864	142529	76765	157899	211200	229235	183051	172035	254720	247572	254728	244099	254522	249167	254691	254094
209241	184646	52414	183320	216032	239685	146751	158756	244130	227810	241249	235072	234425	250890	221807	179493
169746	174963	56011	174034	176753	187752	138633	137201	190578	206966	188085	202126	171758	211374	173386	162808
123114	145332	53273	164180	172043	200971	143104	146609	197541	204552	205478	204916	187701	200742	185023	221899
162661	116935	55356	126709	130920	165287	123882	128230	178105	199753	185267	182795	208754	195806	188813	195745
156521	89695	60702	98321	113298	162318	99838	110623	235173	241154	224457	208465	175061	239526	238297	163283
201983	143427	55509	167817	184021	218833	144435	133073	242793	209871	227200	206953	228847	204743	207215	203280
120324	113872	86091	156879	161595	205602	157822	129213	217683	236001	192495	209417	242266	178534	144068	214636
148847	131353	82429	167305	188681	206690	161692	166877	222705	205037	214554	194759	206281	191811	188328	180802
128651	79549	78477	109896	103446	159670	88644	95660	204625	196761	205427	186011	210722	206329	155142	191175
156062	80341	74662	115855	100049	157577	101527	110606	193279	201894	199628	191849	244116	215373	164874	235301
106485	87045	53810	124884	107260	148911	101340	108568	175420	177402	194984	173949	221653	215348	203305	171651
81481	55335	74162	77606	68143	124250	62429	74957	151976	210780	202471	197567	166029	229326	170791	179950
92696	64189	67292	93350	104285	147659	89645	122807	193217	205154	190492	186360	238021	223268	186037	209542
84711	55138	91594	80406	78001	106125	82985	90130	130600	166662	148559	162654	193900	196036	147504	151512
98699	72848	107365	104105	107121	128536	118449	118665	161519	207800	176603	191662	208012	225830	191262	195900
108207	76110	121990	133333	126451	193930	145087	160888	212753	245219	222620	238487	226240	253264	207854	230558
75235	66560	89008	111388	135782	161784	137366	147615	225777	238831	247366	250472	203814	253146	249277	188815
91161	62703	79992	81480	86478	95023	94038	86802	138279	198605	123619	160062	250424	216669	151141	248184
81807	77391	121656	117793	127231	158897	134558	122524	183221	236673	182878	207913	243653	235623	164582	182481
86106	90207	162120	121022	115303	139032	121553	124253	180303	245539	182848	232572	236340	244453	186094	218650
102678	110779	145400	136383	138278	173152	130593	141184	219502	247813	231906	245835	236769	253124	244552	246277
97033	140296	144532	177620	177697	188612	174789	171118	204758	235479	234968	240626	255000	255000	245976	223114
53290	110418	199033	185029	151436	151475	197294	200137	195398	240586	210806	243049	250530	248663	201055	227869
46877	112746	172845	138092	136416	98684	157446	140665	108050	179798	133618	163408	172375	171415	199039	193030
74073	218840	234330	222870	221142	173757	222594	221696	137581	184173	150279	147055	184556	157977	164020	213790
100996	177918	189107	183890	178530	128759	189062	176880	107257	149443	129078	124441	183590	161294	154922	193400
79676	149569	148701	185469	179248	144960	192196	185239	111891	136102	132503	124309	175382	175092	157159	191201
78287	186697	184835	233030	197396	143864	223685	195956	159906	222142	169911	187623	196274	218332	216698	234419
77291	161415	119409	205280	194149	167062	212701	198445	189434	200244	207292	200988	178183	243319	250118	176067
103610	217844	123302	253023	252580	244788	253318	249210	219059	124514	232567	184504	159282	185650	230906	157675
91419	142035	101883	179177	186608	177089	201528	194911	158168	135300	194462	158983	170146	164190	188071	156033
76245	110139	86872	125560	128521	134928	154795	151301	148967	164947	201410	191196	212709	207864	201171	199527
106228	169320	107204	165420	173155	157739	177178	153705	184337	169322	201560	205820	214458	247477	242551	191248
184044	249749	161075	253283	253615	244847	253222	252554	233497	222049	251126	239427	176117	244793	250763	195528
98699	183150	127067	214574	209259	176377	205677	189626	124218	117772	170393	154367	204459	169676	164652	209399
85383	131078	77746	168483	168635	176635	158030	164059	156017	113770	144651	138374	203732	163070	124255	197060
117250	166228	101305	185351	195201	176891	199517	191460	159301	138132	172253	171657	180887	182748	204950	131840
149982	178948	92051	180080	184951	172380	185142	182113	151792	140692	176546	175876	181733	199366	215493	137736
169163	162264	74278	159916	183257	180930	160934	159919	187380	178517	203494	206420	215420	237115	218903	180124
162118	195843	84020	203385	231454	226285	204015	190180	192582	156234	180352	188360	186031	220512	221087	180330
207612	205012	76710	251774	253487	254077	223352	252064	222782	167132	249585	245492	202736	247746	248762	170350
180686	199152	74486	222672	220830	233559	201443	197618	185676	169598	183955	203673	205110	194777	210655	181205
235599	239662	64999	251431	250728	241785	215297	201931	193261	175689	190177	209466	183294	201886	191736	195442
208217	202661	55034	234879	253444	250758	214414	188335	202222	154455	194193	188412	201856	199213	187555	171769
201562	190636	52157	242920	243536	241476	239156	223040	229272	177361	232411	210777	240323	221424	189457	191645
237498	160489	42310	172077	208266	205658	177722	157506	164795	160570	170744	178203	227169	190505	172233	178926
190196	192454	45901	179583	219907	215230	186460	169080	186364	165467	166740	173659	167679	206637	176528	164916
121963	117025	46724	153185	156836	178062	142592	154430	154274	173363	203530	223673	190608	211416	190851	197015
119491	124824	48675	172178	184599	206360	164822	170629	208232	208818	242537	248768	192873	226908	227660	201445
188170	168724	42164	214807	228842	253860	193220	199767	254105	242536	254604	250287	230143	254304	254138	165368
210543	163252	46635	197095	226027	251648	178190	175155	243903	234065	246099	243175	215250	249683	247718	176651
243767	152429	60577	212822	248533	252473	210820	214196	253631	252919	255000	255000	170438	255000	254930	222717
198529	120182	52139	170112	209019	244603	151094	169424	242531	246437	255000	255000	221634	255000	250153	164127
146444	80518	56298	131092	167865	199662	135971	143211	213292	204323	206287	193692	205759	234189	203525	157097
105532	75373	69837	130646	136970	186099	105368	113299	192660	210579	217629	216634	227345	227369	220709	207073
131124	74888	66524	119874	130844	185724	107110	112779	189128	216772	216014	217993	236666	226066	223966	228025
147573	66889	75417	117123	176110	233947	121921	131987	230012	241642	239510	234615	252960	234991	227996	240848
140011	95679	78585	144669	171416	217683	135462	140545	199354	194034	215991	175801	186532	166812	146908	184178
132585	81648	62944	113704	165449	199467	118176	111043	227765	201330	186748	173904	238482	196439	123176	157881
139472	78536	61530	108940	157889	202624	120444	129517	183068	165118	195022	159120	226489	174511	160457	163262
191432	87299	64119	139305	199524	218988	157490	176766	200163	199790	219502	196924	221430	199627	202469	150665
145821	81218	62367	149913	209273	245967	161877	163186	246225	246756	255000	247127	245010	230149	221101	140187
80922	57677	54506	87937	114021	183947	102488	103747	190745	234010	230359	227522	240743	242686	220464	143185
58950	46177	64470	80421	71872	136331	66308	74083	158700	239621	237210	237452	175867	220332	219851	187110
58284	46048	51812	73369	111546	190707	82736	84193	191432	218812	199654	181475	237547	180366	135649	146329
90504	65661	51638	98448	134446	208556	104056	106905	231971	222264	218343	183015	205915	182229	167565	108655
87170	71398	84250	100119	104381	189369	91806	89621	228657	232545	226495	215180	220541	204037	188169	142694
70863	70905	121892	89816	105357	212668	94913	90068	227039	245969	241668	235201	253310	252521	241313	250997
61036	71619	92821	88028	109289	147077	103101	98996	156442	203757	198847	174394	195028	194786	172755	186834
44515	90698	141499	96517	107570	131138	132410	117693	151065	214090	163483	140729	150204	151873	121670	90321
42085	52227	87805	71962	78594	111896	74637	75461	127992	175970	149395	150011	193365	144773	132306	124035
41993	56376	68664	69163	69089	77895	70800	66812	88457	99273	105569	98249	126158	94140	93403	109075
40205	70036	72426	80122	81016	74829	90814	75433	89508	103037	101733	93364	81034	88972	96392	89040
42540	69629	85670	68364	82106	65213	91037	72611	86305	126896	96904	112524	86479	110069	116562	101063
40714	90341	109349	70830	87632	81039	88726	84069	135940	181928	142483	151168	160301	132793	144512	150668
54417	90325	61944	79499	71910	71103	82018	84189	103082	218282	154701	197926	186612	175498	109313	135949
54666	73372	79462	84489	70348	71615	82337	74453	106985	230684	171184	212731	175681	217706	201268	181831
65169	90232	91477	83906	78703	75015	84283	72272	85419	163360	131687	145165	155111	159618	134718	155221
60116	73872	79356	76667	86723	73966	87979	77177	81816	152102	124101	138766	139873	153313	123411	131383
61809	71762	63893	74135	74214	86095	74225	78567	111522	181849	162289	177075	180042	200616	165019	148017
72411	111982	62064	109114	115141	123521	101015	102440	119359	137112	142953	143196	172885	168325	165604	94824
84443	131046	96166	109196	126323	116374	141718	116162	166264	246526	227927	242973	204824	242769	243348	123848
87104	117117	97104	98986	91356	81376	99314	91081	117775	203922	161671	197148	184257	218598	174940	147870
70499	126263	100850	128396	125433	117345	131660	117523	117150	221336	175457	215385	169970	222471	200607	128738
143278	172122	100085	177416	180156	160931	176396	170456	127454	213562	176990	217274	207687	232141	211802	178818
121519	139756	93307	137513	155893	123220	150070	126726	109952	158084	156275	178797	221181	197629	212633	188921
78106	77620	52380	86803	99945	70180	91636	83724	76215	120239	128517	139644	151512	142933	182799	170739
139223	143276	56275	144018	201571	194758	161887	145478	180700	224022	222539	229665	226941	232154	211012	208191
141347	126777	66158	132852	167090	163538	120029	122501	148683	171313	159997	179610	235799	181065	176759	231211
157371	147509	65065	149218	179565	175269	155721	152950	133949	145196	151241	147096	184662	163471	171643	189248
137990	126159	51244	123068	148626	138286	119934	109331	133059	162995	175113	161697	116662	176742	187321	105396
101311	114694	51474	124946	161094	139628	151492	127558	111645	104791	113661	105440	117056	119021	110630	116176
76996	90935	67457	83708	104831	76861	112982	88737	84067	114598	97531	127833	142161	148339	107882	142481
101117	100154	52641	117726	126326	88752	112885	83633	67003	92275	85293	97266	95066	104355	95402	105941
188227	123180	52661	154949	159792	138545	126386	111068	90625	146082	148379	175359	169849	185635	164141	181960
145023	120057	56481	157955	143729	148706	124233	117782	115650	146490	152551	165976	171608	188363	182415	177607
153225	142574	64978	170047	164208	164217	136514	121984	112181	113325	124893	132183	141721	163116	169501	149433
166305	177222	67400	217564	223019	223596	183926	153799	118551	114817	120804	125078	117984	166281	138124	101855
113752	101449	35902	126475	155475	154651	108838	94445	114653	117719	131946	135605	119905	148532	134065	117280
98969	106003	31012	136214	162853	155078	149651	116367	134844	116633	126061	133027	225617	155304	156376	166911
135589	106614	33306	138364	170860	164366	142681	119062	141542	97591	134863	135013	163938	143746	158083	176221
113776	87855	36227	100282	119807	120153	108204	88631	87027	81319	83629	87414	137688	107121	89603	154722
126193	121304	41039	164427	185268	200836	165338	136663	140578	93181	117483	113125	116391	138157	132627	135185
217404	173695	41786	217522	230689	233448	204444	183684	163716	94949	137916	120314	178196	133538	126844	175607
106187	100963	38724	133782	190582	233971	148782	132106	174919	109301	138578	136821	115421	124601	102805	115442
110403	99293	39928	151141	173384	210057	126286	139058	163547	128641	152984	144417	123776	194885	170899	118532
133168	89938	46990	144068	150651	180788	113343	120290	124899	103363	122321	109044	140693	134419	127574	120402
128672	70272	42606	117802	148808	192334	106162	108745	155766	129671	157744	134515	155774	145077	132956	130971
139748	95394	42250	152028	204052	234347	140612	146414	202325	123204	175285	133931	126377	147186	140516	148752
109710	75335	32248	106287	109907	153205	89661	91914	94190	75378	89599	77852	78266	87540	74344	86266
83967	55240	43822	102400	98745	114197	86478	88380	129600	111244	110218	103854	105132	121478	92283	123656
93445	79191	44005	111787	132795	178435	95640	116657	143349	151955	167424	152391	117778	156559	129769	121485
111949	76658	44989	120689	145637	191559	104937	123273	130812	125695	139679	128792	178768	141894	118924	119908
94797	69422	39584	97812	136109	185674	105861	121855	127587	111260	128358	110726	152747	114314	96006	125215
73212	50150	40004	71186	91438	119098	70101	83823	108043	103679	122703	105271	139719	102202	94288	110535
48877	51902	45751	78503	98138	118045	89774	82341	123575	142876	160099	142312	167866	161687	139191	106817
52514	47792	41169	65586	91160	127157	69288	71160	109061	123291	122498	114056	129407	131038	95132	99208
57220	56401	51188	77180	107739	153805	72104	93541	134145	125234	143240	112249	95783	114513	108480	66967
65180	52591	54154	80711	94266	144994	75961	90412	131190	140179	161416	126198	121084	118725	113634	91104
57903	55401	59319	81023	92334	114006	82092	91868	111544	119818	123320	108084	159001	115406	100165	142415
42756	44510	53901	61455	64279	81461	66914	67203	75587	113491	94338	99967	129355	108635	81804	133759
46812	47104	42892	53877	66933	76676	62538	61719	74723	109944	103004	92106	104187	108590	86161	98211
56326	52381	70012	57838	79325	106731	68993	63974	128849	156049	160614	136997	173505	153353	122623	158701
38125	47620	49157	59709	67973	87688	67574	68840	101867	114251	114266	107794	107948	104021	96670	87142
34494	38774	45771	52781	53761	75072	59082	61366	96440	146292	130079	144100	108581	126108	104848	81567
39085	48698	55019	55604	58795	70689	62891	60595	84882	108447	111946	108035	137994	113536	110763	103476
49045	54357	41551	71096	86474	100014	92141	79655	95802	100214	100348	103085	132802	110797	84263	92662
44964	64548	74478	81705	86380	100537	98292	90595	152564	161737	166393	160347	190128	162856	163349	133979
42356	57702	60773	62450	77719	98499	69280	72966	114427	123800	122595	118547	169656	119605	105732	121122
41794	51912	56034	57942	60352	77171	61148	57263	91996	118541	109898	104461	158544	113610	84729	102922
39010	52471	65009	67532	56324	65573	60702	55078	100170	145868	114239	132210	130307	136568	85609	103279
37724	45933	55371	54396	56291	70895	57139	58057	86159	105123	110684	117194	166068	112677	108219	125170
40265	57907	57016	62859	59231	70360	59211	68502	85827	109737	117848	118022	134750	109987	129701	113126
61434	74881	57317	65726	80584	100245	72644	73176	126214	116745	131405	119360	95304	112531	136187	84486
55693	75864	60528	81115	74746	63202	85055	59402	79567	115961	90982	95155	122848	106751	96815	98607
50686	91310	62405	88554	84174	73865	92246	63619	62418	121562	85648	99230	104861	102042	80229	86069
48718	71013	57286	76246	72984	59494	68060	53385	67032	102683	82056	86341	94818	94954	64923	88639
45495	61609	54721	75861	59504	53960	60338	42872	69495	124085	90569	100468	108941	108405	70893	83010
50593	60125	45687	70123	62658	66448	62896	62242	70559	101652	83350	96703	112692	95505	70428	112725
48667	63667	50333	79333	59333	73667	60333	66667	71333	88667	89667	92333	106667	111333	82667	125667
