26778	30333	29111	26444	30444	28778	31111	32778	32333	33000	34000	35444	32889	29778	32444	28111	28111
25490	31318	31691	26076	29876	28473	32338	31109	30727	36129	39005	35362	35493	31520	32816	32747	30385
29656	29767	34366	28018	33588	32081	36905	34565	33309	36650	37110	34969	32921	30962	36042	33978	37884
28528	26910	31493	26821	29983	32241	34903	34723	31599	35357	29968	33291	33011	30426	31047	31144	31441
31213	29045	29275	23747	27781	29810	34062	32890	32114	34618	34902	37812	36251	31230	31801	31750	34117
31559	28490	25423	28552	31045	27555	35295	34256	34547	34606	36360	36276	36032	30217	29054	30981	32125
32210	28940	23961	27552	33971	30490	32141	35231	34742	32800	33992	33959	36711	31159	32188	32421	28750
30210	30189	29179	25254	33970	29632	30880	33489	35992	31481	31027	35005	31344	33850	34174	30376	27599
28367	29434	28883	30309	25871	32545	32805	33636	34744	30958	33131	35728	31087	36257	32741	32895	30298
31622	27172	29869	31262	24537	32431	34654	35698	32643	32790	34573	34390	35031	34543	33310	34619	33562
31661	25844	28636	31598	29176	31705	37781	37648	33477	34402	33314	35346	36485	31208	32163	32182	29521
27961	31587	25191	29099	33673	34111	34415	37325	33560	36057	33173	36358	37177	33161	30333	33339	23162
25994	34066	28284	25718	34884	30855	31116	32303	35513	33529	28941	31134	31011	32241	27507	33957	26893
27142	26123	27759	28776	29109	29251	31306	32547	34250	34041	30052	28884	31403	32019	30890	30446	31723
28148	26064	26026	30347	29671	34198	33379	34191	34978	36306	34899	28433	34992	31201	34277	29962	31729
31439	24259	27541	30928	32976	34768	32716	38018	32834	33058	34672	34371	34680	29678	33807	31474	31642
33281	25337	31143	29958	34644	34043	34651	34116	31772	29650	37624	34455	34846	32587	33902	33585	33340
39923	31918	30667	29680	32302	30337	35988	29772	31405	32369	33382	29349	35879	30925	32877	34670	32636
34102	28285	29874	30512	35071	36811	39243	32205	34132	31665	34034	32447	39174	37007	38735	30404	35069
26874	21750	25194	30066	32751	33541	33751	32787	34382	34349	34889	40919	36287	36001	34508	29405	34772
27265	26489	25825	25558	31988	35890	32918	32000	32756	36358	36297	39480	35285	36699	35668	34073	36594
30301	26442	28295	23863	33431	36960	30992	29592	30190	33786	34107	37062	36801	34939	31073	28032	36494
30669	22670	29131	29459	34560	36445	31901	30800	39233	34460	31023	36097	36779	37102	32336	28465	33019
31821	26431	31871	35967	32969	35719	35515	37404	41563	35669	30803	31533	35152	33775	29203	29871	36918
32279	30014	27832	32951	33456	32915	37022	34758	35101	34166	33826	29543	32852	33858	32293	28615	34271
31259	25463	32984	32183	31609	32191	37321	36928	39568	38137	38115	35533	40384	34202	38197	34343	33724
32019	29217	30491	26472	31064	36358	33269	41823	38070	35051	34612	35767	34317	34910	36967	33301	33348
25108	31465	35293	25371	34419	38879	34828	41144	36682	33351	34412	33354	33766	35721	30736	29991	32432
30879	27846	31111	27680	35463	31065	38564	39714	34892	35398	35585	39845	37298	38919	30093	30677	33493
29634	31214	32917	28511	35111	33494	40414	33773	39708	34597	34516	34045	31542	33828	31552	32408	30544
28680	28602	29114	33613	34820	35747	34357	34897	37138	33270	34025	34202	31954	28468	31065	28749	30829
30126	25888	32683	28721	30001	33843	37489	36830	35148	39958	28801	42101	30365	34212	30959	34277	26330
27966	32709	23503	32627	35941	28417	36045	35075	32171	38176	34097	30068	34274	39196	33086	25581	26245
27523	26672	30647	28991	37190	32662	35012	38867	41845	38365	34678	29850	37861	22486	33519	38531	30992
33599	33371	35074	33931	38005	37015	39478	42468	36001	37697	41329	35886	39230	29189	38342	32734	29627
32287	32540	34519	32941	37164	37452	38333	39848	32869	36397	35843	34709	34612	33270	30022	27533	31448
35491	32059	35942	31176	38563	35101	39779	35666	36970	38810	37494	36346	39202	34188	38620	29406	31956
40242	29238	37484	34170	34729	39936	46787	36725	40907	40285	40883	43371	36215	40683	34395	30247	34765
36243	32461	35285	33922	37610	42083	39463	33630	43424	36008	40069	42714	41038	41397	34723	38494	44250
29456	29384	36636	34811	35630	32826	30526	43756	34585	33478	36533	40566	37293	34304	28768	34419	30340
30023	29418	30181	32291	35921	32225	36707	33788	36765	34888	32119	35603	36420	37509	26431	29949	36172
29644	31560	36025	30513	32051	38516	40005	37123	34513	37709	39161	38113	42227	35483	34382	37448	34234
22510	34596	35529	35311	37819	35872	37027	33234	39773	33234	29100	34180	30134	34829	26217	36510	27424
20692	31787	31524	33269	32857	32721	36076	34376	34198	35573	36515	34299	34325	34639	31164	29049	26695
31258	27730	32446	25982	32511	38881	33325	34886	36564	32764	35640	35667	39986	35005	33437	30224	34677
37617	31335	32874	30430	32691	36533	35848	37113	42537	33074	32838	38107	32777	33990	33223	34566	33141
32318	27488	30282	28585	36622	34121	37243	37942	39193	34373	38451	34703	33462	37763	28337	33304	33275
32805	30717	30766	34637	33326	38425	35078	36758	38726	34757	34486	33348	33178	36891	28940	30286	33369
35073	38080	28532	35320	36883	34689	32209	35349	36450	35526	30290	33426	30018	34883	33382	30642	31923
49323	38664	32427	29857	38678	35883	37776	37513	39603	38683	44461	37906	36953	38033	39670	31543	36265
51629	36630	37854	33680	41094	36290	41063	39027	38220	42009	55003	39411	44690	34528	42201	38964	38416
38965	33864	35834	34870	35606	35317	41851	39116	36168	42649	46613	38068	40348	39648	39913	38623	42161
34409	35520	35194	37021	36246	35643	45564	41888	40982	40710	37181	40902	40493	44736	44440	39874	41383
34400	36937	36481	38853	42018	38819	49102	45456	39268	46494	42976	45563	41268	47788	48494	42518	48242
30179	33870	34498	32737	42217	37966	43381	38326	37257	41997	43853	41365	41394	42875	46681	42155	42784
42093	37013	37797	33607	44523	41555	42084	42317	45130	41113	46630	47630	45800	42085	47451	46377	42587
44775	34317	34942	35581	38754	41960	38546	45896	45859	40027	41495	46043	43468	39447	40910	45159	40746
36369	34354	31336	36983	31928	38002	37301	39727	40171	36847	32784	35752	36543	41168	36005	37391	34630
42117	30925	33039	39585	31998	37370	37581	36427	40588	34278	36374	38673	41282	39149	41040	36818	34435
39710	27075	32914	39866	34486	35872	36713	36934	41852	30673	38513	42664	38969	43415	38781	36132	42750
34259	30190	34290	39917	37819	33322	36415	38046	42691	35403	37849	40570	34004	47074	37816	34837	45134
37148	28835	33271	35787	37921	34671	37467	37704	45251	41256	40864	39074	36204	43093	41414	37890	39453
33836	29163	28388	36240	34234	35326	38092	40421	39006	40469	41183	44314	37405	45472	48267	41542	40355
30053	28259	30211	36400	36313	36238	37618	45276	40441	34207	40598	41957	39764	43825	43247	41656	41986
29412	28136	34624	39020	40059	42472	40454	42951	51383	36971	39206	37251	39260	46204	38052	38750	38989
30885	30870	35294	41392	36524	42111	41239	37003	44806	36201	40674	37656	37119	41371	36829	42046	37118
32092	31622	34559	40247	39694	43056	35947	40950	42601	34856	48814	46078	42502	40425	39502	41792	42192
33538	28992	35216	43669	41064	42782	40937	41394	46726	34617	41340	53041	41441	44527	39031	38743	41210
25677	32853	32040	41296	33904	40319	37814	36100	45274	39714	36292	46737	39045	37630	35193	38406	38646
26936	31791	30708	35114	36169	42350	39626	33518	41864	41360	38679	39823	45220	44631	37501	34962	43521
31839	30505	33779	34869	39954	42229	42592	38021	39856	44579	40472	42807	45851	43338	42558	38320	43302
34037	31953	40542	38798	38221	42421	44118	48523	45471	45898	35983	42050	38473	44746	44171	41138	41123
37102	32706	32818	40124	40883	40218	38109	44863	44085	38923	31559	41230	39820	52813	43031	46124	47829
36347	40408	43571	44984	46420	53653	44648	45722	50546	44375	38244	46656	43217	60398	39057	42840	55655
33979	35447	36592	34667	37622	39674	36886	40776	41225	40216	43795	44458	40640	45938	37049	39724	49583
32164	37549	35878	37166	45627	44506	43079	44273	41757	40808	45874	49777	45652	45343	46891	41580	45421
30803	42083	38562	35350	46941	45696	43703	38931	43451	39238	42123	43787	37571	46037	42216	41505	43859
34090	36670	35997	36979	45117	50366	43932	47947	47142	48877	45654	42439	42042	58123	41234	43674	46098
32584	39542	41301	39399	49163	53092	53783	49628	52288	46823	47285	42967	50918	46739	41842	46989	53927
50207	34798	42557	32492	50356	44541	50600	46824	51760	49377	47241	54607	48880	51855	47185	57980	39238
40115	40889	46498	38307	45326	43742	48859	43531	46367	42838	50057	47565	47675	50801	44967	45076	44191
37703	35266	34405	32396	41991	40775	45998	45145	39571	38860	39149	40247	42730	46924	41921	39184	43453
38217	38708	39670	35601	52745	43207	50192	38989	51977	43496	46471	44540	43818	45176	42254	42318	43810
41929	39029	44002	35024	40067	45065	48033	50893	33203	53884	48949	43078	38044	50962	46924	52897	38102
37282	40966	47537	24881	46078	51684	59358	57934	47535	51275	51874	47915	50881	53082	46977	50016	50678
40461	58958	48577	37432	54273	45684	49354	45087	39432	46568	59396	53112	40655	40657	39405	41550	42264
49129	56196	54042	42571	54300	57726	68235	56505	50091	63310	55406	58221	53650	49610	48415	42922	52874
48017	62758	56468	36149	62196	66017	67046	58583	50279	56367	60237	54163	57295	50962	49000	49620	51535
61165	60655	60984	40458	66810	87741	87418	78618	78641	92393	73319	86808	82809	77092	79345	69587	81523
54628	46520	48929	36062	51290	54527	60839	55003	48101	52774	55251	47984	47464	61931	46471	46755	52435
70253	55456	46646	40295	58190	51948	63888	57785	50904	58606	58275	60827	56239	65378	62966	67479	62656
60030	53144	51685	42501	59394	65628	66566	60179	58311	71236	76565	66050	74180	64818	74563	62423	55286
44176	47643	38307	42183	43696	46614	50492	51993	48338	48470	50938	51190	51898	76473	59880	56368	73505
51457	36948	34826	31296	39377	39509	47750	49157	41405	42976	49108	53428	54522	53229	53034	67405	57155
52634	44665	42885	32393	52783	49544	52307	44051	45944	58309	60374	55027	62999	54272	60405	56820	51711
49992	39671	39889	29240	47503	43842	47069	39321	40355	47760	51180	45501	50248	52754	46899	43580	57431
37719	40719	35639	31511	48078	47126	50454	41166	41236	53712	55642	45290	51498	55254	49439	43776	52401
48216	41904	36062	44049	43938	46175	46543	51984	49379	52498	60509	51742	51368	63862	58738	62937	48945
46407	32864	33365	43059	34297	47774	46582	51762	50195	47678	51024	53396	51214	55884	61697	51682	49292
42701	27014	36710	36945	37180	39113	44806	49018	51011	43870	47633	45617	50058	55725	54184	53356	46139
40491	36057	34320	37439	41347	39177	46646	50770	46485	45173	48230	48037	48633	57352	46767	56749	53591
59483	44092	34035	41793	43678	42782	47249	50123	47172	44824	57700	51731	50089	56377	42500	50023	59170
54633	40953	41292	48345	46709	47553	48336	52338	51666	49998	55380	55736	56177	62522	41269	48066	56180
40449	37323	41272	49641	43127	51710	51192	58166	57087	53454	48436	64715	58632	58821	55424	62187	49069
39347	39273	39356	39544	38765	47259	48543	54870	51564	45161	47894	58035	46860	57756	53924	57670	53179
61510	41163	45292	58665	45587	56369	51702	66973	75053	51953	53320	69768	59315	57869	58352	62761	63026
57439	38091	48020	68160	48177	55160	49095	63063	75930	53542	52989	68027	66719	53781	63538	68340	58002
42289	40450	41147	46520	44070	46077	49514	49526	53328	51854	54465	53782	59219	57096	64791	61352	54692
40200	43499	37541	37828	45212	45913	50917	46444	46948	46908	53103	47952	49975	51432	54840	47216	52395
44326	41489	45016	47593	51578	47154	47369	46863	55554	42622	44813	48477	45473	56910	49252	47004	56049
47170	41346	45445	54628	56085	50261	50518	47980	66029	48431	44947	53837	51317	63981	57876	54213	54152
45530	36824	44517	57567	54670	53894	50490	54583	67961	44142	44820	55807	52452	60077	58352	55058	47590
44001	33923	41939	55904	53334	50254	51093	57259	63612	48191	50946	58046	55554	48346	57548	57104	43925
43903	46558	48532	46287	56428	50273	52219	57691	63348	50470	52285	59258	57252	51527	56096	53706	50693
46503	53216	56749	67231	56829	58271	52024	64142	67634	50952	47325	60774	51351	55483	55758	51971	67025
48047	46494	55395	57991	56749	67684	61745	65185	64465	62793	57675	65749	54937	62442	56907	56035	59694
41852	44526	58150	47658	66516	71858	64847	57464	63095	64034	62387	67141	64299	58333	58494	58959	55177
38218	46145	60732	48626	67334	69989	64794	63919	71011	62412	65214	70066	69140	69409	61969	53400	65306
39764	42962	58806	50405	54861	68199	62869	57868	60245	64267	75625	62867	60272	89160	57481	47159	67518
40797	49462	81659	56922	70453	77892	75989	78351	70963	71327	79392	74444	74861	66379	66006	60812	58556
48397	67054	102022	64140	77872	95239	84654	98392	97290	91164	92927	94131	89203	81361	88087	76991	74252
38489	61987	70149	47755	60969	79966	74626	78835	78454	80166	70239	82684	77694	79915	78507	77853	58788
41917	54782	66070	52860	67547	76567	69321	75851	72063	83736	75717	72407	84174	79842	79939	73100	76292
52404	95665	92998	56103	100964	116535	93815	109045	98649	107262	77473	83082	92388	121368	85580	75807	83138
48604	65581	68705	66108	83479	77836	66606	78785	75422	78590	66342	85628	75349	68177	73047	79615	58783
48244	71381	64990	42089	78236	88751	84360	72976	69081	76922	79444	73147	82153	95000	68499	64079	72524
73829	63624	67276	36732	85477	76384	97158	66141	63287	85557	88776	77428	72815	71075	64475	63067	68059
60717	53583	57629	44518	58047	70382	79899	58985	57443	71113	89599	67898	67751	84407	83284	67847	69534
51096	44080	38973	36255	54907	60452	60662	45033	47747	57221	71970	60803	58868	80263	73878	69157	60428
90196	51866	62485	44755	77240	81419	90213	77661	71941	78451	103150	89801	86847	114099	68282	61011	83787
91215	72920	83617	52840	96754	106877	121608	109355	96097	130488	109342	119032	122228	133340	118207	109776	81867
72803	65986	70488	48372	95444	93351	86996	99240	100178	99226	106841	140291	138533	78283	133449	148154	71719
63321	56786	51554	47277	57573	58792	64321	52387	51724	64801	76922	54359	58028	90263	56240	56299	62952
73159	90040	56762	44041	62563	71654	69205	56554	55803	71664	75970	70440	72010	97490	65871	63189	53950
61293	66394	44002	39246	61589	60341	51523	57323	65527	52189	67091	72509	69450	110204	49421	58349	98763
124825	80926	58837	89693	62144	56602	58921	85039	82264	63375	97478	75475	74150	104271	73356	88653	119291
88353	60063	53824	62301	66433	60656	74472	59961	72467	65775	82246	77312	87103	66085	76897	74059	80551
72423	61517	46815	51840	56561	57860	69350	64239	67243	66835	74256	68706	75271	93197	87472	77773	67568
63027	64914	41222	43082	62426	64314	80446	61681	59573	87311	112666	99037	91546	74134	109250	108088	72749
67193	61614	35699	46813	46046	38820	61855	44818	54157	55851	90907	55336	59100	84780	55127	54732	74135
70034	58629	50405	61803	54647	61206	70624	62646	63108	65160	79259	75693	63577	79859	73283	64031	80131
96307	64202	49177	78559	68644	87590	84038	87081	85961	92761	115655	116312	125024	128696	107652	108758	122203
75171	60725	50229	60548	63642	61471	71191	66416	68735	66719	88180	73022	76918	103136	84877	69994	88621
89268	56317	54966	75657	70305	73869	65328	83405	88715	79943	80278	99288	95918	89225	120328	127408	82908
89375	54701	49035	72238	62838	67545	71633	73954	79366	82772	93777	89301	85992	116361	118075	134817	111126
93195	64492	44806	61482	65298	65660	87468	61463	66265	87505	114425	81015	80291	96069	88321	83733	95114
79635	57725	43094	63333	64035	60755	70892	70155	77808	85017	85879	97148	93021	89642	93569	94251	81160
75491	44219	55026	74785	85850	67740	54736	90002	108889	65335	55280	90722	78365	83227	74839	85478	74632
63414	38982	50474	82382	73370	56475	46600	74089	91830	59239	53968	80352	66982	75830	68226	79987	75611
40667	35333	48667	64333	66667	53000	45333	62333	71000	52333	52667	76000	68333	60333	61667	68333	54333
50032	42609	68993	66041	85616	82458	82572	97216	98224	101564	94786	111464	111160	111224	111065	98627	87153
47099	43358	63584	63583	77866	75228	77206	87512	85487	93434	96831	97910	97115	108922	104359	98832	88592
43800	64545	70253	71407	78924	76842	65464	82690	79699	70771	72703	79675	75628	102975	79694	79635	91174
41508	71905	74439	77188	78565	75519	68045	84497	84915	73746	66900	85091	77816	94304	79644	79977	85655
51668	59780	64777	65044	75032	68848	77107	78489	86054	69124	69209	86939	77146	74112	72760	76742	82673
63872	61222	65737	57715	79011	77342	90765	77635	79516	83627	99731	82486	80969	88254	78627	69397	95066
59378	55486	60827	50417	75975	73238	86557	69743	63557	85487	95860	76959	84415	98592	82806	71888	89737
55635	67965	96237	68379	117818	118459	110233	118988	108009	117196	94140	112997	117298	131783	120198	109544	110924
61984	75796	119606	82146	135704	145464	118290	139286	137185	126236	101932	134476	127081	121835	130739	128119	117111
75506	89513	131549	79263	150888	138854	122800	108079	120862	113221	121741	137610	126438	90093	106953	111756	95080
65884	90806	121071	77257	149874	129008	110631	105123	111684	110588	108784	118963	116948	110648	93729	87770	109097
72615	85649	107192	73195	128279	140017	125569	137611	133441	136297	108250	134845	129428	134225	112762	109789	116415
84163	99644	118944	79332	123407	147121	147034	135996	129586	145738	130603	148398	138643	118293	131036	127830	105707
61568	95713	103427	66592	118930	117794	117617	100557	100325	110009	99347	116662	112956	78428	98842	108807	96401
63257	95715	98322	67117	124873	113280	109644	95846	99332	89609	96420	108990	110439	106011	85629	94066	112208
81995	104048	127273	74259	124218	139383	132660	114929	107060	125320	122979	117834	120145	162916	128103	109993	120988
118143	130664	167707	85335	154899	189101	190078	144408	120532	190170	183796	164296	178229	160916	184335	174974	147325
128277	140922	153237	78362	159221	180394	193470	149427	127787	189909	190610	166140	178178	147905	164302	151284	138967
161021	196894	211083	76176	205690	228638	221034	192167	168618	218061	196515	207784	194093	135633	162156	159728	143426
105605	158362	162739	64499	152564	179363	168215	143821	140779	154869	149484	171458	150461	154708	140533	149064	126983
71293	81403	76813	43324	97929	104406	104150	84596	89524	98831	104614	101645	100190	93645	97326	104571	101257
84011	94079	76670	49119	89983	95143	113965	84091	75735	94235	117184	96879	108376	95330	98919	94051	92801
117812	107578	87222	53053	93523	96193	125074	90236	86483	105243	131668	114709	131603	98110	109582	97420	116150
124598	176205	114390	64059	120721	134354	142289	116965	116673	125455	131285	112674	114000	155025	97466	88759	132027
73938	97500	76453	60114	97799	112448	107963	103002	87042	119025	139672	126693	124723	128212	126550	118938	113695
105913	74700	68127	66719	80153	100106	112465	87169	80468	141317	178037	139478	164028	106210	152388	133428	111927
125160	111193	61185	54469	73751	72093	99641	79359	76584	108188	125308	94348	96691	108950	100339	111521	88027
146512	127507	63526	62095	84779	84587	110561	74274	78862	124267	170233	115075	142024	154949	142933	139970	149846
135577	85512	78090	86646	102300	86868	95882	83495	105734	96239	111573	93398	89775	119692	79230	67125	162287
155134	157643	79327	65133	94493	99613	165730	68963	95536	156047	189861	107268	133829	122039	136227	89640	128175
171881	138165	80686	71390	113004	110476	150585	92336	117390	158146	208827	190093	206745	125431	229478	210708	152095
136429	86853	93890	71463	114468	135213	188277	124810	127546	202009	214304	189960	208476	163940	205020	158953	112609
187647	133023	70981	128165	82563	84023	97604	104483	98954	99243	171076	136164	147191	114759	154261	162186	160615
153618	73970	59596	96960	78998	71724	98635	78303	81045	97540	137930	90333	83030	187473	118203	88259	164594
138374	66597	59668	88649	73419	69242	78763	82433	81956	95308	117691	83650	83359	125915	110077	116406	128150
108690	53349	53203	104881	61594	64903	55644	76182	84656	63411	73246	61970	55170	106773	77438	83800	99175
77358	65553	58589	64822	83620	85815	91052	91443	89236	91581	103446	89600	88790	116207	101406	107794	87200
90566	71050	75754	101207	77708	93067	96540	106102	114521	115086	137666	136208	145873	135757	155740	157458	156773
137556	69897	80073	130639	105996	103365	104824	117058	126661	117565	164285	115870	134866	175879	150890	117082	187739
143677	98124	74778	101007	89541	77197	95056	95123	105592	92923	140611	86141	88061	134750	108816	93038	126166
78024	65852	65482	95812	84974	85416	93591	112492	111013	119324	116072	149634	144894	174533	137502	178858	210162
72305	47144	57625	70434	79061	77519	75781	83513	88197	88713	92647	99950	108648	139598	94360	99759	116539
80420	67161	88103	97777	106165	138921	101313	148611	153519	108473	95391	135586	123325	145146	105803	140335	132257
90389	60049	118874	151135	140253	156195	123957	175048	164658	129892	110937	155855	139968	143567	143636	159103	124556
77300	76877	118010	175608	145145	144215	102281	168868	174490	110379	146177	133583	111087	169117	134099	116940	133415
67297	87326	165995	179461	191060	186023	122634	180666	200843	103612	110831	113848	92033	131194	111052	89916	155016
66491	83029	190216	200974	212345	209984	135725	207776	214153	120081	92668	163964	111273	104903	110001	137514	130690
69582	69966	128188	155035	137409	144864	112188	149819	156178	96433	96858	120316	96770	89047	88909	110296	112094
70024	64229	118708	107763	148338	144561	149978	141498	143943	127738	124380	135981	123434	162348	121821	112127	133098
75584	81820	144772	93959	158357	187234	198058	161193	154027	187653	184263	193307	197215	212495	210486	196744	189460
73964	177708	181497	117967	196734	223317	225043	198359	203563	203160	183645	221424	222848	226612	213483	201379	205447
94516	174899	192605	135882	245426	247489	218732	238672	245068	203047	176855	242908	219817	218092	176066	213124	219570
87482	120664	143259	124675	184195	179918	157485	178381	175689	158600	150454	184467	173033	165286	145780	170083	176666
70377	139284	139900	103748	175268	162933	157263	152211	145993	149038	127196	140142	131758	139962	129472	123538	157081
71944	129885	152027	120115	207716	178128	152870	163683	167878	143677	125577	147690	132013	110105	121226	129138	148333
102646	117141	139260	114833	168948	155182	154947	151190	158066	130818	132685	131762	131932	149715	125063	120602	124790
130765	163154	148928	73488	146614	163759	185688	138826	134304	173869	190522	151047	170229	184040	187013	154991	143942
142550	209895	185436	79627	201971	214754	221202	167186	161303	210743	229030	185743	199320	196092	194186	167077	176012
125491	177575	167790	97097	195020	203315	199253	180591	181477	198613	202376	191185	195074	173158	184961	178398	151157
104415	143017	135708	85211	143292	161950	158702	172169	153299	158088	147744	149788	137532	138230	142525	143401	119647
132553	166955	184602	74593	190429	220084	215784	239107	210134	212353	186279	204753	183844	159913	185139	152674	131571
161629	221577	212320	77222	238802	251205	252245	232385	238018	248700	247202	247937	249420	213509	241045	219421	177212
172917	185502	174754	80872	204064	217177	228163	188948	198306	225291	225903	243161	242346	193636	226071	234816	165490
166223	150999	145876	67295	163612	164647	182293	148225	142650	192981	199633	196962	210150	184237	190115	187028	148510
166335	193921	145927	58198	143960	133989	176305	110695	107703	145443	179309	126261	132401	189202	118794	100179	162525
192659	225572	151780	62358	141326	124960	212876	107321	94488	159255	242964	143216	159144	209969	162812	131786	231765
239139	190830	136608	66935	159365	163639	220944	160029	156438	213109	236709	228389	226765	230808	229190	229157	203083
212753	184576	127915	70240	133587	136131	186672	109199	120868	158357	201935	163093	172465	197273	168033	175337	178014
145492	133194	112063	62331	113851	108111	139932	92617	97195	123917	140025	123604	130129	188535	130202	142161	166667
207592	129098	103885	63737	123044	115193	168671	102116	117380	141702	192366	142942	150993	145356	137049	137299	158622
136738	80297	96261	88850	122509	122727	156394	162836	145601	198614	191584	189898	194507	134147	177541	185599	93857
175688	108675	84976	82970	126221	141668	169170	178364	170201	234090	212527	238961	238476	163953	240569	243402	131322
223193	159098	84166	77739	128747	131312	158891	157792	170342	206334	195043	218956	227792	230479	230128	226069	215830
252281	174345	112983	120345	161218	166517	167718	193760	212821	229754	204040	245187	240579	214585	236952	251184	200764
238731	185687	123912	129990	119854	150400	156781	163944	164659	166889	199811	180144	174769	215535	204377	212080	187396
194750	104317	92836	137242	106061	141124	166889	164456	157389	160919	199027	154957	152019	180713	180458	144622	162273
203681	110869	103403	177679	147392	152673	136701	236600	217876	219362	176415	240212	242248	241081	252395	250936	244232
203209	115908	74601	207055	126519	105686	101057	171102	178855	132037	154432	169722	176205	146460	206625	206174	174534
239379	130463	78166	194276	131562	113791	115795	181105	171133	147452	163245	180473	177140	180721	209562	215927	166799
156279	84671	90317	207234	126659	114418	115173	155067	156359	153294	180477	164393	185969	148906	249800	241748	222101
119218	68647	98514	172911	169287	183459	111169	249213	247892	139238	99642	183112	135717	187257	154052	176369	97201
175657	112143	142940	247278	213804	234428	198442	253336	253390	228055	193685	248853	230799	181369	230099	245464	145487
202820	83001	136085	241401	173302	157612	151564	173532	176160	175978	254707	202385	248262	242260	254854	236505	254587
120288	68194	116397	164410	170901	171662	160500	174266	199835	156506	166030	206137	221998	254783	234052	211384	233613
127733	69353	146887	226015	216748	194846	117711	203902	227542	169643	152736	229262	199973	232621	253687	245665	242847
97210	58875	84604	198744	180322	142362	95465	199667	219745	146327	109933	176500	136039	153860	160207	201553	119782
104459	99268	86060	138287	176347	133355	99497	157118	170701	134018	158750	156989	157330	146551	169706	174331	198091
156982	105244	111340	204699	157859	148743	122828	190958	178545	142281	152325	135153	116461	154153	134868	139916	162055
132360	128653	226230	209625	241554	241443	234935	246597	237873	240354	234675	239368	236954	228798	239568	235571	223429
94813	116235	252389	216984	255000	255000	254165	255000	253434	255000	234513	255000	255000	252790	255000	253851	252787
110534	120623	239730	209704	255000	255000	255000	255000	255000	255000	196095	255000	255000	255000	245074	255000	255000
69436	151300	248567	205797	251745	255000	254271	255000	254453	255000	235684	255000	255000	231245	252856	255000	250537
47674	113316	200140	180433	234045	223878	174071	245438	224690	225935	169905	212269	198394	211172	245203	247970	180165
55239	172341	206801	204878	235885	227839	197491	250545	239678	206728	150653	233632	180652	221110	208649	234731	205465
115162	198457	249142	228074	252803	251778	248630	255000	254268	243912	208804	253536	234718	250241	239546	241889	248906
101739	158646	255000	217830	255000	255000	255000	255000	255000	255000	246860	255000	255000	239822	255000	254384	227704
106958	226085	255000	147535	255000	255000	255000	255000	255000	255000	255000	255000	255000	246926	254229	255000	241001
145268	192478	237318	131534	242602	244635	251342	226017	222118	234995	255000	232938	240292	247480	222642	212347	255000
147344	184754	199175	122233	217074	210775	227733	195457	207013	224260	226492	226551	223212	249079	208627	197572	255000
104860	189629	224360	126923	238729	242778	247289	235370	241205	247832	245986	248375	246529	255000	243814	241425	255000
98757	194621	250267	119052	253463	254829	255000	253805	254274	255000	249405	252203	253322	255000	255000	225349	211922
107487	204531	238738	132764	250823	250699	251725	250449	248407	253130	249353	251974	252841	255000	255000	236140	205055
134338	224631	243624	106524	238297	238133	237999	219227	204507	219016	228440	214315	216480	241679	209561	201805	232048
162079	235343	227521	97462	232684	236396	238411	218819	208787	229081	228728	227224	234218	238585	229338	213977	241220
154828	214532	212441	101966	222042	227493	239897	201536	193414	221364	236358	209475	219806	230153	225606	187191	228858
171297	206923	222970	88140	209654	230607	243260	207223	192050	227174	241201	213103	217857	227808	229213	192602	226529
236204	240411	246956	69390	233885	244916	251994	213820	188734	246294	254336	230872	249526	253450	242011	195138	253197
219346	242283	213896	75978	234104	220449	237559	171232	156889	227141	246280	187833	227143	255000	222621	155613	234653
188113	217401	160272	80286	201615	173994	195763	143309	153090	186130	229740	173328	204143	229456	194096	162561	210702
178038	192129	142778	63426	170766	156071	177313	148833	158305	183508	233703	191435	218411	229548	196413	171139	227836
193668	206676	188364	67464	191242	205278	219439	158050	169655	238048	242407	239986	255000	255000	237564	232156	253238
251390	253839	229733	73892	213084	252249	253668	183639	191549	254884	255000	253294	255000	255000	254710	248354	241693
234923	250987	180249	77747	187517	210136	219286	198298	201488	228731	240242	242441	242013	252639	252048	247812	220512
203839	222122	143963	85436	148574	148069	173770	150942	163779	192874	215556	207586	217911	252199	240327	243398	223770
148796	167107	102345	74841	114431	125615	191442	104992	118564	187696	222427	183648	217742	255000	226495	213900	236785
160342	182803	121683	67544	152847	175237	248284	118699	137532	220832	255000	223795	246045	255000	219345	210716	255000
160677	225951	145074	108232	168063	210626	214059	163715	170101	223605	247487	226661	234186	252000	254937	227182	250770
132387	155540	89774	157708	107550	116737	121307	136056	139741	156920	205287	176750	189203	210964	240286	197178	205397
164163	136765	90118	150727	137847	124712	125788	164843	181574	160808	164745	190482	182922	185860	195356	225628	158393
184785	203535	103739	105193	134700	134012	170238	146684	146502	153875	186457	151785	163172	207968	169856	164662	149822
180139	117999	76934	129952	118127	128877	120578	189083	166117	141678	143992	166275	158218	203524	195417	197898	136451
250994	111864	141411	216430	200325	220641	229367	252658	245683	232547	252788	252811	224582	195734	253730	253037	114598
227930	127533	150262	234396	211437	220822	220214	241231	241570	238776	230609	239634	242129	247553	240738	242651	190591
211735	108457	98549	232592	154620	173782	162613	234612	230300	230557	215374	240622	246388	250900	255000	251711	247067
215273	86847	123586	188545	155783	172445	156882	191980	193035	182124	212595	201739	216962	255000	255000	230687	251339
254773	82584	219435	251443	227826	246531	161292	255000	249411	191221	255000	254153	255000	255000	255000	255000	253015
241095	212323	146105	254822	201196	244704	241941	246705	246030	249223	249420	253135	253864	254851	254757	254831	237955
144846	95709	106495	248781	149332	158776	147738	178567	174513	207075	218858	235497	249166	255000	255000	244887	255000
107600	73967	157695	232574	184958	194717	159186	195049	185869	196076	241833	242839	254455	255000	251900	252052	255000
103160	68443	169887	203143	205398	208780	231371	210471	217798	255000	210440	255000	249967	255000	226353	255000	255000
113517	85958	254242	254651	254609	254627	251250	254706	254602	254957	242364	254780	254914	255000	254902	254914	255000
135268	120854	252840	254233	253946	254179	253416	254361	254135	254721	253820	254521	254814	254974	254787	254814	255000
146052	77734	208848	254949	236374	254125	206534	255000	254988	238044	215591	255000	255000	252578	255000	255000	255000
166695	97178	234085	255000	239547	254981	253835	255000	255000	254592	243375	255000	255000	254942	255000	255000	255000
84091	91148	224603	230535	254456	255000	255000	255000	255000	255000	226794	255000	255000	250073	255000	255000	184922
60536	54545	235164	191743	249965	255000	255000	255000	255000	250595	240482	255000	253532	212102	252692	244511	188260
98820	103129	254603	249733	254936	255000	255000	255000	255000	254944	187116	255000	254981	249402	254971	254867	188871
136337	220503	253874	254587	254662	255000	247785	255000	255000	252616	175023	255000	245102	245776	240724	254587	235743
98031	105994	210780	218491	205347	236801	187366	250885	246137	215548	161600	223732	184110	214232	170045	233956	190664
89095	191526	231052	219041	248334	252799	245389	253890	252608	247682	239190	248861	226981	249281	239659	249485	244909
107254	205057	242697	203021	255000	255000	254875	255000	255000	255000	254501	255000	253127	255000	255000	255000	255000
173426	245989	252832	243856	255000	255000	255000	255000	255000	255000	255000	255000	255000	255000	255000	253049	255000
173037	233108	243140	185739	249609	250328	251526	254401	251526	254806	242929	252604	250208	254515	254760	251885	254483
201598	229480	246961	131427	251346	251833	252645	254594	252645	255000	247936	253376	251752	255000	254838	252889	255000
245417	246858	255000	138998	255000	255000	255000	255000	255000	255000	255000	255000	255000	255000	255000	255000	248474
206399	255000	255000	111649	244740	255000	255000	255000	245820	255000	251760	255000	253380	250698	255000	255000	242404
178407	255000	255000	103106	249768	255000	255000	227766	211129	255000	253348	255000	254174	254593	239723	235073	250870
207216	255000	255000	137602	255000	255000	253221	220781	207017	234835	217043	255000	227125	255000	191251	202406	253969
221889	255000	255000	127667	255000	255000	254333	230333	232333	247444	240778	255000	244556	255000	219667	237444	253778
230896	252570	227967	119094	231308	243154	237687	216825	221856	238294	236168	224019	220374	249515	224945	227028	239813
238227	254184	240967	110652	247047	251023	243204	233485	245211	244434	235856	242890	236024	250654	238261	228747	234003
229475	252759	254131	126217	255000	255000	253952	248580	255000	254131	252754	254701	253712	255000	253533	247198	251363
217074	253545	221504	105761	255000	249331	255000	210167	218412	255000	255000	255000	255000	255000	254050	254950	255000
223556	208657	233487	130271	246909	248686	248527	205404	221029	240975	244931	232884	237379	204795	233244	230187	228739
229530	212380	232779	117665	235475	244933	246588	193837	214561	236773	241914	226258	232100	217633	226726	207305	211641
255000	246651	240061	89151	250346	251852	255000	203192	216804	255000	255000	255000	255000	244541	255000	229711	207483
255000	252403	197105	110040	217679	225838	252871	217282	218138	252403	255000	253191	254536	251730	253191	242882	238073
199395	191141	139756	101342	180637	203663	243245	188246	191682	255000	255000	240230	235886	252698	255000	239223	250856
188231	183251	176395	73254	213639	226381	245297	181456	200036	255000	255000	242311	238579	255000	255000	238253	255000
208740	229165	197498	69015	227787	240636	255000	213292	225938	255000	255000	255000	255000	255000	255000	254334	235145
221989	240776	178473	85245	210498	223094	255000	223646	247108	238735	245537	251451	240213	255000	254409	253800	233224
247715	252380	148994	113742	215274	212620	255000	190380	234669	225785	238002	248626	228441	255000	253938	255000	251933
255000	236652	156451	111539	223340	227490	250167	199918	229779	251283	251743	249630	251496	251157	252192	251874	251626
255000	213224	136723	124687	188361	204299	239354	204195	209115	249906	239536	239718	246085	234778	255000	242265	237170
253668	216072	149990	124763	216985	221519	234347	203079	213203	230252	243071	239511	242181	254367	241469	246810	255000
245617	234341	151871	114865	209347	204834	213843	188718	200800	210221	228896	223536	227504	255000	232451	242048	255000
250292	250472	197627	175784	237231	238714	241731	236880	236955	242844	245412	244556	245155	255000	249949	252517	255000
255000	254098	216396	236371	237806	233216	255000	250527	249211	255000	255000	255000	255000	255000	255000	255000	255000
255000	240204	127102	218990	179591	174679	235896	241667	234809	255000	255000	255000	255000	255000	255000	255000	255000
255000	227482	104296	235555	161162	160951	186045	245180	228663	249641	255000	255000	255000	255000	255000	255000	255000
255000	231812	109361	233600	164952	155885	207747	235082	225091	228677	255000	255000	255000	255000	255000	255000	255000
255000	133438	94505	165740	138288	127993	203215	138265	159289	245086	255000	254153	255000	255000	255000	255000	255000
235760	165614	81955	179179	147057	141276	248542	127547	151578	254947	251628	254827	253612	254755	255000	255000	254552
194758	134834	72162	152401	147181	147390	240938	157067	175837	253683	255000	254377	254787	250092	255000	255000	246038
250600	132951	85441	209698	185928	178362	217561	229566	221887	252677	255000	255000	255000	255000	255000	255000	255000
208170	156467	98830	195358	182263	174505	217052	221165	224608	255000	255000	252685	255000	255000	255000	255000	252206
170865	102483	94839	154299	169029	147284	192456	181216	206089	242034	250401	223602	248251	254142	248821	252650	228433
205375	84521	161264	251037	217169	144770	105091	245339	220749	122320	214211	160150	189132	255000	192645	230416	254972
218712	104735	154022	214253	232074	212776	211874	251141	251570	236267	241061	254047	254571	255000	255000	247157	253205
189824	113671	159217	197242	179602	180323	184681	211277	215838	228550	216644	244204	250142	254314	255000	255000	255000
173204	94529	207168	255000	206057	248400	218021	255000	245097	254647	216698	254762	254828	232099	255000	255000	255000
94656	118309	214914	255000	241095	246371	223412	255000	255000	247483	200439	249952	251251	254948	254864	254997	254950
131840	156812	236070	254969	178890	192877	133273	255000	255000	143179	162152	191921	159426	255000	185231	255000	255000
129346	94834	208046	255000	201692	235905	176686	255000	255000	189461	196905	186450	196787	255000	203558	197499	255000
117122	86531	192882	255000	199228	198016	193523	233171	255000	194618	225220	248454	230677	255000	250047	252405	255000
178482	96459	236896	255000	252065	251915	250092	253802	255000	251885	253502	254820	253802	255000	254850	255000	255000
134653	81007	232470	255000	247132	242110	234485	255000	255000	252991	239599	246462	246128	255000	255000	255000	255000
108834	125319	227103	254566	254132	254208	253666	254497	254103	253718	254678	254141	254762	254227	254379	253876	255000
127879	91884	185908	253730	228829	250761	227779	253528	252374	241745	234596	252489	250746	246205	253182	251710	246936
122981	105454	175325	215160	199943	205154	213060	215149	228433	213865	220466	235926	230829	220263	255000	244782	213958
85245	107919	187489	206190	232685	202459	199280	234552	223276	199347	180657	200548	189482	236922	226837	223832	226917
78232	102698	238558	243110	252297	245682	240922	254038	249187	240529	229857	239416	236236	254038	245936	247637	222973
99423	118082	254127	255000	255000	255000	255000	255000	255000	231682	220486	255000	226241	209919	255000	236346	199660
84921	130810	229339	241486	255000	244557	250086	255000	255000	249200	245490	255000	247847	243787	255000	250360	243787
144066	175444	248819	233876	255000	252306	253732	255000	255000	255000	255000	255000	255000	255000	255000	255000	237849
102335	175382	255000	250486	255000	255000	255000	255000	255000	255000	255000	255000	255000	255000	255000	255000	249349
118658	224384	255000	255000	255000	255000	255000	255000	255000	255000	255000	255000	255000	255000	255000	255000	255000
128114	219681	252334	191583	255000	255000	255000	253001	255000	255000	255000	255000	255000	255000	255000	255000	255000
146467	238996	253880	215928	255000	255000	255000	254160	255000	255000	255000	255000	255000	255000	255000	255000	255000
178628	253654	255000	214070	247112	255000	250936	252132	248785	255000	255000	249502	255000	255000	255000	249024	255000
166022	255000	255000	228965	247840	255000	251312	252397	249359	255000	255000	250010	255000	255000	255000	246041	255000
184852	255000	255000	250955	255000	255000	255000	255000	255000	255000	255000	255000	255000	255000	255000	251927	255000
204498	255000	255000	253340	255000	255000	255000	255000	255000	255000	255000	255000	255000	255000	255000	255000	255000
205711	253829	255000	242028	255000	255000	255000	255000	255000	255000	255000	255000	255000	255000	255000	255000	249325
236195	252856	255000	231246	255000	255000	255000	255000	255000	255000	255000	255000	255000	255000	255000	228691	244608
250681	253848	255000	244346	255000	255000	255000	255000	255000	255000	238011	255000	255000	255000	245785	238726	218729
216725	241868	255000	238063	255000	255000	255000	255000	255000	255000	194901	255000	255000	255000	242946	255000	169947
158727	238310	255000	189739	255000	255000	255000	251367	255000	255000	205062	255000	255000	255000	255000	255000	209192
198267	253612	255000	183042	255000	255000	255000	251299	255000	255000	255000	255000	255000	255000	255000	255000	245717
244755	255000	255000	185709	255000	255000	255000	251248	253949	255000	255000	255000	255000	255000	250798	248396	239816
248567	255000	255000	136261	255000	255000	255000	247160	252805	255000	255000	255000	255000	255000	246219	236382	255000
247747	242353	255000	169522	255000	255000	255000	255000	255000	255000	255000	255000	255000	255000	255000	251028	245621
252120	230962	255000	170765	255000	255000	255000	255000	255000	255000	255000	255000	255000	255000	255000	255000	236434
248355	238947	255000	141735	255000	255000	255000	255000	255000	255000	255000	255000	255000	255000	255000	255000	253839
234103	232259	255000	139822	255000	255000	255000	255000	255000	255000	255000	255000	255000	255000	255000	255000	249593
255000	249013	255000	144043	255000	255000	255000	239035	247018	255000	255000	255000	255000	255000	255000	255000	252173
247927	230353	246641	120436	255000	255000	255000	206422	230711	255000	255000	255000	255000	255000	255000	255000	246398
222470	235117	214139	110441	244313	228538	235408	229047	239988	255000	255000	255000	255000	255000	255000	255000	255000
229338	255000	216179	105011	227364	186569	204335	184239	216179	255000	254795	255000	255000	254941	252949	252493	246210
255000	255000	255000	132732	255000	255000	255000	246590	255000	255000	253339	255000	255000	254526	250269	249218	226081
243407	248058	244608	169363	255000	254359	255000	248912	251796	255000	241445	255000	249380	250514	251914	254669	235256
203556	239584	218751	130929	255000	253577	255000	241482	247885	255000	185386	255000	226136	245039	239153	253302	182244
255000	255000	255000	159257	255000	255000	255000	255000	255000	255000	255000	255000	255000	255000	255000	255000	255000
254585	255000	253091	101988	255000	255000	255000	248893	253008	255000	255000	255000	255000	255000	255000	255000	252176
255000	255000	255000	94302	255000	255000	255000	254235	255000	255000	255000	255000	255000	255000	255000	255000	242829
249329	254485	253604	96522	255000	255000	255000	252996	255000	255000	255000	255000	255000	255000	255000	255000	255000
226165	249395	244154	78782	255000	255000	255000	233204	255000	255000	255000	255000	255000	255000	255000	255000	255000
248464	255000	254913	109555	255000	255000	255000	255000	255000	255000	255000	255000	255000	255000	255000	255000	255000
255000	255000	255000	90517	255000	254384	255000	249101	253153	255000	255000	255000	255000	255000	255000	255000	255000
255000	255000	255000	58152	255000	246665	255000	175124	229995	255000	255000	255000	255000	255000	255000	255000	255000
255000	255000	255000	104032	255000	255000	255000	254566	255000	255000	255000	255000	255000	255000	255000	255000	255000
255000	255000	255000	114444	255000	255000	255000	237766	255000	255000	255000	255000	255000	255000	255000	255000	255000
255000	255000	204919	95405	247361	235477	255000	190507	217883	255000	242268	226989	187094	246200	221047	238167	158205
254808	255000	249771	79153	253374	254022	255000	250536	253270	255000	254338	253623	251661	254791	253312	255000	250701
254949	255000	206929	81831	250742	242657	255000	226660	244879	255000	255000	255000	255000	251544	255000	253519	238214
255000	244458	195391	59355	205459	217621	242350	185363	222612	253313	245723	249940	242350	254452	250362	245122	239016
255000	253271	235902	116254	246978	239083	252925	243876	249952	254723	253479	254170	252925	255000	254239	253913	254028
255000	255000	212064	93558	253601	253890	255000	227707	252456	255000	255000	255000	255000	255000	255000	255000	255000
255000	255000	171882	80420	223845	244330	255000	170525	224197	255000	255000	255000	255000	255000	255000	192583	254903
255000	255000	237053	119399	248688	253259	255000	228881	250271	255000	255000	255000	255000	247333	255000	245418	255000
255000	255000	195780	102221	234855	228536	255000	191264	236149	240861	255000	252825	245937	217153	202599	228942	255000
255000	255000	214499	83915	247732	235972	255000	212219	248128	249846	255000	254207	251696	249327	240905	248414	255000
255000	240714	166829	77186	203050	244058	255000	241407	255000	255000	255000	255000	255000	255000	255000	255000	255000
253246	185463	134514	106394	182109	195974	238252	218073	228622	219188	237847	211244	215284	227078	189435	203516	149779
250974	234087	176869	100021	232316	234346	248772	214878	241836	241621	247842	238029	239980	245088	230433	234934	215604
255000	255000	197963	90300	225034	238715	255000	205946	237901	255000	255000	255000	255000	255000	255000	255000	250818
241009	224068	141778	102946	166789	176886	228313	172316	184704	245932	242563	248263	253186	255000	255000	222853	246191
251883	247248	149726	106056	193162	199955	249054	163190	211811	252980	252229	253499	254596	243913	255000	222906	253037
254770	230036	112242	79357	139402	142860	181979	125249	161424	175084	218361	189032	194399	248205	193288	219260	254421
255000	213479	151507	77275	184224	201029	222538	170183	180213	219378	238625	223787	227996	255000	225829	209293	251497
234705	178523	121645	82118	178822	205142	246207	204421	214859	252844	248174	255000	255000	255000	255000	243431	255000
210645	177162	83719	99961	129626	147033	218768	152907	180799	219652	251989	226396	254638	255000	234362	212276	249931
238022	231642	111662	172827	171052	180812	226555	144666	169706	222217	255000	227738	254655	244362	235330	213288	250169
255000	254832	209327	236295	250083	250714	254966	222519	232002	255000	255000	255000	255000	244755	255000	254960	255000
255000	255000	180695	154498	223313	240948	254464	186346	221053	255000	255000	255000	255000	255000	255000	252207	251141
245208	238865	97994	158583	151136	163792	245053	124150	143159	247656	255000	227989	243611	237219	238606	251242	233116
240494	223346	73590	190509	118979	111952	230344	108153	100432	230059	255000	192639	245117	199666	203604	227697	218349
255000	220127	71108	204087	132457	120090	234533	136800	122830	226208	255000	201073	254582	173075	204826	186893	198790
233336	192578	66615	180641	134147	134202	234405	183648	158599	236031	255000	238741	255000	203513	255000	208391	164009
223188	169027	101047	176058	161636	187410	251307	233663	221435	253523	255000	253312	255000	255000	254156	251202	219168
234743	198705	114154	165296	176985	231763	255000	206438	245342	255000	255000	255000	255000	255000	255000	255000	255000
253189	194737	99007	168586	160815	220290	255000	191840	237109	255000	255000	255000	255000	254012	255000	255000	255000
236961	173787	101088	162220	150069	211882	250431	217859	224966	246941	251428	249351	247772	254156	249683	255000	253172
229284	181254	89677	109372	143523	175972	226014	162617	195195	231777	254251	245954	253485	255000	253885	255000	254617
249448	135473	63645	154261	115875	142303	202515	162677	165973	214414	255000	240880	255000	255000	255000	255000	255000
235675	151787	71391	173906	159510	188284	240085	219584	224358	246152	255000	248933	255000	255000	255000	255000	255000
212900	128960	67414	124759	133272	151696	229027	191412	219367	252843	251194	255000	255000	255000	255000	255000	255000
231021	141487	58039	141846	117378	116737	179683	181832	183543	242245	247086	244499	248205	255000	255000	255000	255000
225142	172859	78379	176265	140284	133431	221991	169423	166745	228157	245671	218361	231320	255000	254734	255000	255000
253636	185357	74043	245853	153359	157782	240759	237011	236696	241521	254415	245378	253218	255000	255000	255000	254182
240207	137983	74190	232225	125783	138130	211219	227316	219793	227208	252724	247418	252563	240948	252858	251044	237842
206261	145754	61660	162980	89562	99523	178118	125458	136618	193503	246866	211983	228783	210259	229933	242824	226088
240702	192615	62487	194553	87429	92389	150892	132291	117523	153079	245508	154612	171574	233914	171608	230452	245434
161806	160715	49372	219449	72192	76912	131017	132925	108431	154327	250038	134424	171187	250224	191013	164742	215778
156829	108561	56306	120205	76338	104266	167967	148631	156486	210772	231015	228905	244506	255000	255000	250530	255000
241328	111554	58632	109844	86074	94540	154114	102228	122570	220891	252378	231928	255000	255000	255000	231336	255000
188473	166651	71170	188766	125564	148606	192386	223921	242065	251862	236954	252950	252239	255000	253075	251778	255000
219816	229431	85958	217197	149565	168838	225187	202559	216204	235044	238625	242605	238373	255000	243412	235602	255000
242600	243247	75767	186279	113419	126988	251822	122758	141416	236508	255000	254119	255000	254956	255000	254811	254978
208388	189939	79765	152922	141208	175587	216718	217360	237601	252985	255000	254158	254745	253699	254311	255000	255000
169275	141006	66845	180033	104713	100293	185563	131568	155345	200705	254075	231817	247511	220008	236099	254315	254568
98178	77454	55284	140086	65731	77105	95668	106593	99573	146467	182372	157493	186446	196769	175072	163146	221075
155066	164808	68571	172670	126171	138312	223503	225550	236165	251822	253637	252127	253280	253491	252405	251579	232933
249882	157839	80169	169491	130949	134477	229512	143578	168507	233408	255000	255000	255000	255000	255000	255000	253548
240680	113196	70760	174866	108450	124798	210030	157649	179157	203679	255000	255000	255000	255000	255000	255000	244227
174005	98640	63811	201716	129811	125567	229395	157116	196397	230996	255000	254447	255000	198126	198644	201286	202352
187323	186210	59785	175446	114394	103576	206158	135239	159921	195426	255000	201925	193176	154505	171512	156070	175826
249858	176302	55662	196942	114019	112457	194708	153395	159866	236656	254476	244037	243240	240889	241635	191390	244070
239296	137448	78494	241093	123812	118865	181367	150483	200128	225301	248727	249829	249205	253841	255000	244110	255000
243462	133297	66433	192068	91386	83684	126491	139937	141679	136254	209141	197539	226622	223470	227183	255000	254921
187288	95887	46327	148241	70019	68721	105928	141435	126402	109594	192928	128722	133454	177546	176487	236040	206739
121023	96498	47395	107423	95551	122412	152331	213219	200487	204048	237091	215910	218636	241549	240608	251391	245814
140145	73245	63949	171186	149775	152530	189895	223185	221517	229132	253730	239494	246423	254476	255000	255000	255000
183549	106919	79156	197784	150786	163379	205838	211277	234835	247477	245522	253381	254175	254778	255000	236606	255000
200958	100124	78176	225215	124818	131335	164301	197450	183447	198662	255000	252598	255000	252069	248262	245220	254170
200895	90448	52032	199298	106026	99333	176331	205886	181056	183007	244774	205231	215937	230441	229740	229300	246896
206454	92443	43862	196678	99887	103572	129636	222635	207569	169633	214613	219699	221729	213204	230749	246697	227202
169444	87667	59333	213444	89667	90222	90556	213889	166778	134222	186778	193889	194333	222556	229000	255000	240111
195895	107525	70895	251672	112083	113515	97695	233826	194477	126300	176082	205265	209171	249954	236930	251824	255000
156092	110026	57852	249703	99859	112764	98301	219470	194906	132315	168352	217736	198767	255000	233698	255000	255000
133011	91569	50212	173609	97413	107697	131467	178798	174771	182293	215445	240670	229850	241942	244765	245994	255000
119088	92402	50686	127741	87040	89629	127885	135835	140882	149078	185982	188437	188020	194033	201273	199290	212127
111937	87546	57044	138925	99974	102019	128514	156466	164832	171704	203882	207780	205917	186640	221113	230766	210753
106830	58959	53706	129170	95482	95128	131141	140556	144923	186844	219574	209484	228619	199601	236487	220288	203591
137991	53979	50336	118499	90171	89479	140062	125633	125041	171103	225700	166358	190871	233241	231071	158932	228188
131737	73673	55593	183369	100403	107736	121929	177352	171842	179849	184548	200681	201228	207524	245473	210006	249983
119776	78221	52872	215370	82304	88825	88802	155170	135400	126212	122801	155003	148945	151129	175763	223931	178507
159297	87444	47863	200689	77276	81053	93778	146805	119090	98714	138513	123155	112353	156119	134505	215521	153910
145606	98679	51851	174378	92872	98692	124157	164507	161050	144783	178833	184203	172845	185211	209592	237665	212862
90527	96601	49757	177400	87952	92159	125458	157613	160266	161385	152141	177917	179590	193081	227219	213833	197010
162067	123513	50539	217262	79505	74948	107883	140730	144655	132464	170303	166150	176956	216879	226147	221754	202959
196998	139548	52184	234631	92339	88094	102486	175669	182859	138917	172295	190708	187943	218898	253061	241862	235708
137808	85993	49649	186541	105706	103586	110876	193655	191760	170931	180964	203122	203761	224307	248097	251158	248701
140210	71941	51243	148158	121606	118831	145164	207002	211007	208591	221698	221121	216434	247163	233481	236336	245930
97617	56549	61791	158990	101880	100486	111311	153845	156318	136995	163837	166510	154279	241750	196661	211019	247873
106243	75102	66561	195548	92086	89636	108072	113396	117386	106016	172839	142315	145804	208101	162740	173163	213034
115083	82084	61312	160183	80465	80115	88428	95916	99000	108377	141018	120776	131665	212671	163496	133914	171017
108923	72791	47754	137917	80483	77320	68775	126453	115885	104104	102975	125958	124866	200535	166067	186795	190081
108167	64007	48130	149788	107488	98862	75542	155682	152162	134643	128614	159370	149992	219223	191344	199243	203335
60554	55673	40135	94661	73545	85601	87706	118016	118883	133936	160598	163433	169579	218307	186694	221668	216946
100961	71021	64712	168716	98436	129053	104580	218350	186007	221114	170813	236045	243610	206866	247335	231683	240944
151470	88934	58901	223362	91277	105720	100118	229254	194197	171035	174713	199879	205086	161105	228707	230704	184221
100015	84887	66036	207140	105806	114967	138163	195643	180531	214212	235132	209218	223494	199114	250077	247787	198098
118205	78479	79095	221600	139399	143029	158380	202514	215880	224384	238318	251759	251563	208775	248356	215996	239260
122667	88447	58647	243099	120810	124211	144477	190664	193411	191796	213546	233249	236364	179209	204984	183468	134423
76491	49087	79087	173159	142666	205138	171765	250381	249823	250654	244541	254319	255000	248278	253987	252643	252303
71908	48331	68133	157015	109696	144110	151461	197963	201035	199322	208940	236468	249254	218380	229235	203245	225939
104754	76192	59685	152733	107756	146488	151486	225694	218817	167323	212263	206484	206405	177881	186767	185208	188967
250333	89473	74256	250778	137159	165306	140994	250657	247258	224558	204548	241434	236402	251841	250180	255000	252481
227636	63913	52954	143313	104297	83097	127735	148414	145453	121016	178212	209593	210562	179270	219105	252258	182249
218985	81928	90890	199065	150299	178094	151258	240209	232659	203292	211370	254985	254989	238639	226147	133057	244035
195146	77129	67277	251757	113929	144163	125597	230116	232885	167574	200802	240143	244388	204721	234387	201873	208229
75489	53652	46925	112203	75049	85783	95788	108707	129782	130629	181933	200614	195071	146480	204971	211217	153807
90566	50585	51814	168348	90663	82842	77499	139547	121630	99492	125333	131695	113619	197646	136789	184804	172160
135369	61738	49053	137454	88127	95916	76514	163773	160391	106388	63855	161521	142801	105408	137135	136369	112007
146014	91499	47536	138965	90331	90138	94646	141430	143101	113713	132301	155368	152889	199566	151918	173473	178309
128337	85531	68177	172288	122273	128312	112664	191276	200861	165127	156372	223911	228624	192027	214052	195429	212884
119081	87357	73839	144209	112814	129628	114706	155842	164884	146769	153729	187881	188647	209801	193735	167696	227356
129438	125228	67629	168323	86134	92791	88225	128056	116312	95206	126922	118869	115715	143121	128205	209045	166854
90252	88995	75038	157759	131450	167715	132544	223857	210393	191076	143367	191619	188389	229834	226787	193052	230726
78560	76996	70083	149248	143420	164156	134092	211464	215479	221463	209001	243580	242283	246656	251194	238007	225375
151510	87880	52188	179162	102718	126824	84775	220344	214751	158401	130121	226095	210141	188085	244403	228277	214343
123851	79011	43739	204447	80698	107386	72538	182515	172677	124291	90044	207085	179548	157270	220861	238113	219914
100726	56289	55986	185501	96866	118887	78290	205406	162096	147195	96998	184460	165492	185493	177568	167777	202266
96041	43978	48753	167015	128027	139813	104561	212203	212832	164705	138141	227669	227496	210910	231749	175580	197234
103385	44764	47062	179503	122996	124952	84597	198006	218820	140102	111396	204398	200936	154774	187959	211681	188988
82051	45825	57996	165553	126754	137162	113002	189432	203592	149787	156208	206740	212755	204085	186943	230850	202785
77270	50353	63493	146432	128342	146576	136648	195866	218118	177744	185534	203970	207136	229144	190650	199342	215185
91863	61268	57416	158448	127536	131014	116345	200852	220533	160749	156473	225239	213678	191921	237267	236223	178725
95480	55505	54561	167920	130433	122324	111853	200803	202865	154968	150278	215158	206536	205779	208478	212428	132396
81799	49792	49679	148015	114535	114989	93932	204108	199261	155017	133743	217639	196939	248518	223155	226334	206296
95279	60384	47650	144620	85131	94621	72029	150553	145867	130309	130123	192930	191123	188712	214610	220311	191566
100235	75370	45378	124238	73640	66626	76172	121030	108963	101476	119481	144741	150680	136313	171402	169033	126200
103179	85641	44632	114173	96565	86309	99828	148842	142375	141486	147436	186921	198022	171175	204751	169090	133671
127006	76404	64784	173122	122942	126864	131510	194181	192015	177310	198200	239030	245039	213198	222726	199142	165564
107090	60369	68211	224483	130288	134417	123186	232661	217893	178152	187096	246869	250257	240326	228558	240833	218420
81602	68204	47747	166794	96570	102018	87288	186084	185071	152515	129644	219062	230934	231431	233919	237810	238010
130601	79052	52788	191963	88196	96330	84947	194945	182500	138617	116998	194641	206231	202210	223389	216896	198081
142805	72886	53457	182181	87886	99709	98317	207234	168498	150832	145643	173625	191702	154116	207994	189521	137466
106139	62292	46424	128810	80058	106513	112991	176173	146061	151259	167312	176419	198898	171749	193811	170858	143898
77392	65435	53343	131830	97357	131701	150304	191858	178955	153749	188594	213902	226490	235231	251406	235080	230374
81353	78724	58938	110517	102907	127623	149426	171837	165855	168984	202041	229258	238801	207054	237751	221595	207764
120877	76585	44768	138933	84214	98710	93486	170336	160408	150466	144730	207058	203340	166245	198250	174023	150089
146572	76103	36640	163478	80447	86567	85008	160105	158816	112190	118743	185659	185893	164853	176284	127894	145972
176854	102564	36839	167653	81400	96407	88944	194197	173111	125126	121636	174009	172446	176987	193413	179829	175603
221901	102985	37881	219464	87012	98964	83890	215637	184494	154388	122224	229253	229389	111953	224516	216902	151621
114958	67140	42928	116832	68564	83164	83702	123478	112121	113833	103056	164061	163635	131085	156759	128138	130970
75353	64570	38442	86898	63162	77383	83258	114016	109880	121294	139449	166065	161915	184935	165063	148193	169979
113081	92121	39277	130612	62468	77941	79733	119051	120049	114491	141419	172434	171210	171708	170720	160545	205840
121318	86654	55947	149803	74712	91046	97345	146968	144681	124443	113159	174098	177503	143681	192733	187193	151629
98193	76455	43847	104879	59400	63664	59518	109758	98851	84149	62574	109333	105796	108341	126100	116289	108281
77758	57437	36961	66704	51553	55337	59969	87802	83496	74823	71911	97021	95807	87333	113673	96514	84713
111229	68581	37280	90768	52307	62720	65836	108461	107539	79897	92480	118470	118191	108881	122530	139278	120088
87268	68399	41003	94552	66809	71625	90790	108593	106011	112403	129457	130141	136594	116058	130757	141333	100993
107104	64963	33669	88252	45918	48586	48250	101476	87714	83614	73525	101158	99671	83804	104774	72647	90363
147858	68415	45628	80009	46709	56284	57591	101501	89101	96553	96438	119122	135301	85071	151114	115191	104934
68889	54160	33749	59912	56921	72260	79869	100972	112395	145745	152611	156505	180398	163964	176386	205014	155741
157919	114469	40694	96491	48548	56990	64105	102656	101981	82796	97106	112216	114557	147131	114522	111710	143617
107489	82604	42698	89689	47055	52085	56755	97319	87789	79512	90484	108227	121726	93242	112615	127590	85366
104700	83369	35262	84116	41981	52256	70221	102664	99869	80443	91645	136760	135355	136140	132984	115014	105767
114616	93064	40134	83000	51114	55969	61461	99350	87241	82181	81947	100681	99743	172446	133554	167369	225767
115127	113255	43444	73596	64736	56144	73606	136001	115041	90427	86474	122454	138500	103191	112279	139807	106214
89877	69581	38832	78505	54776	59172	61971	94798	92056	80076	92461	123970	121148	68401	101178	119876	78916
98769	73360	35779	68880	45574	44350	46182	91059	87203	75394	77269	99660	110994	101096	108868	124030	88274
74420	49071	37704	58308	38130	44117	62329	71137	71559	70631	96586	75736	83026	164633	82517	88965	169187
114694	69569	44744	64824	52151	61999	64966	102985	101218	72902	100649	110115	124815	133822	91357	108748	151304
122851	77556	41861	70774	53160	62807	68815	111256	109432	96858	108531	158395	168024	128996	155736	185156	150728
101011	81606	40443	53646	47933	47481	60944	74480	82973	70007	95727	103001	92394	103660	108977	158632	112127
107828	83000	41658	65755	44763	47550	50651	79049	82462	63132	79736	90446	84145	138379	81464	109953	148820
130189	126777	49565	92847	59165	68261	53359	155115	136972	102802	69576	161667	156262	173234	182980	137162	142776
109816	109151	42476	71576	50139	58550	58479	102711	98306	93586	78771	145166	135059	131404	159702	128094	114140
133434	110260	64594	50589	54874	67454	69213	86661	83646	73003	93058	118713	113143	93725	143311	171538	104056
87100	90003	54513	41953	50038	48707	61387	63726	66479	62942	92174	81225	77167	92995	97912	128798	90908
81907	69958	48662	43762	54927	51112	67904	70027	76168	73439	96945	81678	86769	82738	104011	118854	86905
77078	71390	50628	38113	46760	51503	61651	70541	67866	77113	94509	87062	94062	80080	105431	116921	76695
57731	69069	46977	32979	40271	45538	49877	61165	54437	59577	58046	71077	76913	81350	80116	76635	75350
77627	105594	52581	34246	48577	53892	62355	70169	66557	80819	88975	100621	108148	99985	130170	112159	97057
118917	114683	69390	42389	57927	51552	66676	75324	83001	67335	96485	100804	100722	107043	148044	151605	108665
121154	84014	64524	46175	52058	53041	62113	74780	80463	65195	79214	100515	99266	108246	133500	160832	107253
177335	129239	92919	50448	54352	55799	70849	85895	80045	77039	87701	110671	116126	93342	144026	135906	96816
170030	105844	81325	49377	52461	54779	71643	77892	80331	80034	108005	93932	106522	86377	127459	125985	88466
112195	122136	72588	41207	58489	58744	71919	79940	89549	81218	96790	106632	110114	133466	133379	137850	150838
81366	118395	77579	35048	57198	56739	75886	73427	77587	72712	91504	104923	97559	116343	122121	133980	140661
75177	73513	61418	32926	44709	46108	60335	52129	54402	55789	74369	77105	71427	77568	88989	84729	83284
99589	80111	75864	35753	47979	54240	68295	54313	58116	61528	85611	66881	67638	71253	81779	67607	69081
104265	103302	83871	38142	54799	67133	78793	61189	68086	76610	110183	75006	80972	90528	92684	93089	81438
91803	94070	62601	40737	49818	52049	60668	57053	62087	65946	84127	74417	76490	94205	93935	97563	86972
89330	95449	59354	42328	50611	46275	59905	51526	50354	50318	70982	62048	59173	60232	66827	86918	73059
102337	105590	76403	39629	57014	52100	65327	52771	48509	49415	66613	62435	59209	65195	66117	82900	72235
85747	96912	85012	32685	57868	55764	60814	53899	50754	57924	70615	73062	72222	71848	76044	83325	72458
77138	78421	72739	31156	57099	59194	65225	52046	48198	63232	80632	61825	71664	60842	72815	91350	59553
84133	83747	76296	29918	56889	48178	63322	52885	44844	56497	62421	67259	70492	69490	82697	87640	76901
108452	110551	94404	34330	66122	62551	78643	67221	64649	82326	94762	105042	112503	90611	123096	125382	92786
88566	89400	72223	36179	56094	55273	71599	65238	68604	85903	103030	102770	114104	87734	128223	143215	96322
69744	85515	59565	30732	44388	46665	50618	53580	53828	59655	67688	73837	83724	83265	90902	77209	81118
69751	72563	63561	26499	48409	52298	60501	45422	47255	51578	59963	70802	77693	66061	91688	89542	71511
65129	50712	61312	30381	48391	49803	63775	44120	45121	51720	65641	57833	55162	72747	73492	75889	70272
48035	51028	46458	33656	41472	41365	47600	54493	61864	62842	59558	74474	73520	98077	98883	74673	94490
54299	64356	53145	35816	45878	47546	55264	54449	64010	60284	60991	82309	79502	85824	94417	86215	96432
76229	66497	63545	29666	49385	42816	56172	44953	52297	47303	53896	67167	70384	76742	81534	77773	97918
103700	68568	68512	30928	40872	45995	58172	42452	40124	48823	56949	61598	70036	52238	68980	88901	54465
55645	71286	62816	34543	47366	51433	56494	39272	46855	41162	70387	42581	49873	64361	61128	64733	66971
61729	68356	62900	34095	42550	47368	52606	49991	49023	50283	58554	53407	56014	59761	65109	70883	72967
60227	48454	62907	40063	51622	62708	75515	63481	64246	77111	89090	75641	79097	80986	90787	83109	69971
58511	57895	61574	36898	40880	47346	53303	50457	55927	50282	62392	70843	59021	68929	77780	84350	74425
74623	75921	62920	32841	46550	57265	70962	54823	51517	59759	74182	59570	59276	61068	69190	78335	67603
70497	59211	68039	34123	52782	45604	52606	56642	57146	70692	88908	83437	89648	57263	99110	101581	52830
61684	58998	49946	28674	47000	38635	45859	41675	45320	48319	46789	51193	54925	62730	70679	67117	63279
51676	51290	33013	34472	40288	41095	43631	48850	47214	48273	54291	74030	68724	74700	85967	78045	94415
53627	67691	55658	28416	39563	41883	46346	34809	48319	36021	44204	56503	60467	64765	65807	61991	63188
40593	50228	48577	31803	44072	33255	47782	48787	46272	50349	48919	58998	59587	50531	69939	60920	54019
43552	41279	42379	31999	38915	36106	56036	42964	45520	44771	58243	51451	51302	48444	48313	37822	46454
40154	42537	48851	28367	41794	36674	44907	41526	36099	42249	48625	44188	43628	53174	43135	43668	56331
33037	46561	46850	37936	42244	51680	48776	50230	52507	59853	68190	71342	87219	75443	68633	70720	85658
44420	42379	47386	32153	35555	43744	41108	40657	45024	43171	48641	57152	60163	52677	58770	56851	52250
40059	31979	36877	31323	36786	36962	37493	37190	42634	40495	43208	54069	52474	64362	58046	44912	64104
42386	42490	47050	38527	48785	45148	54663	47689	39402	56658	59190	65189	70125	60934	62609	50837	71953
42781	46763	49035	33822	42413	40376	53216	38759	37443	41202	45223	46298	46700	48835	54020	48111	51567
54668	78833	67603	31324	50597	47121	51390	39084	39276	48261	48205	55982	49596	56078	62605	69922	66042
55012	71452	60728	36391	44443	48360	48498	41998	44507	46257	54945	51398	47159	55511	52158	63230	64775
50930	66934	78090	33573	58295	53202	54619	43321	43939	42708	59916	45270	46278	47303	50883	60735	46671
61794	56707	70982	30427	65619	44593	58453	41571	38789	36143	50524	50355	52018	44516	66455	84210	53392
71602	71452	91941	37159	76764	66416	83033	42826	42011	50555	85756	40235	41445	46346	48486	68252	48838
59014	62404	72380	35601	60196	56750	65039	40125	36997	46507	68166	41521	38880	46087	48245	54798	43914
49785	60723	63699	30126	46578	52647	54587	35795	38128	46447	58517	36962	35938	41167	41748	44617	35227
43209	52625	53807	29336	42851	42879	45829	40002	41721	43449	47162	41186	46348	43358	47079	39564	34451
45333	36667	41667	28000	36667	38000	43000	39333	45667	44333	44333	49333	48667	45667	59333	57333	36667
