 291                191                 194.6667            194.6667            194.6667            0 
 290.95             193                 194.6859            194.6859            194.6859           -1.685867 
 290.9              174                 194.7051            194.7051            194.7051           -20.70506 
 290.85             210                 194.7242            194.7242            194.7242            15.27576 
 290.8              197                 194.7434            194.7434            194.7434            2.256561 
 290.75             193                 194.7626            194.7626            194.7626           -1.762634 
 290.7              174                 194.7818            194.7818            194.7818           -20.78183 
 290.65             213                 194.801             194.801             194.801             18.19899 
 290.6              198                 194.8202            194.8202            194.8202            3.179794 
 290.55             209                 194.8394            194.8394            194.8394            14.1606 
 290.5              172                 194.8586            194.8586            194.8586           -22.8586 
 290.45             185                 194.8778            194.8778            194.8778           -9.877777 
 290.4              201                 194.897             194.897             194.897             6.103027 
 290.35             208                 194.9162            194.9162            194.9162            13.08383 
 290.3              209                 194.9354            194.9354            194.9354            14.06464 
 290.25             205                 194.9545            194.9545            194.9545            10.04546 
 290.2              174                 194.9737            194.9737            194.9737           -20.97374 
 290.15             204                 194.9929            194.9929            194.9929            9.007065 
 290.1              197                 195.0121            195.0121            195.0121            1.987869 
 290.05             189                 195.0313            195.0313            195.0313           -6.031311 
 290                206                 195.0505            195.0505            195.0505            10.94949 
 289.95             176                 195.0697            195.0697            195.0697           -19.0697 
 289.9              176                 195.0889            195.0889            195.0889           -19.0889 
 289.85             207                 195.1081            195.1081            195.1081            11.89192 
 289.8              173                 195.1273            195.1273            195.1273           -22.12727 
 289.75             202                 195.1465            195.1465            195.1465            6.853531 
 289.7              211                 195.1657            195.1657            195.1657            15.83434 
 289.65             204                 195.1848            195.1848            195.1848            8.815155 
 289.6              186                 195.204             195.204             195.204            -9.204041 
 289.55             178                 195.2232            195.2232            195.2232           -17.22324 
 289.5              188                 195.2424            195.2424            195.2424           -7.242432 
 289.45             198                 195.2616            195.2616            195.2616            2.738373 
 289.4              177                 195.2808            195.2808            195.2808           -18.28081 
 289.35             204                 195.3               195.3               195.3               8.699997 
 289.3              195                 195.3192            195.3192            195.3192           -0.3191986 
 289.25             217                 195.3384            195.3384            195.3384            21.66161 
 289.2              181                 195.3576            195.3576            195.3576           -14.35757 
 289.15             186                 195.3768            195.3768            195.3768           -9.37677 
 289.1              167                 195.396             195.396             195.396            -28.39597 
 289.05             192                 195.4152            195.4152            195.4152           -3.415161 
 289                216                 195.4343            195.4343            195.4343            20.56566 
 288.95             192                 195.4535            195.4535            195.4535           -3.453537 
 288.9              208                 195.4727            195.4727            195.4727            12.52727 
 288.85             206                 195.4919            195.4919            195.4919            10.50806 
 288.8              164                 195.5111            195.5111            195.5111           -31.51112 
 288.75             184                 195.5303            195.5303            195.5303           -11.53032 
 288.7              197                 195.5495            195.5495            195.5495            1.450485 
 288.65             208                 195.5687            195.5687            195.5687            12.43127 
 288.6              181                 195.5879            195.5879            195.5879           -14.58792 
 288.55             201                 195.6071            195.6071            195.6071            5.392868 
 288.5              236                 195.6263            195.6263            195.6263            40.37366 
 288.45             187                 195.6456            195.6455            195.6456           -8.645584 
 288.4              206                 195.6648            195.6646            195.6648            10.33521 
 288.35             217                 195.6841            195.6838            195.6841            21.31595 
 288.3              227                 195.7033            195.703             195.7033            31.29668 
 288.25             202                 195.7226            195.7222            195.7226            6.277374 
 288.2              231                 195.742             195.7414            195.742             35.25803 
 288.15             222                 195.7613            195.7606            195.7613            26.23866 
 288.1              211                 195.7808            195.7798            195.7808            15.21922 
 288.05             201                 195.8003            195.799             195.8003            5.199692 
 288                199                 195.8199            195.8182            195.8199            3.180054 
 287.95             236                 195.8397            195.8374            195.8397            40.16029 
 287.9              202                 195.8597            195.8566            195.8597            6.140335 
 287.85             230                 195.8799            195.8758            195.8799            34.12015 
 287.8              216                 195.9003            195.895             195.9003            20.09967 
 287.75             214                 195.9212            195.9141            195.9212            18.07884 
 287.7              232                 195.9425            195.9333            195.9425            36.05751 
 287.65             201                 195.9644            195.9525            195.9644            5.035568 
 287.6              202                 195.9871            195.9717            195.9871            6.012863 
 287.55             205                 196.0108            195.9909            196.0108            8.989212 
 287.5              190                 196.0356            196.0101            196.0356           -6.035645 
 287.45             178                 196.062             196.0293            196.062            -18.06198 
 287.4              193                 196.0902            196.0485            196.0902           -3.090179 
 287.35             200                 196.1206            196.0677            196.1206            3.879379 
 287.3              199                 196.1539            196.0869            196.1539            2.846115 
 287.25             212                 196.1906            196.1061            196.1906            15.80945 
 287.2              192                 196.2314            196.1253            196.2314           -4.231384 
 287.15             192                 196.2773            196.1444            196.2773           -4.277252 
 287.1              219                 196.3292            196.1636            196.3292            22.67081 
 287.05             202                 196.3885            196.1828            196.3885            5.611542 
 287                198                 196.4564            196.202             196.4564            1.543564 
 286.95             211                 196.5348            196.2212            196.5348            14.46521 
 286.9              196                 196.6255            196.2404            196.6255           -0.6255035 
 286.85             199                 196.7307            196.2596            196.7307            2.269287 
 286.8              205                 196.853             196.2788            196.853             8.146988 
 286.75             230                 196.9952            196.298             196.9952            33.00482 
 286.7              216                 197.1605            196.3172            197.1605            18.83954 
 286.65             183                 197.3527            196.3364            197.3527           -14.35268 
 286.6              190                 197.5756            196.3556            197.5756           -7.575638 
 286.55             212                 197.8341            196.3748            197.8341            14.16591 
 286.5              225                 198.1327            196.3939            198.1327            26.86728 
 286.45             213                 198.4771            196.4131            198.4771            14.52293 
 286.4              191                 198.8733            196.4323            198.8733           -7.87326 
 286.35             222                 199.3272            196.4515            199.3272            22.67284 
 286.3              190                 199.8461            196.4707            199.8461           -9.846054 
 286.25             211                 200.4365            196.4899            200.4365            10.56349 
 286.2              193                 201.1063            196.5091            201.1063           -8.106308 
 286.15             214                 201.8637            196.5283            201.8637            12.13631 
 286.1              220                 202.7158            196.5475            202.7158            17.28424 
 286.05             215                 203.6716            196.5667            203.6716            11.32837 
 286                223                 204.7383            196.5859            204.7383            18.26172 
 285.95             222                 205.9242            196.6051            205.9242            16.07582 
 285.9              215                 207.2378            196.6242            207.2378            7.762192 
 285.85             216                 208.6848            196.6434            208.6848            7.31517 
 285.8              214                 210.2736            196.6626            210.2736            3.72641 
 285.75             205                 212.0079            196.6818            212.0079           -7.007919 
 285.7              214                 213.8935            196.701             213.8935            0.1065216 
 285.65             207                 215.9351            196.7202            215.9351           -8.93512 
 285.6              226                 218.1324            196.7394            218.1324            7.867554 
 285.55             222                 220.4886            196.7586            220.4886            1.511414 
 285.5              210                 222.9994            196.7778            222.9994           -12.99936 
 285.45             221                 225.6628            196.797             225.6628           -4.662827 
 285.4              242                 228.4752            196.8162            228.4752            13.52478 
 285.35             238                 231.4254            196.8354            231.4254            6.574646 
 285.3              234                 234.5067            196.8546            234.5067           -0.5066528 
 285.25             236                 237.7028            196.8737            237.7028           -1.702759 
 285.2              233                 241.0005            196.8929            241.0005           -8.000488 
 285.15             237                 244.3844            196.9121            244.3844           -7.384399 
 285.1              248                 247.8305            196.9313            247.8305            0.1694641 
 285.05             246                 251.321             196.9505            251.321            -5.320999 
 285                218                 254.8275            196.9697            254.8275           -36.82747 
 284.95             222                 258.3261            196.9889            258.3261           -36.32611 
 284.9              218                 261.7916            197.0081            261.7916           -43.79163 
 284.85             259                 265.1911            197.0273            265.1911           -6.191132 
 284.8              252                 268.4994            197.0465            268.4994           -16.49939 
 284.75             250                 271.6825            197.0657            271.6825           -21.6825 
 284.7              268                 274.7127            197.0849            274.7127           -6.712738 
 284.65             278                 277.5625            197.104             277.5625            0.4375 
 284.6              268                 280.2001            197.1232            280.2001           -12.20007 
 284.55             262                 282.6017            197.1424            282.6017           -20.60168 
 284.5              300                 284.7395            197.1616            284.7395            15.2605 
 284.45             272                 286.5924            197.1808            286.5924           -14.59241 
 284.4              286                 288.1414            197.2               288.1414           -2.141357 
 284.35             326                 289.3677            197.2192            289.3677            36.63232 
 284.3              326                 290.2593            197.2384            290.2593            35.74066 
 284.25             314                 290.8056            197.2576            290.8056            23.1944 
 284.2              291                 291.0012            197.2768            291.0012           -1.159668E-03 
 284.15             263                 290.8438            197.296             290.8438           -27.84378 
 284.1              311                 290.3357            197.3152            290.3357            20.66431 
 284.05             275                 289.4822            197.3344            289.4822           -14.48218 
 284                310                 288.2941            197.3535            288.2941            21.70593 
 283.95             293                 286.7843            197.3727            286.7843            6.215668 
 283.9              311                 284.9686            197.3919            284.9686            26.0314 
 283.85             270                 282.869             197.4111            282.869            -12.86902 
 283.8              267                 280.5056            197.4303            280.5056           -13.50562 
 283.75             274                 277.9063            197.4495            277.9063           -3.906311 
 283.7              304                 275.0966            197.4687            275.0966            28.90344 
 283.65             274                 272.1028            197.4879            272.1028            1.897156 
 283.6              294                 268.958             197.5071            268.958             25.04199 
 283.55             282                 265.6881            197.5263            265.6881            16.31189 
 283.5              262                 262.3269            197.5455            262.3269           -0.3269043 
 283.45             281                 258.9019            197.5647            258.9019            22.09811 
 283.4              262                 255.4395            197.5838            255.4395            6.560532 
 283.35             258                 251.9714            197.603             251.9714            6.028595 
 283.3              273                 248.5193            197.6222            248.5193            24.48067 
 283.25             291                 245.1116            197.6414            245.1116            45.88838 
 283.2              252                 241.7682            197.6606            241.7682            10.23184 
 283.15             247                 238.5069            197.6798            238.5069            8.493149 
 283.1              232                 235.3492            197.699             235.3492           -3.349182 
 283.05             234                 232.3064            197.7182            232.3064            1.693634 
 283                253                 229.3947            197.7374            229.3947            23.60533 
 282.95             241                 226.6224            197.7566            226.6224            14.37758 
 282.9              231                 223.9958            197.7758            223.9958            7.004211 
 282.85             210                 221.5235            197.795             221.5235           -11.52348 
 282.8              241                 219.2058            197.8141            219.2058            21.7942 
 282.75             231                 217.047             197.8333            217.047             13.95303 
 282.7              208                 215.045             197.8525            215.045            -7.044998 
 282.65             222                 213.1967            197.8717            213.1967            8.803284 
 282.6              226                 211.5009            197.8909            211.5009            14.49913 
 282.55             203                 209.9506            197.9101            209.9506           -6.950592 
 282.5              197                 208.542             197.9293            208.542            -11.54204 
 282.45             196                 207.2676            197.9485            207.2676           -11.26761 
 282.4              191                 206.1194            197.9677            206.1194           -15.11943 
 282.35             185                 205.0912            197.9869            205.0912           -20.09123 
 282.3              224                 204.1738            198.0061            204.1738            19.8262 
 282.25             204                 203.3602            198.0253            203.3602            0.6398315 
 282.2              201                 202.6417            198.0444            202.6417           -1.641663 
 282.15             152                 202.0099            198.0636            202.0099           -50.00987 
 282.1              190                 201.4578            198.0828            201.4578           -11.45784 
 282.05             206                 200.9774            198.102             200.9774            5.022629 
 282                179                 200.5619            198.1212            200.5619           -21.5619 
 281.95             203                 200.2043            198.1404            200.2043            2.79567 
 281.9              206                 199.8982            198.1596            199.8982            6.101807 
 281.85             215                 199.638             198.1788            199.638             15.36203 
 281.8              191                 199.4179            198.198             199.4179           -8.417923 
 281.75             175                 199.2334            198.2172            199.2334           -24.23335 
 281.7              201                 199.0797            198.2364            199.0797            1.920349 
 281.65             196                 198.9527            198.2556            198.9527           -2.952652 
 281.6              185                 198.8489            198.2747            198.8489           -13.84891 
 281.55             186                 198.765             198.2939            198.765            -12.76498 
 281.5              172                 198.6982            198.3131            198.6982           -26.69818 
 281.45             196                 198.6459            198.3323            198.6459           -2.645905 
 281.4              211                 198.6059            198.3515            198.6059            12.3941 
 281.35             190                 198.5763            198.3707            198.5763           -8.576294 
 281.3              177                 198.5554            198.3899            198.5554           -21.55542 
 281.25             219                 198.5419            198.4091            198.5419            20.45813 
 281.2              198                 198.5344            198.4283            198.5344           -0.5344086 
 281.15             185                 198.532             198.4475            198.532            -13.53195 
 281.1              186                 198.5337            198.4667            198.5337           -12.53366 
 281.05             196                 198.5388            198.4859            198.5388           -2.538788 
 281                181                 198.5467            198.5051            198.5467           -17.54672 
 280.95             209                 198.5569            198.5242            198.5569            10.44307 
 280.9              177                 198.569             198.5434            198.569            -21.56895 
 280.85             186                 198.5825            198.5626            198.5825           -12.58249 
 280.8              180                 198.5972            198.5818            198.5972           -18.59723 
 280.75             208                 198.6129            198.601             198.6129            9.387085 
 280.7              193                 198.6293            198.6202            198.6293           -5.629349 
 280.65             212                 198.6464            198.6394            198.6464            13.35359 
 280.6              206                 198.664             198.6586            198.664             7.336044 
 280.55             215                 198.6819            198.6778            198.6819            16.31815 
 280.5              199                 198.7001            198.697             198.7001            0.299942 
 280.45             208                 198.7185            198.7162            198.7185            9.281509 
 280.4              196                 198.7371            198.7354            198.7371           -2.737106 
 280.35             181                 198.7559            198.7545            198.7559           -17.75586 
 280.3              190                 198.7747            198.7737            198.7747           -8.774704 
 280.25             189                 198.7937            198.7929            198.7937           -9.793655 
 280.2              203                 198.8127            198.8121            198.8127            4.187332 
 280.15             195                 198.8317            198.8313            198.8317           -3.831711 
 280.1              188                 198.8508            198.8505            198.8508           -10.85078 
 280.05             192                 198.8699            198.8697            198.8699           -6.869904 
 280                225                 198.889             198.8889            198.889            -1.525879E-04 