 536                226                 229.2255            229.2222            229.2255           -3.311157E-03 
 535.95             232                 229.2204            229.216             229.2204            2.779648 
 535.9              252                 229.2155            229.2099            229.2155            22.78455 
 535.85             227                 229.2109            229.2037            229.2109           -2.210892 
 535.8              235                 229.2068            229.1975            229.2068            5.793213 
 535.75             211                 229.2032            229.1914            229.2032           -18.20323 
 535.7              250                 229.2004            229.1852            229.2004            20.79962 
 535.65             245                 229.1984            229.179             229.1984            15.80161 
 535.6              184                 229.1975            229.1729            229.1975           -45.19751 
 535.55             233                 229.198             229.1667            229.198             3.802048 
 535.5              221                 229.2001            229.1605            229.2001           -8.200089 
 535.45             221                 229.2043            229.1543            229.2043           -8.204254 
 535.4              231                 229.211             229.1481            229.211             1.789047 
 535.35             195                 229.2208            229.142             229.2208           -34.22079 
 535.3              218                 229.2344            229.1358            229.2344           -11.23438 
 535.25             211                 229.2526            229.1296            229.2526           -18.25259 
 535.2              212                 229.2764            229.1235            229.2764           -17.27638 
 535.15             224                 229.3069            229.1173            229.3069           -5.306946 
 535.1              250                 229.3457            229.1111            229.3457            20.65428 
 535.05             229                 229.3943            229.1049            229.3943           -0.3942566 
 535                259                 229.4545            229.0988            229.4545            29.54547 
 534.95             212                 229.5288            229.0926            229.5288           -17.52882 
 534.9              187                 229.6198            229.0864            229.6198           -42.61981 
 534.85             248                 229.7307            229.0802            229.7307            18.26927 
 534.8              238                 229.8649            229.0741            229.8649            8.135056 
 534.75             234                 230.0267            229.0679            230.0267            3.973297 
 534.7              216                 230.2208            229.0617            230.2208           -14.22084 
 534.65             264                 230.4529            229.0556            230.4529            33.54715 
 534.6              222                 230.7294            229.0494            230.7294           -8.729416 
 534.55             223                 231.057             229.0432            231.057            -8.056976 
 534.5              251                 231.444             229.037             231.444             19.55598 
 534.45             219                 231.8997            229.0309            231.8997           -12.89966 
 534.4              233                 232.4342            229.0247            232.4342            0.5657501 
 534.35             247                 233.0601            229.0185            233.0601            13.93993 
 534.3              253                 233.7885            229.0123            233.7885            19.21152 
 534.25             265                 234.6344            229.0062            234.6344            30.36559 
 534.2              214                 235.6136            229                 235.6136           -21.61356 
 534.15             270                 236.7432            228.9938            236.7432            33.25684 
 534.1              254                 238.0438            228.9877            238.0438            15.95622 
 534.05             255                 239.5327            228.9815            239.5327            15.46725 
 534                251                 241.2337            228.9753            241.2337            9.766312 
 533.95             245                 243.1705            228.9691            243.1705            1.829514 
 533.9              265                 245.3686            228.963             245.3686            19.63144 
 533.85             247                 247.8583            228.9568            247.8583           -0.8583069 
 533.8              268                 250.6622            228.9506            250.6622            17.33778 
 533.75             294                 253.8132            228.9445            253.8132            40.18678 
 533.7              269                 257.3425            228.9383            257.3425            11.65747 
 533.65             270                 261.2825            228.9321            261.2825            8.717499 
 533.6              285                 265.6719            228.9259            265.6719            19.32806 
 533.55             310                 270.5337            228.9198            270.5337            39.46631 
 533.5              265                 275.9067            228.9136            275.9067           -10.90674 
 533.45             313                 281.8247            228.9074            281.8247            31.17532 
 533.4              315                 288.3205            228.9012            288.3205            26.6795 
 533.35             302                 295.4352            228.8951            295.4352            6.56485 
 533.3              293                 303.1815            228.8889            303.1815           -10.18152 
 533.25             334                 311.5959            228.8827            311.5959            22.40405 
 533.2              300                 320.7037            228.8766            320.7037           -20.70374 
 533.15             345                 330.5267            228.8704            330.5267            14.4733 
 533.1              347                 341.0961            228.8642            341.0961            5.9039 
 533.05             381                 352.3993            228.858             352.3993            28.60068 
 533                377                 364.4566            228.8519            364.4566            12.5434 
 532.95             361                 377.2698            228.8457            377.2698           -16.26984 
 532.9              344                 390.8344            228.8395            390.8344           -46.83441 
 532.85             411                 405.1564            228.8333            405.1564            5.843567 
 532.8              386                 420.1815            228.8272            420.1815           -34.18152 
 532.75             420                 435.8993            228.821             435.8993           -15.89926 
 532.7              466                 452.2737            228.8148            452.2737            13.72626 
 532.65             465                 469.2604            228.8087            469.2604           -4.260376 
 532.6              455                 486.8274            228.8025            486.8274           -31.82739 
 532.55             494                 504.8695            228.7963            504.8695           -10.86951 
 532.5              473                 523.3367            228.7901            523.3367           -50.33667 
 532.45             511                 542.149             228.784             542.149            -31.14899 
 532.4              517                 561.2184            228.7778            561.2184           -44.21844 
 532.35             553                 580.4728            228.7716            580.4728           -27.47278 
 532.3              595                 599.762             228.7654            599.762            -4.762024 
 532.25             642                 619.0003            228.7593            619.0003            22.99969 
 532.2              624                 638.0732            228.7531            638.0732           -14.07318 
 532.15             636                 656.8616            228.7469            656.8616           -20.86157 
 532.1              681                 675.2656            228.7408            675.2656            5.734375 
 532.05             721                 693.1164            228.7346            693.1164            27.88361 
 532                685                 710.3121            228.7284            710.3121           -25.31207 
 531.95             751                 726.729             228.7222            726.729             24.271 
 531.9              755                 742.246             228.716             742.246             12.75397 
 531.85             823                 756.7626            228.7099            756.7626            66.23737 
 531.8              804                 770.1311            228.7037            770.1311            33.8689 
 531.75             816                 782.2646            228.6975            782.2646            33.73535 
 531.7              783                 793.0656            228.6914            793.0656           -10.06561 
 531.65             800                 802.4464            228.6852            802.4464           -2.44635 
 531.6              838                 810.3382            228.679             810.3382            27.6618 
 531.55             856                 816.6562            228.6729            816.6562            39.34381 
 531.5              845                 821.3578            228.6667            821.3578            23.64221 
 531.45             878                 824.4033            228.6605            824.4033            53.59668 
 531.4              821                 825.767             228.6543            825.767            -4.766968 
 531.35             806                 825.4354            228.6481            825.4354           -19.43542 
 531.3              841                 823.4125            228.642             823.4125            17.58752 
 531.25             847                 819.7159            228.6358            819.7159            27.28412 
 531.2              828                 814.3768            228.6296            814.3768            13.62323 
 531.15             826                 807.4401            228.6235            807.4401            18.55988 
 531.1              846                 798.9526            228.6173            798.9526            47.04736 
 531.05             794                 789.0052            228.6111            789.0052            4.994751 
 531                793                 777.6702            228.6049            777.6702            15.32983 
 530.95             712                 765.0388            228.5988            765.0388           -53.03882 
 530.9              737                 751.212             228.5926            751.212            -14.21198 
 530.85             745                 736.2788            228.5864            736.2788            8.721191 
 530.8              693                 720.3903            228.5802            720.3903           -27.39032 
 530.75             706                 703.648             228.5741            703.648             2.35199 
 530.7              678                 686.1741            228.5679            686.1741           -8.174133 
 530.65             672                 668.0929            228.5617            668.0929            3.907104 
 530.6              614                 649.5058            228.5556            649.5058           -35.5058 
 530.55             609                 630.5817            228.5494            630.5817           -21.58173 
 530.5              556                 611.4193            228.5432            611.4193           -55.41925 
 530.45             574                 592.1358            228.537             592.1358           -18.1358 
 530.4              563                 572.844             228.5309            572.844            -9.843994 
 530.35             549                 553.6274            228.5247            553.6274           -4.62738 
 530.3              506                 534.6333            228.5185            534.6333           -28.6333 
 530.25             495                 515.931             228.5123            515.931            -20.93097 
 530.2              505                 497.6055            228.5062            497.6055            7.394531 
 530.15             491                 479.7333            228.5               479.7333            11.26672 
 530.1              427                 462.3615            228.4938            462.3615           -35.36145 
 530.05             445                 445.5913            228.4877            445.5913           -0.5913391 
 530                427                 429.4515            228.4815            429.4515           -2.451538 
 529.95             429                 413.9832            228.4753            413.9832            15.01678 
 529.9              448                 399.2191            228.4691            399.2191            48.78094 
 529.85             365                 385.1667            228.463             385.1667           -20.16669 
 529.8              367                 371.8768            228.4568            371.8768           -4.876831 
 529.75             353                 359.3409            228.4506            359.3409           -6.340881 
 529.7              393                 347.5609            228.4444            347.5609            45.43906 
 529.65             353                 336.5327            228.4383            336.5327            16.46725 
 529.6              334                 326.2342            228.4321            326.2342            7.765808 
 529.55             311                 316.6754            228.4259            316.6754           -5.675415 
 529.5              317                 307.8239            228.4198            307.8239            9.176086 
 529.45             298                 299.6564            228.4136            299.6564           -1.656433 
 529.4              296                 292.1465            228.4074            292.1465            3.853455 
 529.35             298                 285.2573            228.4012            285.2573            12.74268 
 529.3              303                 278.9745            228.3951            278.9745            24.02545 
 529.25             257                 273.2571            228.3889            273.2571           -16.25708 
 529.2              278                 268.0717            228.3827            268.0717            9.928284 
 529.15             269                 263.3846            228.3765            263.3846            5.615356 
 529.1              281                 259.1572            228.3704            259.1572            21.84277 
 529.05             257                 255.3662            228.3642            255.3662            1.633789 
 529                287                 251.9734            228.358             251.9734            35.02664 
 528.95             246                 248.9467            228.3519            248.9467           -2.946716 
 528.9              275                 246.2555            228.3457            246.2555            28.74451 
 528.85             238                 243.8674            228.3395            243.8674           -5.867432 
 528.8              252                 241.7603            228.3333            241.7603            10.2397 
 528.75             276                 239.9045            228.3272            239.9045            36.09549 
 528.7              231                 238.2752            228.321             238.2752           -7.275223 
 528.65             283                 236.8492            228.3148            236.8492            46.15079 
 528.6              232                 235.6036            228.3086            235.6036           -3.603561 
 528.55             252                 234.5215            228.3025            234.5215            17.47855 
 528.5              218                 233.583             228.2963            233.583            -15.58298 
 528.45             216                 232.7715            228.2901            232.7715           -16.77155 
 528.4              246                 232.072             228.284             232.072             13.92801 
 528.35             230                 231.47              228.2778            231.47             -1.469971 
 528.3              249                 230.9546            228.2716            230.9546            18.04539 
 528.25             222                 230.5141            228.2654            230.5141           -8.514069 
 528.2              229                 230.1385            228.2593            230.1385           -1.138504 
 528.15             209                 229.8192            228.2531            229.8192           -20.81918 
 528.1              233                 229.548             228.2469            229.548             3.451965 
 528.05             227                 229.3189            228.2407            229.3189           -2.318893 
 528                240                 229.1254            228.2346            229.1254            10.87456 
 527.95             232                 228.9624            228.2284            228.9624            3.037582 
 527.9              208                 228.8253            228.2222            228.8253           -20.82532 
 527.85             218                 228.71              228.216             228.71             -10.71002 
 527.8              231                 228.6134            228.2099            228.6134            2.386566 
 527.75             240                 228.5325            228.2037            228.5325            11.46754 
 527.7              215                 228.4646            228.1975            228.4646           -13.4646 
 527.65             234                 228.4077            228.1914            228.4077            5.592316 
 527.6              230                 228.3599            228.1852            228.3599            1.640121 
 527.55             255                 228.3197            228.179             228.3197            26.68028 
 527.5              239                 228.2858            228.1728            228.2858            10.71416 
 527.45             213                 228.2572            228.1667            228.2572           -15.25717 
 527.4              229                 228.2328            228.1605            228.2328            0.7672424 
 527.35             210                 228.2119            228.1543            228.2119           -18.21187 
 527.3              205                 228.1938            228.1481            228.1938           -23.19383 
 527.25             221                 228.1782            228.142             228.1782           -7.178162 
 527.2              228                 228.1644            228.1358            228.1644           -0.1643677 
 527.15             222                 228.1521            228.1296            228.1521           -6.15213 
 527.1              208                 228.1411            228.1235            228.1411           -20.14111 
 527.05             264                 228.1311            228.1173            228.1311            35.86888 
 527                238                 228.1219            228.1111            228.1219           -1.078796E-02 